120.083 47.835 
130.256 41.2305 
140.421 58.1717 
150.587 52.3254 
160.74 52.2963 
170.89 9.56408 
181.135 46.3479 
191.36 9.56408 
201.565 9.56408 
211.714 9.56408 
221.94 9.56408 
232.092 9.56408 
242.478 9.56408 
252.626 9.56408 
263.682 9.56408 
274.24 9.56408 
284.406 9.56408 
294.705 9.56408 
305.018 9.56408 
315.157 9.56408 
325.349 9.56408 
335.567 9.56408 
345.707 9.56408 
355.907 9.56408 
366.06 9.56408 
376.612 9.56408 
386.755 9.56408 
397.071 9.56408 
407.287 9.56408 
417.56 9.56408 
