118.734 120.673 1.18578
120.673 121.861 0.832916
121.696 122.695 1.00828
122.72 123.704 1.34881
123.744 125.054 1.05437
124.768 126.112 0.973138
125.79 127.086 0.971272
126.813 128.058 0.791947
127.838 128.851 0.69252
128.861 129.544 0.878626
129.882 130.424 1.09199
130.902 131.517 1.15135
131.925 132.669 1.50838
132.948 134.178 0.498373
133.971 134.678 0.906288
134.993 136.243 1.17789
136.243 137.422 1.10823
137.264 138.531 1.17528
138.285 139.707 0.94224
139.306 140.65 1.31645
140.327 141.968 0.875457
141.35 142.844 0.648489
142.371 148.784 0.796774
148.784 154.529 0.590947
154.529 163.284 1.23079
163.284 171.247 0.924895
171.246 179.022 0.860663
179.022 179.884 0.693406
180.042 180.851 0.580577
181.062 181.433 1.12066
182.082 182.554 0.821776
183.103 183.377 0.876382
184.125 184.296 0.609749
185.146 185.417 0.772841
186.168 186.852 0.662258
187.191 187.515 1.12327
188.212 188.639 0.800598
189.232 189.481 0.678697
190.253 190.913 0.780078
191.274 191.969 0.663057
192.307 193.011 0.679255
193.329 193.692 0.65303
194.349 194.587 1.40605
195.377 196.049 0.865855
196.399 201.518 0.632009
201.517 202.151 1.18976
202.537 208.286 0.914633
208.285 214.296 0.951105
214.295 215.248 0.860923
215.41 221.354 1.04898
221.354 222.404 1.20548
222.407 228.107 0.731029
228.107 233.924 1.15472
233.923 240.162 1.01256
240.162 241.176 0.929154
241.181 242.106 0.888033
242.203 243.022 0.994841
243.225 244.066 0.956703
244.246 245.024 0.56787
245.273 246.056 0.783501
246.293 247.072 0.815403
247.327 247.888 0.605035
248.351 248.602 1.18763
249.374 249.791 0.929719
250.408 251.076 0.878536
251.428 257.992 0.863722
257.992 258.857 0.564295
259.019 259.71 0.977817
260.039 260.688 0.905495
261.064 261.595 0.829969
262.09 262.426 1.14702
263.11 263.575 0.798886
264.132 270.62 1.2686
270.62 271.89 0.831885
271.659 277.397 1.02068
277.397 283.497 1.19438
283.497 284.693 0.846875
284.518 285.541 1.11732
285.538 286.659 0.590451
286.559 294.345 1.04536
294.344 301.088 0.983401
301.096 307.231 0.616721
307.231 314.441 1.50626
314.441 319.888 0.648004
319.888 326.637 0.887355
326.637 333.317 0.871237
333.317 340.199 0.719019
340.199 347.79 1.54721
347.79 349.338 0.774839
348.811 350.114 0.581535
349.832 350.697 1.3399
350.853 352.037 0.723831
351.874 352.762 0.893244
352.895 353.656 0.717063
353.919 361.127 0.892722
361.127 362.021 0.772482
362.152 363.071 1.00312
363.176 364.136 0.858184
364.197 371.482 0.921037
371.482 379.264 1.60326
379.264 387.43 0.982029
387.429 388.413 1.2319
388.449 389.646 0.967344
389.469 390.614 0.791164
390.489 391.406 0.680444
391.509 392.088 0.817087
392.53 392.906 0.89814
393.551 393.805 0.881342
394.572 394.804 0.666108
395.595 395.817 1.16032
396.616 396.978 1.20544
397.636 398.185 0.88559
398.656 399.071 1.00216
399.678 404.253 0.856738
404.253 409.999 0.568304
409.999 416.555 0.970505
416.555 423.35 0.874898
423.35 424.226 0.780859
424.37 431.163 0.768325
431.163 432.457 0.450649
432.457 436.843 0.916386
436.844 444.229 0.674423
444.228 444.904 0.614077
445.25 446.06 0.944581
446.272 449.829 0.806858
449.829 450.636 1.42185
450.85 452.059 0.731447
451.871 452.791 1.35699
452.893 454.149 0.605497
453.913 454.755 1.00926
454.935 455.765 1.19207
455.955 456.958 0.801133
456.976 457.76 1.037
457.996 458.798 0.777142
459.015 459.576 0.715862
460.037 460.293 0.567948
461.056 467.708 0.622707
467.708 468.332 0.714876
468.729 469.048 1.30357
469.749 470.352 0.613428
470.769 470.966 1.14513
471.788 472.112 0.656878
472.808 472.951 0.759767
473.828 473.987 1.24857
474.855 475.236 0.892458
475.874 476.129 1.37782
476.897 477.508 0.567968
477.917 478.123 1.09784
478.937 479.221 1.10544
479.957 480.328 0.555927
480.978 481.126 0.648369
482.002 482.157 1.19792
483.024 483.355 0.792596
484.045 484.196 0.79437
485.066 485.212 0.379953
486.088 486.243 0.661265
487.114 487.26 0.85785
488.133 488.286 0.632491
489.154 489.311 0.869557
490.18 490.331 0.696172
491.202 491.359 0.584217
492.226 492.394 0.623554
493.251 493.414 0.738351
494.279 494.43 0.456581
495.3 495.458 0.839066
496.324 496.477 1.18363
497.345 497.661 0.606611
498.367 498.525 1.166
499.394 499.692 0.922611
500.414 500.615 0.528282
501.436 501.603 0.870927
502.458 502.609 0.571672
503.478 503.629 0.470072
504.499 504.656 0.707637
505.522 505.673 1.12856
506.543 506.803 0.572831
507.564 507.722 1.02785
508.59 508.751 0.943764
509.61 509.769 0.766319
510.63 510.783 0.530866
511.655 511.808 1.10308
512.677 512.912 0.411606
513.698 513.848 0.549591
514.719 514.874 1.26315
515.742 516.139 1.09583
516.763 517.235 1.11492
517.783 518.351 0.648147
518.803 519 0.791771
519.823 519.972 1.0468
520.844 521.02 0.803285
521.864 522.019 1.19451
522.887 523.215 1.05677
523.907 524.272 0.868352
524.928 525.141 0.636913
525.949 526.113 0.487161
526.975 527.14 0.835063
527.999 528.159 1.80347
529.022 529.963 0.868031
530.043 530.832 0.831084
531.063 531.664 0.79351
