122.72 125.282 0.037126
122.72 125.319 0.030617
122.72 125.385 0.029734
122.72 125.487 0.027039
122.72 125.588 0.02564
122.72 125.689 0.02449
122.72 125.79 0.024413
122.72 125.891 0.025063
122.72 125.993 0.025207
122.72 126.094 0.023462
123.744 126.195 0.024007
123.744 126.296 0.023835
123.744 126.397 0.024455
123.744 126.498 0.024237
123.744 126.599 0.025109
123.744 126.7 0.024398
123.744 126.801 0.02539
123.744 126.903 0.024353
123.744 127.004 0.023914
124.768 127.105 0.023018
124.768 127.206 0.0236
124.768 127.307 0.023082
124.768 127.408 0.023964
124.768 127.509 0.023594
124.768 127.61 0.023512
124.768 127.711 0.02324
124.768 127.813 0.025201
124.768 127.914 0.023595
124.768 128.015 0.023362
125.79 128.116 0.024483
125.79 128.217 0.024009
125.79 128.319 0.024348
125.79 128.42 0.023533
125.79 128.521 0.023774
125.79 128.622 0.023046
125.79 128.723 0.024845
125.79 128.824 0.024205
126.813 128.925 0.023784
126.813 129.026 0.023063
126.813 129.127 0.023102
126.813 129.228 0.023484
126.813 129.329 0.022909
126.813 129.43 0.023607
126.813 129.531 0.023024
127.838 129.633 0.024914
127.838 129.734 0.022378
127.838 129.835 0.022197
127.838 129.936 0.022534
127.838 130.037 0.022844
127.838 130.138 0.024089
127.838 130.239 0.02289
127.838 130.34 0.023169
128.861 130.442 0.022119
128.861 130.543 0.022713
128.861 130.644 0.02299
128.861 130.745 0.022309
128.861 130.847 0.022552
128.861 130.948 0.022622
128.861 131.049 0.023517
128.861 131.15 0.023124
128.861 131.251 0.022801
128.861 131.353 0.023093
128.861 131.454 0.02313
129.882 131.555 0.023333
129.882 131.656 0.023176
129.882 131.757 0.02271
129.882 131.858 0.023675
129.882 131.959 0.022733
129.882 132.06 0.022751
129.882 132.162 0.022586
129.882 132.263 0.022547
129.882 132.364 0.023427
129.882 132.465 0.024858
129.882 132.566 0.023338
129.882 132.667 0.023101
130.902 132.769 0.022665
130.902 132.87 0.022827
130.902 132.971 0.022584
130.902 133.072 0.02386
130.902 133.173 0.022594
130.902 133.275 0.02287
130.902 133.376 0.023149
130.902 133.477 0.02259
130.902 133.578 0.023439
130.902 133.679 0.02262
130.902 133.781 0.022911
130.902 133.882 0.022569
130.902 133.983 0.02263
130.902 134.084 0.022501
131.925 134.185 0.022704
131.925 134.286 0.022439
131.925 134.387 0.022895
131.925 134.489 0.023237
131.925 134.59 0.022871
132.948 134.691 0.023013
132.948 134.792 0.023017
132.948 134.894 0.023154
132.948 134.995 0.02245
132.948 135.096 0.024306
132.948 135.197 0.022779
132.948 135.298 0.022943
132.948 135.4 0.023155
132.948 135.501 0.022937
133.971 135.602 0.023143
133.971 135.703 0.022331
133.971 135.805 0.022784
133.971 135.906 0.022509
133.971 136.007 0.022763
133.971 136.108 0.02259
133.971 136.209 0.022377
133.971 136.311 0.022899
133.971 136.412 0.022215
133.971 136.513 0.022206
133.971 136.614 0.022627
133.971 136.716 0.023027
133.971 136.817 0.024049
133.971 136.918 0.022519
133.971 137.019 0.022756
133.971 137.121 0.023195
133.971 137.222 0.023224
133.971 137.323 0.022943
134.993 137.424 0.023108
134.993 137.525 0.023624
134.993 137.626 0.02378
134.993 137.727 0.023839
134.993 137.829 0.023187
134.993 137.93 0.022896
134.993 138.031 0.023008
134.993 138.132 0.023145
134.993 138.233 0.022834
134.993 138.335 0.023429
134.993 138.436 0.022718
136.243 138.538 0.024177
136.243 138.639 0.022825
136.243 138.74 0.023211
136.243 138.841 0.022872
136.243 138.942 0.023204
136.243 139.044 0.023339
136.243 139.145 0.023031
136.243 139.246 0.023483
136.243 139.348 0.022971
136.243 139.449 0.023003
136.243 139.55 0.023957
136.243 139.652 0.023097
137.264 139.753 0.022749
137.264 139.854 0.023027
137.264 139.955 0.022923
137.264 140.057 0.022931
137.264 140.158 0.0229
137.264 140.259 0.023324
137.264 140.361 0.022114
137.264 140.462 0.022471
137.264 140.563 0.023644
138.285 140.664 0.022816
138.285 140.765 0.022812
138.285 140.866 0.02325
138.285 140.967 0.023043
138.285 141.069 0.023055
138.285 141.17 0.022998
138.285 141.271 0.023117
138.285 141.373 0.023439
138.285 141.474 0.023124
138.285 141.575 0.0231
138.285 141.676 0.023095
138.285 141.777 0.023158
138.285 141.878 0.023153
139.306 141.979 0.022246
139.306 142.08 0.022906
139.306 142.181 0.022858
139.306 142.283 0.023015
139.306 142.384 0.023039
139.306 142.485 0.023614
139.306 142.586 0.022429
139.306 142.687 0.023334
139.306 142.789 0.022434
140.327 142.89 0.021967
140.327 142.991 0.023181
140.327 143.092 0.022634
140.327 143.193 0.022609
140.327 143.294 0.022414
140.327 143.396 0.022649
141.35 143.496 0.022254
141.35 143.598 0.021994
141.35 143.699 0.022334
141.35 143.8 0.022779
141.35 143.901 0.022217
141.35 144.002 0.023948
141.35 144.103 0.022783
141.35 144.205 0.022187
141.35 144.306 0.022463
141.35 144.407 0.022332
141.35 144.508 0.022384
141.35 144.61 0.022529
141.35 144.711 0.022493
141.35 144.812 0.021975
141.35 144.913 0.022276
141.35 145.015 0.022413
141.35 145.116 0.021926
141.35 145.217 0.022197
141.35 145.318 0.022504
141.35 145.419 0.02274
141.35 145.521 0.02272
141.35 145.622 0.02262
141.35 145.723 0.022527
141.35 145.824 0.022612
141.35 145.926 0.022955
141.35 146.027 0.022454
141.35 146.128 0.022935
141.35 146.229 0.023344
141.35 146.33 0.022844
141.35 146.432 0.023012
141.35 146.533 0.022991
141.35 146.634 0.023018
141.35 146.735 0.022907
141.35 146.836 0.024262
141.35 146.938 0.022994
141.35 147.039 0.023772
141.35 147.14 0.023592
141.35 147.241 0.022962
141.35 147.343 0.024143
141.35 147.444 0.023076
141.35 147.545 0.023828
141.35 147.646 0.023242
141.35 147.748 0.022931
141.35 147.849 0.02304
141.35 147.95 0.022983
141.35 148.051 0.023714
141.35 148.153 0.022997
141.35 148.254 0.023347
141.35 148.355 0.022798
141.35 148.456 0.025342
141.35 148.558 0.023608
141.35 148.659 0.02333
141.35 148.76 0.022336
141.35 148.861 0.022339
141.35 148.962 0.022089
141.35 149.063 0.022383
141.35 149.165 0.023089
141.35 149.266 0.022589
141.35 149.367 0.02239
141.35 149.468 0.023018
141.35 149.569 0.022149
142.371 149.67 0.021889
142.371 149.772 0.022152
142.371 149.873 0.022199
142.371 149.974 0.022817
142.371 150.075 0.022559
142.371 150.176 0.022629
142.371 150.278 0.022149
142.371 150.379 0.022086
142.371 150.48 0.02277
142.371 150.581 0.023025
142.371 150.682 0.024053
142.371 150.783 0.022905
142.371 150.884 0.022992
142.371 150.985 0.022422
142.371 151.086 0.022502
142.371 151.188 0.022861
142.371 151.289 0.022728
142.371 151.39 0.022623
142.371 151.491 0.023035
142.371 151.592 0.022736
142.371 151.693 0.022631
142.371 151.794 0.023226
142.371 151.895 0.022693
142.371 151.996 0.022469
142.371 152.098 0.022998
142.371 152.199 0.022826
142.371 152.3 0.022815
142.371 152.401 0.022435
142.371 152.503 0.022721
142.371 152.604 0.022952
142.371 152.705 0.022151
142.371 152.806 0.022546
142.371 152.907 0.022966
142.371 153.008 0.022735
142.371 153.109 0.02265
142.371 153.21 0.022717
142.371 153.311 0.022816
142.371 153.413 0.022753
142.371 153.514 0.022252
142.371 153.615 0.02269
142.371 153.716 0.022938
142.371 153.817 0.02207
142.371 153.918 0.022685
142.371 154.02 0.022618
142.371 154.121 0.022785
142.371 154.222 0.022477
142.371 154.323 0.022567
142.371 154.424 0.022974
142.371 154.526 0.022446
142.371 154.627 0.022942
142.371 154.728 0.022555
142.371 154.829 0.022233
142.371 154.931 0.02288
142.371 155.034 0.022299
148.784 155.135 0.022281
148.784 155.237 0.022026
148.784 155.338 0.022734
148.784 155.439 0.022605
148.784 155.54 0.022303
148.784 155.642 0.022292
148.784 155.743 0.022305
148.784 155.844 0.021843
148.784 155.945 0.022244
148.784 156.047 0.022107
148.784 156.148 0.021901
148.784 156.249 0.022329
148.784 156.35 0.02252
148.784 156.452 0.022387
148.784 156.553 0.022566
148.784 156.654 0.023672
148.784 156.755 0.023645
148.784 156.856 0.023304
148.784 156.957 0.022676
148.784 157.059 0.022615
148.784 157.16 0.022865
148.784 157.261 0.022507
148.784 157.362 0.022624
148.784 157.464 0.022513
148.784 157.565 0.022527
148.784 157.666 0.023909
148.784 157.767 0.022765
148.784 157.869 0.022317
148.784 157.97 0.021889
148.784 158.071 0.02319
148.784 158.172 0.022695
148.784 158.273 0.023049
148.784 158.374 0.02269
148.784 158.476 0.023135
148.784 158.577 0.022818
148.784 158.678 0.022995
148.784 158.779 0.023043
148.784 158.881 0.023422
148.784 158.982 0.022944
148.784 159.083 0.023342
148.784 159.184 0.022923
148.784 159.286 0.023307
148.784 159.387 0.022985
148.784 159.488 0.022812
148.784 159.59 0.02334
148.784 159.691 0.024041
148.784 159.792 0.023309
148.784 159.893 0.022867
148.784 159.994 0.024067
148.784 160.096 0.02338
148.784 160.197 0.023955
148.784 160.298 0.022922
148.784 160.399 0.022959
148.784 160.501 0.025195
148.784 160.602 0.023304
148.784 160.703 0.023734
148.784 160.804 0.022728
148.784 160.906 0.023025
148.784 161.007 0.02332
148.784 161.108 0.023174
148.784 161.209 0.023246
148.784 161.31 0.023168
148.784 161.411 0.023805
148.784 161.512 0.023103
148.784 161.613 0.023164
148.784 161.714 0.023091
148.784 161.815 0.023421
148.784 161.916 0.022812
148.784 162.017 0.023227
148.784 162.119 0.023266
148.784 162.22 0.025072
148.784 162.321 0.024107
148.784 162.422 0.022937
148.784 162.523 0.023084
148.784 162.624 0.023093
148.784 162.725 0.023116
148.784 162.826 0.023062
148.784 162.927 0.022937
148.784 163.028 0.023181
148.784 163.129 0.023204
148.784 163.23 0.023149
148.784 163.331 0.02214
148.784 163.432 0.021988
148.784 163.534 0.02231
148.784 163.635 0.02261
148.784 163.736 0.022491
148.784 163.837 0.022117
148.784 163.938 0.022128
148.784 164.039 0.022515
148.784 164.14 0.022179
148.784 164.241 0.023673
148.784 164.342 0.022506
148.784 164.443 0.023682
154.529 164.544 0.021836
154.529 164.645 0.022536
154.529 164.746 0.022647
154.529 164.847 0.022494
154.529 164.948 0.022089
154.529 165.049 0.021916
154.529 165.15 0.022807
154.529 165.251 0.022255
154.529 165.352 0.021828
154.529 165.453 0.022228
154.529 165.555 0.021853
154.529 165.656 0.022189
154.529 165.757 0.022513
154.529 165.859 0.021962
154.529 165.96 0.022295
154.529 166.061 0.022726
154.529 166.163 0.022866
154.529 166.264 0.022908
154.529 166.365 0.022369
154.529 166.466 0.022752
154.529 166.568 0.022414
154.529 166.669 0.022325
154.529 166.77 0.022651
154.529 166.871 0.022923
154.529 166.973 0.023133
154.529 167.074 0.023361
154.529 167.175 0.022568
154.529 167.276 0.022763
154.529 167.378 0.022573
154.529 167.479 0.021958
154.529 167.58 0.022472
154.529 167.681 0.022786
154.529 167.783 0.022444
154.529 167.884 0.022714
154.529 167.985 0.02268
154.529 168.086 0.022748
154.529 168.188 0.02251
154.529 168.289 0.022295
154.529 168.39 0.022655
154.529 168.492 0.022821
154.529 168.593 0.022097
154.529 168.694 0.022799
154.529 168.796 0.022641
154.529 168.897 0.022424
154.529 168.998 0.022919
154.529 169.1 0.022674
154.529 169.201 0.022606
154.529 169.302 0.022267
154.529 169.403 0.022368
154.529 169.505 0.023893
154.529 169.606 0.02351
154.529 169.707 0.022602
154.529 169.809 0.022886
154.529 169.91 0.02323
154.529 170.011 0.02254
154.529 170.113 0.022955
154.529 170.214 0.022613
154.529 170.315 0.022393
154.529 170.417 0.022527
154.529 170.518 0.022287
154.529 170.619 0.022766
154.529 170.721 0.023874
154.529 170.821 0.02244
154.529 170.923 0.022174
154.529 171.025 0.022906
154.529 171.126 0.024331
154.529 171.227 0.022381
154.529 171.328 0.021892
154.529 171.43 0.022435
154.529 171.531 0.021937
154.529 171.632 0.022445
154.529 171.733 0.022382
154.529 171.834 0.022085
154.529 171.936 0.023433
154.529 172.037 0.023406
154.529 172.138 0.022245
163.284 172.239 0.021791
163.284 172.34 0.022281
163.284 172.442 0.021962
163.284 172.543 0.022139
163.284 172.644 0.022311
163.284 172.745 0.021876
163.284 172.847 0.022268
163.284 172.948 0.021844
163.284 173.049 0.022473
163.284 173.151 0.022403
163.284 173.252 0.02245
163.284 173.353 0.022219
163.284 173.454 0.022133
163.284 173.556 0.022159
163.284 173.657 0.022281
163.284 173.758 0.022345
163.284 173.86 0.022558
163.284 173.961 0.02356
163.284 174.062 0.022359
163.284 174.164 0.022799
163.284 174.265 0.022489
163.284 174.367 0.022587
163.284 174.468 0.022684
163.284 174.569 0.0226
163.284 174.67 0.02263
163.284 174.772 0.022467
163.284 174.873 0.022426
163.284 174.974 0.022472
163.284 175.076 0.022613
163.284 175.177 0.022585
163.284 175.278 0.022525
163.284 175.38 0.022471
163.284 175.481 0.022494
163.284 175.582 0.022337
163.284 175.684 0.022536
163.284 175.785 0.022393
163.284 175.886 0.023209
163.284 175.988 0.022413
163.284 176.089 0.022283
163.284 176.19 0.02255
163.284 176.292 0.022846
163.284 176.393 0.022574
163.284 176.494 0.022644
163.284 176.596 0.02246
163.284 176.697 0.022607
163.284 176.798 0.022494
163.284 176.9 0.022959
163.284 177.001 0.022535
163.284 177.102 0.02306
163.284 177.203 0.023055
163.284 177.305 0.023245
163.284 177.406 0.02269
163.284 177.507 0.022591
163.284 177.609 0.025753
163.284 177.71 0.022659
163.284 177.811 0.024716
163.284 177.913 0.023084
163.284 178.014 0.022518
163.284 178.116 0.022502
163.284 178.217 0.022949
163.284 178.318 0.022902
163.284 178.42 0.023538
163.284 178.521 0.022797
163.284 178.622 0.022452
163.284 178.723 0.022853
163.284 178.825 0.022604
163.284 178.926 0.024994
163.284 179.027 0.022829
163.284 179.128 0.025825
163.284 179.23 0.021995
163.284 179.331 0.021927
163.284 179.432 0.022647
163.284 179.533 0.022078
163.284 179.634 0.022649
163.284 179.735 0.022701
163.284 179.836 0.022459
171.246 179.937 0.022207
171.246 180.038 0.022491
171.246 180.139 0.021989
171.246 180.241 0.022317
171.246 180.342 0.022597
171.246 180.443 0.021927
171.246 180.544 0.022039
179.022 180.645 0.022267
179.022 180.747 0.022234
179.022 180.849 0.021959
179.022 180.95 0.021938
179.022 181.051 0.022881
179.022 181.153 0.022317
179.022 181.254 0.022008
179.022 181.355 0.022657
180.042 181.456 0.022316
180.042 181.557 0.02221
180.042 181.658 0.022404
180.042 181.759 0.022371
180.042 181.86 0.022062
180.042 181.961 0.023045
180.042 182.062 0.022709
180.042 182.163 0.022672
180.042 182.264 0.022008
180.042 182.365 0.022464
180.042 182.467 0.022096
181.062 182.568 0.021841
181.062 182.669 0.022163
181.062 182.77 0.022436
181.062 182.871 0.022035
181.062 182.972 0.021996
181.062 183.073 0.022468
181.062 183.174 0.022351
181.062 183.275 0.022332
181.062 183.376 0.021845
182.082 183.477 0.022523
182.082 183.578 0.02266
182.082 183.679 0.022579
182.082 183.78 0.022559
182.082 183.881 0.022691
182.082 183.982 0.02258
182.082 184.083 0.022533
182.082 184.184 0.024393
183.103 184.285 0.022555
183.103 184.386 0.022607
183.103 184.488 0.022683
183.103 184.589 0.022647
183.103 184.69 0.022807
183.103 184.791 0.022718
183.103 184.892 0.022822
184.125 184.994 0.022822
184.125 185.095 0.022405
184.125 185.196 0.022357
184.125 185.297 0.022499
184.125 185.399 0.022414
184.125 185.5 0.022116
184.125 185.601 0.022323
184.125 185.703 0.02289
184.125 185.804 0.022621
184.125 185.905 0.02261
184.125 186.007 0.022784
184.125 186.108 0.02279
185.146 186.209 0.022646
185.146 186.31 0.022492
185.146 186.411 0.022215
185.146 186.513 0.022521
185.146 186.614 0.022452
185.146 186.715 0.022696
185.146 186.816 0.022651
185.146 186.918 0.021911
185.146 187.019 0.021882
185.146 187.121 0.022731
185.146 187.222 0.022508
185.146 187.323 0.022312
185.146 187.424 0.022587
186.168 187.526 0.022634
186.168 187.627 0.022477
186.168 187.728 0.022427
186.168 187.829 0.022719
186.168 187.93 0.02262
186.168 188.031 0.02389
186.168 188.132 0.022848
186.168 188.233 0.022525
186.168 188.334 0.022452
186.168 188.435 0.022334
186.168 188.537 0.022141
186.168 188.638 0.022383
187.191 188.739 0.022315
187.191 188.84 0.022598
187.191 188.941 0.022678
187.191 189.042 0.022615
187.191 189.143 0.022341
187.191 189.244 0.022509
187.191 189.345 0.022684
188.212 189.446 0.02211
188.212 189.547 0.023357
188.212 189.649 0.022388
188.212 189.75 0.022424
188.212 189.851 0.022356
188.212 189.952 0.022397
188.212 190.053 0.022459
188.212 190.155 0.022466
189.232 190.256 0.022389
189.232 190.357 0.022419
189.232 190.458 0.022394
189.232 190.559 0.022659
189.232 190.661 0.022149
189.232 190.762 0.022265
189.232 190.863 0.022164
189.232 190.964 0.021836
189.232 191.065 0.022835
189.232 191.166 0.022167
189.232 191.268 0.022743
189.232 191.369 0.022291
189.232 191.471 0.022575
189.232 191.572 0.022749
189.232 191.673 0.022229
190.253 191.775 0.022404
190.253 191.876 0.02233
190.253 191.977 0.022318
190.253 192.078 0.022163
190.253 192.179 0.024534
190.253 192.28 0.022523
190.253 192.381 0.022361
190.253 192.482 0.022598
190.253 192.583 0.022757
191.274 192.685 0.02251
191.274 192.786 0.022837
191.274 192.887 0.022432
191.274 192.989 0.022599
191.274 193.09 0.022612
191.274 193.191 0.023014
191.274 193.292 0.02268
191.274 193.393 0.022041
191.274 193.495 0.022554
191.274 193.596 0.022193
192.307 193.697 0.022459
192.307 193.798 0.022252
192.307 193.899 0.022287
192.307 194 0.022066
192.307 194.101 0.0228
192.307 194.202 0.022593
192.307 194.303 0.022577
193.329 194.404 0.021847
193.329 194.505 0.022291
193.329 194.606 0.022104
193.329 194.708 0.021923
193.329 194.809 0.022624
193.329 194.91 0.023058
193.329 195.011 0.02266
193.329 195.112 0.02264
193.329 195.213 0.022866
193.329 195.314 0.022367
193.329 195.415 0.022478
193.329 195.516 0.022056
193.329 195.618 0.022653
193.329 195.719 0.02313
193.329 195.82 0.022347
193.329 195.921 0.022071
194.349 196.022 0.022219
194.349 196.123 0.022498
194.349 196.224 0.022575
194.349 196.325 0.022477
194.349 196.426 0.022127
194.349 196.528 0.022887
194.349 196.629 0.022076
194.349 196.73 0.022532
194.349 196.832 0.023208
195.377 196.933 0.0225
195.377 197.034 0.022621
195.377 197.135 0.022389
195.377 197.237 0.022534
195.377 197.337 0.02289
195.377 197.439 0.02243
195.377 197.54 0.022601
195.377 197.641 0.022469
195.377 197.742 0.022686
195.377 197.843 0.022158
195.377 197.945 0.022368
195.377 198.046 0.022121
195.377 198.147 0.022317
195.377 198.248 0.02245
195.377 198.349 0.02274
195.377 198.451 0.022678
195.377 198.552 0.022868
195.377 198.653 0.022898
195.377 198.755 0.022563
195.377 198.856 0.022317
195.377 198.958 0.022944
195.377 199.059 0.022577
195.377 199.16 0.022146
195.377 199.261 0.023607
195.377 199.363 0.02279
195.377 199.464 0.022747
195.377 199.565 0.022807
195.377 199.666 0.022253
195.377 199.769 0.02211
195.377 199.87 0.022485
195.377 199.971 0.022484
195.377 200.072 0.02244
195.377 200.174 0.023175
195.377 200.275 0.022569
195.377 200.376 0.021841
195.377 200.477 0.021903
195.377 200.579 0.021957
195.377 200.68 0.022417
195.377 200.781 0.021869
195.377 200.882 0.021872
195.377 200.984 0.022003
195.377 201.085 0.022197
195.377 201.186 0.022632
195.377 201.287 0.022359
195.377 201.389 0.022077
195.377 201.489 0.022181
195.377 201.593 0.021905
195.377 201.694 0.023821
195.377 201.796 0.022578
195.377 201.898 0.023695
195.377 202 0.022934
195.377 202.101 0.022877
196.399 202.202 0.022942
196.399 202.303 0.022355
196.399 202.404 0.023355
196.399 202.505 0.023044
196.399 202.606 0.02283
196.399 202.707 0.022769
196.399 202.809 0.02275
196.399 202.91 0.023065
196.399 203.011 0.022473
196.399 203.112 0.022565
196.399 203.213 0.022761
196.399 203.314 0.022714
201.517 203.416 0.022859
201.517 203.517 0.022121
201.517 203.621 0.022585
201.517 203.722 0.022443
201.517 203.824 0.022815
201.517 203.925 0.022428
201.517 204.027 0.022527
201.517 204.128 0.022578
201.517 204.229 0.022425
201.517 204.331 0.022801
201.517 204.432 0.023193
201.517 204.533 0.022108
201.517 204.634 0.022728
201.517 204.739 0.022863
201.517 204.84 0.022659
201.517 204.941 0.022456
201.517 205.042 0.022729
201.517 205.15 0.022811
201.517 205.251 0.022848
201.517 205.352 0.023208
201.517 205.453 0.022756
201.517 205.554 0.022623
201.517 205.655 0.022913
201.517 205.756 0.022733
201.517 205.857 0.022533
201.517 205.958 0.022668
201.517 206.059 0.022342
201.517 206.16 0.022655
201.517 206.261 0.022719
201.517 206.362 0.022687
201.517 206.463 0.023353
201.517 206.564 0.022524
201.517 206.665 0.022536
201.517 206.766 0.022617
201.517 206.867 0.022748
201.517 206.968 0.02291
201.517 207.069 0.023196
201.517 207.17 0.022276
201.517 207.271 0.022359
201.517 207.372 0.022015
201.517 207.473 0.021992
201.517 207.574 0.022553
201.517 207.675 0.021969
201.517 207.776 0.021988
201.517 207.877 0.022059
201.517 207.978 0.022234
201.517 208.08 0.022317
201.517 208.181 0.022393
201.517 208.282 0.021905
201.517 208.59 0.022411
201.517 208.694 0.02247
201.517 208.808 0.021817
201.517 208.921 0.022348
201.517 209.035 0.021901
201.517 209.149 0.021865
202.537 209.25 0.022334
202.537 209.351 0.022399
202.537 209.452 0.022367
202.537 209.553 0.022217
202.537 209.654 0.022433
202.537 209.754 0.02241
202.537 209.855 0.022524
202.537 209.957 0.022515
202.537 210.057 0.022405
202.537 210.159 0.022417
202.537 210.26 0.022241
202.537 210.361 0.022387
202.537 210.462 0.022335
202.537 210.563 0.022459
202.537 210.664 0.022403
202.537 210.765 0.022446
202.537 210.866 0.02239
202.537 210.967 0.023214
202.537 211.067 0.022503
202.537 211.168 0.022246
202.537 211.269 0.022295
202.537 211.37 0.022451
202.537 211.471 0.022537
202.537 211.572 0.022316
202.537 211.673 0.022901
202.537 211.775 0.022262
202.537 211.876 0.023036
202.537 211.976 0.022577
202.537 212.077 0.022595
202.537 212.178 0.022734
202.537 212.279 0.022671
202.537 212.38 0.022585
202.537 212.481 0.022375
202.537 212.582 0.022447
202.537 212.683 0.022257
202.537 212.784 0.022688
202.537 212.885 0.022833
202.537 212.986 0.022552
202.537 213.087 0.022483
202.537 213.188 0.022609
202.537 213.289 0.022687
202.537 213.39 0.02245
202.537 213.49 0.022847
202.537 213.591 0.022407
202.537 213.692 0.022457
202.537 213.793 0.022696
202.537 213.894 0.022496
202.537 213.995 0.022791
202.537 214.096 0.022482
202.537 214.197 0.022443
202.537 214.668 0.021914
202.537 214.779 0.023226
202.537 214.893 0.021804
202.537 215.005 0.022394
202.537 215.117 0.022613
202.537 215.233 0.024213
208.285 215.499 0.022182
208.285 215.6 0.021775
208.285 215.701 0.021941
208.285 215.802 0.022633
208.285 215.904 0.022217
208.285 216.005 0.021811
208.285 216.106 0.022432
214.295 216.207 0.022596
214.295 216.309 0.022177
214.295 216.41 0.022347
214.295 216.511 0.022244
214.295 216.613 0.022261
214.295 216.714 0.022449
214.295 216.815 0.022414
214.295 216.916 0.022153
214.295 217.017 0.022515
214.295 217.118 0.022337
214.295 217.219 0.022698
214.295 217.321 0.022573
214.295 217.422 0.02232
214.295 217.523 0.022627
214.295 217.624 0.022548
214.295 217.725 0.022519
214.295 217.826 0.022615
214.295 217.928 0.022547
214.295 218.029 0.022862
214.295 218.13 0.022515
214.295 218.231 0.022442
214.295 218.332 0.022567
214.295 218.433 0.022387
214.295 218.535 0.022318
214.295 218.636 0.022402
214.295 218.737 0.022463
214.295 218.838 0.022539
214.295 218.939 0.022563
214.295 219.041 0.0225
214.295 219.142 0.022487
214.295 219.243 0.022421
214.295 219.345 0.022643
214.295 219.446 0.022469
214.295 219.547 0.022585
214.295 219.649 0.022518
214.295 219.75 0.02233
214.295 219.851 0.022518
214.295 219.952 0.022728
214.295 220.053 0.022267
214.295 220.154 0.022935
214.295 220.255 0.022419
214.295 220.356 0.02278
214.295 220.457 0.022488
214.295 220.559 0.022302
214.295 220.66 0.022511
214.295 220.761 0.022404
214.295 220.863 0.022471
214.295 220.964 0.022791
214.295 221.065 0.022518
214.295 221.166 0.023006
214.295 221.268 0.022977
214.295 221.369 0.022451
214.295 221.47 0.022905
214.295 221.571 0.022974
214.295 221.672 0.022346
214.295 221.773 0.022656
214.295 221.874 0.022891
214.295 221.976 0.021879
214.295 222.085 0.022771
214.295 222.186 0.022432
214.295 222.287 0.022361
214.295 222.388 0.022489
215.41 222.489 0.022344
215.41 222.59 0.02193
215.41 222.691 0.021911
215.41 222.793 0.022048
215.41 222.894 0.022509
215.41 222.995 0.022585
215.41 223.096 0.02209
215.41 223.197 0.023515
215.41 223.298 0.023652
215.41 223.399 0.02294
215.41 223.5 0.022486
215.41 223.601 0.022124
221.354 223.703 0.022205
221.354 223.804 0.022788
221.354 223.905 0.022485
221.354 224.006 0.022352
221.354 224.107 0.022407
221.354 224.208 0.02281
221.354 224.31 0.022512
221.354 224.411 0.022338
221.354 224.512 0.022606
221.354 224.613 0.023311
221.354 224.714 0.022506
221.354 224.815 0.022495
221.354 224.916 0.023083
221.354 225.017 0.022872
221.354 225.119 0.022433
221.354 225.22 0.022618
221.354 225.321 0.022544
221.354 225.422 0.022896
221.354 225.523 0.022416
221.354 225.624 0.022496
221.354 225.725 0.022455
221.354 225.827 0.022589
221.354 225.928 0.023153
221.354 226.029 0.022426
221.354 226.13 0.02277
221.354 226.231 0.022293
221.354 226.333 0.022703
221.354 226.434 0.022433
221.354 226.535 0.022545
221.354 226.636 0.022651
221.354 226.737 0.022974
221.354 226.838 0.0224
221.354 226.94 0.022285
221.354 227.041 0.022518
221.354 227.142 0.022373
221.354 227.243 0.022183
221.354 227.344 0.022455
221.354 227.445 0.022571
221.354 227.547 0.022452
221.354 227.648 0.022582
221.354 227.749 0.02263
221.354 227.85 0.02234
221.354 227.951 0.022778
221.354 228.053 0.022562
221.354 228.154 0.022731
221.354 228.255 0.022351
221.354 228.356 0.022932
221.354 228.457 0.021917
221.354 228.558 0.022611
221.354 228.659 0.021918
221.354 228.761 0.022666
222.407 228.862 0.022331
222.407 228.963 0.022486
222.407 229.064 0.022409
222.407 229.165 0.022285
222.407 229.267 0.022039
222.407 229.368 0.022266
222.407 229.469 0.022104
222.407 229.57 0.022282
222.407 229.671 0.022178
222.407 229.773 0.02225
222.407 229.874 0.022347
222.407 229.975 0.022484
222.407 230.076 0.022353
222.407 230.177 0.022342
222.407 230.278 0.022545
222.407 230.38 0.022303
222.407 230.481 0.022575
222.407 230.582 0.022324
222.407 230.683 0.022381
222.407 230.784 0.022502
222.407 230.886 0.022448
222.407 230.987 0.022231
222.407 231.088 0.022549
222.407 231.189 0.022922
222.407 231.29 0.022305
222.407 231.391 0.02255
222.407 231.492 0.022504
222.407 231.594 0.022364
222.407 231.695 0.022602
222.407 231.796 0.023376
222.407 231.897 0.022263
222.407 231.998 0.022656
222.407 232.099 0.022193
222.407 232.2 0.022388
222.407 232.301 0.022201
222.407 232.403 0.022455
222.407 232.504 0.022963
222.407 232.605 0.022388
222.407 232.706 0.022497
222.407 232.808 0.02277
222.407 232.909 0.022781
222.407 233.01 0.022578
222.407 233.111 0.022529
222.407 233.213 0.022808
222.407 233.314 0.022397
222.407 233.415 0.022443
222.407 233.516 0.02238
222.407 233.617 0.022557
222.407 233.719 0.022647
222.407 233.82 0.022874
222.407 233.921 0.022432
222.407 234.022 0.022411
222.407 234.123 0.022362
222.407 234.224 0.022058
222.407 234.325 0.022107
222.407 234.426 0.022565
222.407 234.528 0.022209
222.407 234.629 0.023227
222.407 234.73 0.022708
222.407 234.831 0.022644
222.407 234.932 0.022688
222.407 235.034 0.022634
228.107 235.135 0.022634
228.107 235.236 0.022599
228.107 235.337 0.022844
228.107 235.438 0.022532
228.107 235.54 0.022767
228.107 235.641 0.023886
228.107 235.742 0.023036
228.107 235.843 0.022578
228.107 235.944 0.022522
228.107 236.045 0.022502
228.107 236.146 0.02266
228.107 236.247 0.022207
228.107 236.349 0.022271
228.107 236.45 0.022443
228.107 236.551 0.022308
228.107 236.652 0.022492
228.107 236.753 0.022438
228.107 236.854 0.022563
228.107 236.956 0.023467
228.107 237.057 0.022471
228.107 237.158 0.022609
228.107 237.259 0.022439
228.107 237.36 0.022484
228.107 237.462 0.022568
228.107 237.563 0.022417
228.107 237.664 0.02257
228.107 237.765 0.022415
228.107 237.866 0.022392
228.107 237.967 0.02251
228.107 238.068 0.023055
228.107 238.169 0.02254
228.107 238.271 0.02254
228.107 238.372 0.022487
228.107 238.473 0.022645
228.107 238.574 0.022685
228.107 238.675 0.022481
228.107 238.776 0.02257
228.107 238.88 0.022462
228.107 238.981 0.022519
228.107 239.082 0.022477
228.107 239.183 0.022586
228.107 239.284 0.021958
228.107 239.385 0.022596
228.107 239.486 0.022584
228.107 239.587 0.022612
228.107 239.689 0.022621
228.107 239.79 0.022923
228.107 239.891 0.022377
228.107 239.992 0.022549
228.107 240.093 0.022591
228.107 240.195 0.022122
228.107 240.296 0.022067
228.107 240.397 0.021858
228.107 240.498 0.022385
228.107 240.6 0.022476
228.107 240.701 0.022318
228.107 240.802 0.022445
228.107 240.903 0.022272
228.107 241.004 0.021742
228.107 241.105 0.022195
233.923 241.207 0.022115
233.923 241.308 0.022166
233.923 241.409 0.021845
233.923 241.51 0.022333
233.923 241.611 0.022457
233.923 241.713 0.023115
233.923 241.814 0.022383
233.923 241.916 0.022265
233.923 242.017 0.022346
240.162 242.118 0.022685
240.162 242.219 0.022221
240.162 242.32 0.022273
240.162 242.422 0.021979
240.162 242.523 0.02228
240.162 242.624 0.022601
240.162 242.726 0.022545
240.162 242.826 0.022722
240.162 242.927 0.022218
241.181 243.028 0.023558
241.181 243.129 0.02293
241.181 243.23 0.022547
241.181 243.354 0.022756
241.181 243.468 0.022082
241.181 243.583 0.022374
241.181 243.696 0.022738
241.181 243.813 0.022189
241.181 243.928 0.022302
242.203 244.028 0.023022
242.203 244.35 0.022013
242.203 244.464 0.022327
242.203 244.578 0.022023
242.203 244.692 0.022578
242.203 244.81 0.022232
242.203 244.925 0.022114
242.203 245.265 0.02171
243.225 245.378 0.022242
243.225 245.494 0.022434
243.225 245.593 0.0223
244.246 245.694 0.022214
244.246 245.795 0.022378
244.246 245.896 0.022274
244.246 245.997 0.022753
244.246 246.158 0.021875
244.246 246.292 0.022293
244.246 246.404 0.022121
244.246 246.52 0.022312
244.246 246.634 0.022193
244.246 246.749 0.022403
245.273 246.849 0.022449
245.273 246.95 0.022477
245.273 247.051 0.022354
245.273 247.325 0.021949
245.273 247.437 0.022258
245.273 247.551 0.022294
245.273 247.668 0.021902
245.273 247.783 0.022334
245.273 248.081 0.021936
245.273 248.103 0.021658
246.293 248.196 0.021768
246.293 248.311 0.021772
246.293 248.414 0.022186
247.327 248.515 0.022541
247.327 248.658 0.022353
247.327 248.839 0.022289
247.327 248.954 0.022397
247.327 249.068 0.021887
247.327 249.182 0.021928
247.327 249.296 0.02174
247.327 249.407 0.021893
247.327 249.525 0.022299
247.327 249.642 0.021786
247.327 249.755 0.021851
247.327 250.004 0.022333
248.351 250.108 0.021732
248.351 250.217 0.021775
248.351 250.328 0.021859
248.351 250.438 0.02189
248.351 250.558 0.022263
248.351 250.674 0.022414
249.374 250.774 0.022545
249.374 250.875 0.022538
249.374 250.976 0.022381
249.374 251.314 0.021825
249.374 251.43 0.022842
249.374 251.543 0.023379
249.374 251.653 0.022144
249.374 251.774 0.022041
249.374 251.885 0.021802
250.408 251.985 0.022071
250.408 252.086 0.022082
250.408 252.187 0.022221
250.408 252.288 0.022345
250.408 252.389 0.022835
250.408 252.49 0.022393
250.408 252.591 0.023246
250.408 252.692 0.022307
250.408 252.793 0.023389
250.408 252.894 0.022783
250.408 252.995 0.022414
250.408 253.096 0.022403
250.408 253.197 0.022309
250.408 253.298 0.022462
250.408 253.4 0.022527
250.408 253.501 0.023097
250.408 253.602 0.023188
250.408 253.703 0.022484
250.408 253.804 0.02253
250.408 253.905 0.023714
250.408 254.006 0.022596
250.408 254.107 0.022567
250.408 254.208 0.02231
250.408 254.309 0.022675
250.408 254.41 0.022556
250.408 254.511 0.022575
250.408 254.612 0.022639
250.408 254.713 0.022329
250.408 254.814 0.022433
250.408 254.915 0.022543
250.408 255.016 0.02261
250.408 255.117 0.022428
250.408 255.218 0.022495
250.408 255.319 0.022813
250.408 255.42 0.022625
250.408 255.521 0.022552
250.408 255.622 0.022587
250.408 255.723 0.022608
250.408 255.824 0.022531
250.408 255.925 0.022447
250.408 256.026 0.022778
250.408 256.127 0.022435
250.408 256.228 0.022596
250.408 256.329 0.022577
250.408 256.43 0.022747
250.408 256.531 0.022511
250.408 256.632 0.022591
250.408 256.733 0.022399
250.408 256.834 0.022352
250.408 256.935 0.022495
250.408 257.037 0.022329
250.408 257.138 0.022542
250.408 257.239 0.022452
250.408 257.341 0.022349
250.408 257.442 0.022535
250.408 257.543 0.023176
250.408 257.644 0.022424
250.408 257.746 0.022339
250.408 257.847 0.022765
250.408 257.948 0.024676
250.408 258.146 0.021994
250.408 258.347 0.022381
250.408 258.449 0.022341
250.408 258.55 0.022378
250.408 258.651 0.022186
250.408 258.752 0.022046
250.408 258.853 0.022252
251.428 258.954 0.021847
251.428 259.055 0.02186
251.428 259.156 0.02245
251.428 259.257 0.022373
251.428 259.358 0.02247
257.992 259.459 0.022589
257.992 259.56 0.022415
257.992 259.661 0.022267
257.992 259.762 0.022508
257.992 259.863 0.0219
257.992 259.964 0.022596
257.992 260.065 0.022416
257.992 260.166 0.022339
257.992 260.267 0.022103
257.992 260.368 0.022438
257.992 260.469 0.022414
257.992 260.57 0.022416
257.992 260.671 0.023503
259.019 260.772 0.02183
259.019 260.873 0.022375
259.019 260.974 0.022621
259.019 261.075 0.022672
259.019 261.176 0.022153
259.019 261.278 0.022106
259.019 261.381 0.022423
259.019 261.482 0.022453
259.019 261.583 0.022611
260.039 261.684 0.021907
260.039 261.785 0.021808
260.039 261.887 0.022455
260.039 261.988 0.022327
260.039 262.089 0.023202
260.039 262.19 0.023498
260.039 262.292 0.022155
260.039 262.394 0.022522
261.064 262.495 0.022114
261.064 262.596 0.022534
261.064 262.697 0.022517
261.064 262.798 0.022462
261.064 262.899 0.022523
261.064 263 0.022381
261.064 263.101 0.022309
261.064 263.202 0.02217
261.064 263.303 0.022693
261.064 263.404 0.022127
261.064 263.507 0.023191
262.09 263.608 0.022313
262.09 263.709 0.022525
262.09 263.81 0.022809
262.09 263.911 0.02248
262.09 264.012 0.022444
262.09 264.113 0.022414
262.09 264.214 0.022269
262.09 264.316 0.022335
263.11 264.417 0.022077
263.11 264.518 0.022448
263.11 264.619 0.022486
263.11 264.72 0.022334
263.11 264.821 0.022464
263.11 264.923 0.022464
263.11 265.024 0.022895
263.11 265.126 0.022472
263.11 265.227 0.022573
263.11 265.327 0.022525
263.11 265.429 0.022994
263.11 265.53 0.022444
263.11 265.631 0.022892
263.11 265.732 0.022446
263.11 265.833 0.022419
263.11 265.934 0.022459
263.11 266.035 0.022536
263.11 266.137 0.022813
263.11 266.238 0.022584
263.11 266.339 0.022516
263.11 266.44 0.022491
263.11 266.541 0.022439
263.11 266.642 0.023044
263.11 266.743 0.022516
263.11 266.844 0.02258
263.11 266.945 0.021866
263.11 267.046 0.02252
263.11 267.16 0.023217
263.11 267.261 0.023338
263.11 267.362 0.022836
263.11 267.463 0.022602
263.11 267.564 0.022728
263.11 267.665 0.02286
263.11 267.766 0.023099
263.11 267.867 0.022536
263.11 267.968 0.022358
263.11 268.069 0.02285
263.11 268.17 0.022517
263.11 268.271 0.022534
263.11 268.372 0.022526
263.11 268.473 0.022558
263.11 268.574 0.022868
263.11 268.675 0.02257
263.11 268.776 0.022379
263.11 268.877 0.022447
263.11 268.978 0.022819
263.11 269.079 0.022564
263.11 269.181 0.02231
263.11 269.282 0.022438
263.11 269.383 0.022359
263.11 269.484 0.022557
263.11 269.585 0.022509
263.11 269.685 0.022531
263.11 269.787 0.022393
263.11 269.887 0.022428
263.11 269.989 0.022396
263.11 270.09 0.022361
263.11 270.191 0.022462
263.11 270.292 0.022478
263.11 270.393 0.022363
263.11 270.494 0.022548
263.11 270.594 0.024274
263.11 270.696 0.022373
263.11 270.797 0.022363
263.11 270.898 0.022503
263.11 270.999 0.022054
263.11 271.1 0.022585
263.11 271.201 0.022505
263.11 271.302 0.022678
263.11 271.403 0.022558
263.11 271.504 0.022232
263.11 271.605 0.02248
263.11 271.706 0.022285
263.11 271.807 0.022401
264.132 271.909 0.022045
264.132 272.009 0.022513
264.132 272.133 0.022466
264.132 272.235 0.023214
264.132 272.336 0.021929
264.132 272.437 0.022068
264.132 272.539 0.022716
264.132 272.64 0.021813
270.62 272.741 0.021973
270.62 272.842 0.021775
270.62 272.943 0.021934
270.62 273.044 0.021919
270.62 273.145 0.021926
270.62 273.246 0.022223
270.62 273.347 0.022043
270.62 273.448 0.022473
270.62 273.549 0.021932
270.62 273.651 0.02238
270.62 273.752 0.021992
270.62 273.852 0.022672
270.62 273.954 0.022531
270.62 274.054 0.022204
270.62 274.156 0.023276
270.62 274.257 0.022058
270.62 274.358 0.022082
270.62 274.459 0.02231
270.62 274.56 0.022493
270.62 274.661 0.022308
270.62 274.762 0.022707
270.62 274.863 0.022527
270.62 274.964 0.022554
270.62 275.065 0.022396
270.62 275.166 0.022811
270.62 275.267 0.02228
270.62 275.368 0.022355
270.62 275.469 0.022083
270.62 275.57 0.022839
270.62 275.671 0.02237
270.62 275.772 0.022491
270.62 275.873 0.022472
270.62 275.975 0.02277
270.62 276.076 0.022466
270.62 276.177 0.022776
270.62 276.278 0.022123
270.62 276.379 0.022207
270.62 276.48 0.022786
270.62 276.581 0.022505
270.62 276.682 0.022624
270.62 276.784 0.022568
270.62 276.887 0.023695
270.62 276.988 0.022458
270.62 277.089 0.021963
270.62 277.191 0.022388
270.62 277.292 0.02327
270.62 277.393 0.021993
270.62 277.494 0.022442
270.62 277.595 0.022253
270.62 277.696 0.022417
270.62 277.797 0.022287
270.62 277.898 0.021841
270.62 277.999 0.022389
270.62 278.1 0.022666
270.62 278.202 0.022002
270.62 278.303 0.021788
270.62 278.404 0.022336
271.659 278.505 0.022379
271.659 278.606 0.023124
271.659 278.707 0.022504
271.659 278.808 0.022479
271.659 278.909 0.022301
271.659 279.01 0.023074
271.659 279.111 0.022424
271.659 279.211 0.022523
271.659 279.312 0.022554
271.659 279.414 0.022752
271.659 279.515 0.022553
271.659 279.616 0.022908
271.659 279.717 0.022279
271.659 279.818 0.022557
