118.734 1.91223 0.025149 1.74703 0.155027
120.673 0.245108 0.021638 0.116127 0.125091
121.696 0.18312 0.022736 0.069094 0.111269
122.72 0.182237 0.022369 0.070121 0.109407
123.744 0.1721 0.022823 0.060249 0.108571
124.768 0.169992 0.020527 0.05831 0.108922
125.79 0.197747 0.021083 0.060153 0.134344
126.813 0.20497 0.023909 0.07406 0.127692
127.838 0.195852 0.020289 0.068176 0.12491
128.861 0.175614 0.020075 0.068262 0.104684
129.882 0.172326 0.019292 0.06866 0.100958
130.902 0.290252 0.02184 0.066465 0.21812
131.925 0.268532 0.020889 0.066298 0.19937
132.948 0.263182 0.022094 0.066243 0.194125
133.971 0.263398 0.020918 0.064196 0.196409
134.993 1.22824 0.019953 0.063595 1.16195
136.243 0.255491 0.019928 0.071419 0.181366
137.264 0.237477 0.019774 0.059547 0.175167
138.285 0.276016 0.019922 0.101355 0.171905
139.306 0.258549 0.019385 0.062647 0.193129
140.327 0.262423 0.021962 0.077158 0.182032
141.35 0.238061 0.019169 0.064632 0.170639
142.371 6.37626 0.019388 0.058889 6.31461
148.784 5.72269 0.020889 0.109731 5.61025
154.529 8.73503 0.018517 0.058468 8.67382
163.284 7.9386 0.022981 0.125517 7.81025
171.246 7.75294 0.021388 0.083042 7.66716
179.022 0.298008 0.018746 0.126083 0.169291
180.042 0.788966 0.018964 0.057725 0.728515
181.062 0.253272 0.018828 0.063188 0.18731
182.082 0.269289 0.019494 0.057009 0.209397
183.103 0.148259 0.021686 0.060531 0.084993
184.125 0.150288 0.019132 0.058042 0.089517
185.146 0.249341 0.020826 0.051088 0.193212
186.168 0.660387 0.022085 0.046899 0.610636
187.191 0.225746 0.019145 0.060979 0.162057
188.212 0.217436 0.018322 0.058663 0.156032
189.232 0.228012 0.019279 0.057113 0.168194
190.253 0.639586 0.019355 0.048019 0.588886
191.274 0.662341 0.031882 0.061134 0.598005
192.307 0.682452 0.020469 0.060256 0.619312
193.329 0.237911 0.01954 0.057458 0.17784
194.349 0.20915 0.026673 0.047434 0.159167
195.377 0.650225 0.01999 0.059121 0.588305
196.399 5.09822 0.019563 0.060082 5.03537
201.517 0.2847 0.0182 0.057148 0.224867
202.537 5.72908 0.018431 0.057172 5.66917
208.285 5.99055 0.018471 0.061534 5.92636
214.295 0.257872 0.018171 0.092547 0.162718
215.41 5.92184 0.02101 0.060648 5.8584
221.354 0.265753 0.032622 0.075412 0.187723
222.407 5.6805 0.018779 0.058826 5.61908
228.107 5.79579 0.01962 0.060266 5.73291
233.923 6.21519 0.022174 0.061295 6.15129
240.162 0.80963 0.018173 0.05672 0.750232
241.181 0.748896 0.019926 0.056599 0.689743
242.203 0.797284 0.020352 0.054435 0.740231
243.225 0.819696 0.020365 0.060078 0.756445
244.246 0.689453 0.019789 0.058548 0.628171
245.273 0.762513 0.019256 0.059259 0.700626
246.293 0.746037 0.023293 0.058226 0.684591
247.327 0.242776 0.021216 0.06088 0.178851
248.351 0.227697 0.021713 0.0613 0.163256
249.374 0.234644 0.018842 0.059498 0.172531
250.408 0.647436 0.019356 0.061562 0.583087
251.428 6.51806 0.04482 0.057295 6.45742
257.992 0.680119 0.025042 0.075393 0.601891
259.019 0.670076 0.019656 0.055586 0.611805
260.039 0.21172 0.019299 0.056502 0.152601
261.064 0.210936 0.021955 0.057218 0.151105
262.09 0.205325 0.019615 0.056553 0.146225
263.11 0.210283 0.02065 0.058039 0.149638
264.132 6.44386 0.018536 0.057493 6.38379
270.62 0.262133 0.018905 0.093896 0.165539
271.659 5.71727 0.019094 0.060602 5.65391
277.397 6.08072 0.018795 0.063792 6.01388
283.497 0.677941 0.019253 0.073077 0.602299
284.518 0.732169 0.018277 0.062412 0.667034
285.538 0.646542 0.019314 0.057397 0.586584
286.559 7.7651 0.01963 0.060587 7.70193
294.344 6.72371 0.018605 0.085465 6.63431
301.096 6.11196 0.021242 0.060072 6.04909
307.231 7.18651 0.022673 0.057218 7.12662
314.441 5.42639 0.018641 0.076108 5.34773
319.888 6.72406 0.023945 0.057619 6.66363
326.637 6.65844 0.020629 0.056957 6.59891
333.317 6.86031 0.020891 0.058416 6.79922
340.199 7.54707 0.042575 0.059244 7.48521
347.79 0.163447 0.019452 0.07791 0.082785
348.811 0.164484 0.019768 0.057155 0.104736
349.832 0.144236 0.019473 0.056731 0.084855
350.853 0.153662 0.019826 0.057475 0.093583
351.874 0.148965 0.020402 0.059728 0.086627
352.895 0.193335 0.019483 0.060083 0.130567
353.919 7.18748 0.019363 0.059303 7.12546
361.127 0.784401 0.02343 0.058331 0.723443
362.152 0.895962 0.021788 0.056957 0.836311
363.176 0.939657 0.01925 0.056707 0.88008
364.197 7.26481 0.019423 0.057954 7.20431
371.482 7.76088 0.019665 0.057813 7.70039
379.264 8.13258 0.032396 0.099915 8.03006
387.429 0.744855 0.018682 0.083273 0.65902
388.449 0.217199 0.018654 0.060763 0.153643
389.469 0.209457 0.018231 0.057734 0.149122
390.489 0.214995 0.019238 0.056436 0.155772
391.509 0.226136 0.020013 0.059343 0.16424
392.53 0.237143 0.019258 0.061266 0.173249
393.551 0.216324 0.019036 0.059341 0.154398
394.572 0.209139 0.021676 0.061284 0.145177
395.595 0.201107 0.019573 0.048291 0.150181
396.616 0.202373 0.019263 0.056385 0.143395
397.636 0.201649 0.018545 0.05725 0.141797
398.656 0.216219 0.020825 0.059563 0.15403
399.678 4.55399 0.01949 0.058838 4.49244
404.253 5.72602 0.018787 0.058131 5.66521
409.999 6.53682 0.018636 0.062356 6.47192
416.555 6.77583 0.018169 0.05878 6.7145
423.35 0.224357 0.018661 0.055917 0.165719
424.37 6.77323 0.018557 0.05759 6.71308
431.163 1.27406 0.017988 0.051476 1.21994
432.457 4.3653 0.020319 0.052688 4.31001
436.844 7.36151 0.022361 0.054459 7.30443
444.228 0.142712 0.020492 0.055517 0.084538
445.25 0.788307 0.020309 0.055854 0.729645
446.272 3.53599 0.019343 0.085816 3.4474
449.829 0.198085 0.01925 0.054291 0.141216
450.85 0.228899 0.019894 0.059178 0.167011
451.871 0.200521 0.02035 0.060669 0.137192
452.893 0.215765 0.018715 0.058489 0.154625
453.913 0.193492 0.019894 0.055927 0.13494
454.935 0.228238 0.019345 0.059122 0.166515
455.955 0.186958 0.01922 0.053647 0.130492
456.976 0.181911 0.018226 0.052973 0.126311
457.996 0.18406 0.017925 0.0545 0.126938
459.015 0.20925 0.021048 0.057821 0.148126
460.037 0.177546 0.017016 0.053892 0.121027
461.056 6.63087 0.020408 0.047442 6.58078
467.708 0.144317 0.018812 0.055573 0.086037
468.729 0.157693 0.018494 0.057726 0.097339
469.749 0.138323 0.018773 0.054536 0.081145
470.769 0.140063 0.018635 0.055408 0.081996
471.788 0.14164 0.018736 0.055029 0.084
472.808 0.123778 0.017877 0.040595 0.080502
473.828 0.131804 0.026111 0.04633 0.08155
474.855 0.136511 0.018305 0.054763 0.079163
475.874 0.142489 0.021634 0.055999 0.083388
476.897 0.191399 0.018616 0.054085 0.134714
477.917 0.185765 0.018529 0.053539 0.129538
478.937 0.203293 0.018474 0.053888 0.146783
479.957 0.148756 0.019733 0.054769 0.091402
480.978 0.124205 0.022327 0.045829 0.075784
482.002 0.132957 0.020759 0.045793 0.084522
483.024 0.12817 0.019204 0.05412 0.071416
484.045 0.130089 0.019639 0.053726 0.073718
485.066 0.124381 0.019763 0.045628 0.075825
486.088 0.129958 0.024277 0.04753 0.079829
487.114 0.126916 0.018407 0.049731 0.074575
488.133 0.131862 0.019249 0.048923 0.080366
489.154 0.131358 0.024775 0.051219 0.075096
490.18 0.129186 0.020503 0.052028 0.074446
491.202 0.133105 0.022715 0.051161 0.079262
492.226 0.143063 0.023648 0.053314 0.086775
493.251 0.134878 0.026742 0.054008 0.078051
494.279 0.130696 0.019152 0.050378 0.077389
495.3 0.13528 0.021347 0.053757 0.078701
496.324 0.13104 0.019805 0.052014 0.076271
497.345 0.144689 0.019874 0.061859 0.080125
498.367 0.131062 0.02561 0.051505 0.076901
499.394 0.141039 0.018859 0.062035 0.076241
500.414 0.136371 0.019679 0.059884 0.073773
501.436 0.145006 0.021167 0.056962 0.083475
502.458 0.130907 0.018716 0.048195 0.080035
503.478 0.130004 0.01989 0.049572 0.077775
504.499 0.133946 0.020938 0.051495 0.07972
505.522 0.130292 0.019545 0.053595 0.073503
506.543 0.137621 0.019412 0.060897 0.074009
507.564 0.132607 0.024172 0.055167 0.074722
508.59 0.136253 0.018601 0.059563 0.073994
509.61 0.138436 0.018627 0.061603 0.074126
510.63 0.128085 0.02305 0.049619 0.075801
511.655 0.1306 0.021085 0.053587 0.074257
512.677 0.139412 0.019316 0.0611 0.075587
513.698 0.129713 0.018535 0.052885 0.074186
514.719 0.131915 0.022629 0.051782 0.077469
515.742 0.155417 0.019153 0.07042 0.076284
516.763 0.143112 0.018344 0.063928 0.076417
517.783 0.142177 0.018795 0.063696 0.075742
518.803 0.138164 0.019068 0.061954 0.073528
519.823 0.128109 0.019745 0.051281 0.074136
520.844 0.138392 0.018456 0.061707 0.07397
521.864 0.132645 0.020101 0.049902 0.080116
522.887 0.141186 0.019326 0.063927 0.074523
523.907 0.151307 0.019503 0.067017 0.078335
524.928 0.142092 0.019492 0.063838 0.075491
525.949 0.137915 0.025248 0.053333 0.081819
526.975 0.14149 0.022092 0.054496 0.084162
527.999 0.136702 0.021726 0.054414 0.079491
529.022 0.148887 0.019519 0.064051 0.08198
530.043 0.142144 0.01937 0.061208 0.078054
531.063 0.164536 0.018966 0.062084 0.099637
532.084 0.150805 0.019496 0.063805 0.084205
533.105 0.141019 0.024089 0.052777 0.085595
534.13 0.139569 0.019662 0.052625 0.084218
535.151 0.142234 0.021337 0.052607 0.086894
536.173 0.139738 0.022145 0.053741 0.083206
537.197 0.131957 0.017362 0.049525 0.079613
538.215 0.147705 0.019567 0.059663 0.085305
539.236 0.150206 0.021525 0.062752 0.084199
540.258 0.156365 0.020287 0.065172 0.088577
541.28 0.134888 0.020131 0.052158 0.080107
542.301 0.143493 0.019744 0.05886 0.081883
543.322 0.13073 0.019356 0.050788 0.076721
544.342 0.140904 0.020172 0.053816 0.084159
545.363 0.139051 0.019561 0.052677 0.083436
546.384 0.143145 0.020951 0.055014 0.080546
547.406 0.14752 0.023151 0.053737 0.091145
548.43 0.141361 0.022496 0.055146 0.083471
549.454 0.145126 0.022224 0.057879 0.084324
550.477 0.149004 0.020069 0.054457 0.091932
551.498 0.140266 0.023884 0.054415 0.083029
552.523 0.150653 0.022259 0.054425 0.093578
553.546 0.209885 0.019164 0.055358 0.151852
554.567 0.206152 0.021099 0.055431 0.147901
555.589 0.197995 0.023923 0.054995 0.140026
556.615 0.145138 0.022457 0.055559 0.086828
557.638 0.247875 0.024005 0.058148 0.187041
558.663 0.328796 0.024883 0.055503 0.270531
559.69 0.195901 0.023392 0.054323 0.138875
560.715 0.261111 0.020545 0.057839 0.200436
561.737 0.269725 0.019355 0.052338 0.21473
562.758 0.351972 0.020674 0.053485 0.295568
563.78 0.270638 0.022684 0.052649 0.215216
564.804 0.148653 0.020912 0.056063 0.089952
565.826 0.242498 0.0235 0.066235 0.172501
566.85 0.231308 0.020751 0.060549 0.16793
567.872 0.20228 0.018307 0.057791 0.141113
568.892 0.264248 0.020679 0.087352 0.17389
569.913 0.412164 0.028024 0.099225 0.302285
570.943 0.233402 0.034536 0.058357 0.169183
571.978 0.254135 0.02619 0.05799 0.192743
573.005 0.367275 0.053731 0.101933 0.240249
574.062 0.377563 0.033574 0.138503 0.229371
575.097 0.330387 0.039467 0.109321 0.212586
576.14 0.313126 0.025222 0.096022 0.206631
577.167 0.341368 0.032341 0.115338 0.204277
578.201 0.431219 0.027736 0.174638 0.241055
579.23 0.255017 0.037688 0.078623 0.171927
580.268 0.41623 0.030563 0.215064 0.198188
581.306 0.246728 0.060436 0.062679 0.178013
582.367 0.193304 0.023863 0.053398 0.13718
