141.584 47.6017 
151.789 9.56408 
161.961 9.56408 
172.188 9.56408 
182.363 9.56408 
192.523 9.56408 
202.755 9.56408 
212.906 9.56408 
223.109 9.56408 
233.257 9.56408 
243.415 9.56408 
253.604 9.56408 
263.767 9.56408 
273.908 9.56408 
284.06 9.56408 
294.223 9.56408 
304.363 9.56408 
314.539 9.56408 
324.689 9.56408 
334.828 9.56408 
345.009 9.56408 
355.183 9.56408 
365.348 9.56408 
375.547 9.56408 
385.695 9.56408 
395.833 9.56408 
406.067 9.56408 
416.365 9.56408 
426.526 9.56408 
436.682 9.56408 
