271.666965 1.880545
273.573672 0.065896
274.591426 0.066130
275.604802 0.065989
276.617827 0.064797
277.631250 0.065256
278.644662 0.066610
279.657028 0.066728
280.669754 0.040364
281.681769 0.043115
282.693354 0.043084
283.705110 0.039616
284.717319 0.037209
285.731712 0.072861
286.744667 0.065352
287.756557 0.043071
288.768412 0.036200
289.780609 0.035827
290.792801 0.036255
291.805537 0.036447
292.817956 0.037276
293.831605 0.084884
294.844506 0.038276
295.856686 0.036334
296.869537 0.041458
297.881800 0.035950
298.894841 0.037027
299.907579 0.037292
300.918521 0.038747
301.930714 0.064232
302.942486 0.064134
303.954839 0.067971
304.967737 0.066350
305.979931 0.064980
306.997025 0.064383
308.010843 0.068127
309.026685 0.101201
310.042834 0.066605
311.055795 0.069795
312.068995 0.066645
313.082080 0.066693
314.094329 0.088641
315.109662 0.103257
316.119899 0.097224
317.132428 0.066810
318.146901 0.066008
319.158217 0.067218
320.170689 0.063730
321.182206 0.070633
322.192092 0.065429
323.203483 0.089381
324.214001 0.099918
325.223888 0.074166
326.234979 0.065986
327.247173 0.064175
328.258149 0.065313
329.269049 0.062689
330.279896 0.064758
331.291124 0.066718
332.302117 0.064834
333.313454 0.064216
334.324523 0.064746
335.334211 0.064034
336.345750 0.063468
337.357175 0.063341
338.368382 0.062885
339.379454 0.063906
340.391734 0.066070
341.402124 0.064134
342.414365 0.062675
343.425950 0.063618
344.437556 0.065362
345.449112 0.064335
346.460480 0.064501
347.471816 0.066303
348.483816 0.062476
349.494710 0.061587
350.505702 0.064169
351.516963 0.062861
352.530386 0.065441
353.544512 0.066589
354.556194 0.066557
355.568311 0.067940
356.579777 0.063618
357.590793 0.066019
358.603689 0.064272
359.614622 0.035127
360.626542 0.063471
361.638543 0.062776
362.653910 0.091149
363.665430 0.066215
364.676382 0.066852
365.687263 0.063198
366.698375 0.034325
367.708796 0.040677
368.719655 0.041278
369.729947 0.034590
370.740617 0.033084
371.751160 0.044210
372.760330 0.068739
373.772325 0.065449
374.787290 0.068132
375.800547 0.067824
376.811628 0.040925
377.822982 0.036258
378.834436 0.036809
379.845195 0.044510
380.855995 0.038592
381.867784 0.035362
382.878772 0.063342
383.889131 0.042364
384.900350 0.033281
385.910748 0.037060
386.921179 0.041632
387.933179 0.032783
388.944834 0.038019
389.955041 0.040688
390.966438 0.067115
391.978735 0.034129
392.989905 0.039946
394.001712 0.033917
395.013470 0.040402
396.024912 0.034390
397.036204 0.039622
398.047301 0.036882
399.061177 0.068372
400.072660 0.064189
401.083718 0.037832
402.095019 0.043137
403.106168 0.040735
404.116738 0.038346
405.128625 0.064067
406.141250 0.064572
407.153373 0.065173
408.166622 0.068196
409.177928 0.034901
410.189083 0.040127
411.199263 0.039543
412.211187 0.038073
413.220989 0.041764
414.231771 0.042555
415.243402 0.045207
416.254255 0.040285
417.266115 0.037743
418.277265 0.036470
419.288091 0.043034
420.300373 0.067610
421.311933 0.066895
422.323092 0.064179
423.332746 0.036480
424.343848 0.036042
425.354525 0.042092
426.366791 0.033079
427.377344 0.036960
428.388655 0.039061
429.399333 0.036062
430.410475 0.062154
431.421428 0.040417
432.432872 0.034880
433.445126 0.041272
434.455953 0.039867
435.467937 0.035823
436.480371 0.067161
437.491181 0.062376
438.502240 0.041926
439.513973 0.035910
440.525228 0.043206
441.535939 0.034201
442.546757 0.039255
443.557341 0.065681
444.568601 0.041003
445.578915 0.034668
446.590606 0.043784
447.602559 0.036616
448.614746 0.035044
449.625885 0.063137
450.637567 0.065939
451.648788 0.033717
452.659981 0.036189
453.670212 0.041158
454.680877 0.033292
455.690721 0.035636
456.700699 0.080259
457.711446 0.036286
458.722933 0.065294
459.733772 0.036939
460.745832 0.041425
461.756952 0.037471
462.767039 0.043423
463.777350 0.034336
464.787115 0.035126
465.797573 0.064677
466.807635 0.042301
467.817179 0.034578
468.827759 0.034834
469.837561 0.065501
470.848106 0.040084
471.857803 0.035413
472.867712 0.040938
473.877293 0.093871
474.887565 0.062763
475.898126 0.035442
476.907617 0.038967
477.918177 0.034627
478.928302 0.041568
479.938946 0.035142
480.948995 0.040091
481.958732 0.061854
482.970480 0.035455
483.980395 0.043270
484.989616 0.040827
486.000322 0.038127
487.009978 0.041367
488.020884 0.035934
489.031295 0.037061
490.043203 0.036470
491.053065 0.037538
492.063869 0.067961
493.074191 0.064548
494.084121 0.038316
495.095247 0.038205
496.104752 0.041029
497.114547 0.034068
498.123698 0.036116
499.133413 0.043642
500.143486 0.047180
501.153070 0.044165
502.160597 0.082338
503.170417 0.041466
504.179872 0.043929
505.189147 0.039357
506.198519 0.064581
507.210068 0.035817
508.220816 0.037661
509.229542 0.039962
510.239860 0.042761
511.249648 0.035295
512.259250 0.032741
513.269262 0.039843
514.280059 0.043283
515.289321 0.038426
516.299034 0.035692
517.308955 0.040445
518.319312 0.042379
519.329291 0.038031
520.339071 0.036869
521.349141 0.035161
522.358785 0.042802
523.369146 0.035314
524.379171 0.034123
525.388466 0.042564
526.398895 0.035739
527.408745 0.039108
528.419731 0.043168
529.430579 0.037332
530.440879 0.034261
531.450359 0.041884
532.460791 0.044141
533.469976 0.044519
534.479768 0.039764
535.489591 0.043206
536.497829 0.043678
537.508739 0.040876
538.519355 0.039827
539.532988 0.035949
540.544627 0.043114
541.552687 0.083870
542.562991 0.042559
543.573780 0.038040
544.582539 0.042830
545.592653 0.038915
546.602579 0.041799
547.611437 0.035812
548.623679 0.043930
549.633913 0.041945
550.643922 0.039388
551.652954 0.042573
552.661506 0.043442
553.670528 0.036632
554.680058 0.033015
555.690289 0.033094
556.699066 0.035094
557.708513 0.033482
558.717407 0.033636
559.727983 0.033135
560.736681 0.035260
561.745933 0.034846
562.755091 0.035480
563.764630 0.036522
564.774296 0.037061
565.782882 0.038973
566.792801 0.033013
567.802185 0.033957
568.812263 0.035230
569.822221 0.033992
570.833254 0.033753
571.843296 0.039172
572.852670 0.033228
573.862560 0.033240
574.871395 0.033072
