139.193 141.271 1.22469
141.271 142.497 0.919007
142.294 143.417 1.03045
143.317 144.449 1.38402
144.344 145.834 1.13761
145.366 146.973 0.989052
146.388 147.963 0.981883
147.411 148.946 0.861158
148.435 149.809 0.641595
149.457 150.451 0.889043
150.479 151.341 1.14135
151.5 152.483 1.2221
152.523 153.707 1.49583
153.545 155.203 0.54738
154.565 155.752 0.940019
155.586 164.247 1.38461
164.247 165.633 1.09917
165.267 166.733 1.20185
166.288 167.937 1.03741
167.308 168.975 1.33967
168.328 170.316 0.904597
169.349 171.222 0.726754
170.37 171.95 0.750348
171.39 172.701 0.551061
172.412 181.335 1.39327
181.335 189.566 1.02481
189.566 197.776 0.918584
197.776 198.907 0.715037
198.907 199.78 0.562117
199.926 200.343 1.18819
200.948 201.532 0.897276
201.97 202.431 0.889623
202.99 203.321 0.616543
204.015 204.276 0.891723
205.037 205.782 0.686203
206.058 206.47 1.12347
207.084 207.594 0.827431
208.105 208.423 0.694017
209.126 209.822 0.854191
210.148 210.805 0.687708
211.168 211.887 0.733742
212.188 212.622 0.79937
213.209 218.022 1.53843
218.022 219.562 0.841196
219.042 223.971 0.626222
223.971 224.599 1.2199
224.991 230.884 0.947321
230.884 236.959 0.949042
236.958 237.909 0.854718
237.978 238.765 1.02962
238.999 239.795 1.20906
240.019 241.005 0.742281
241.041 246.849 1.36057
246.849 248.211 1.11986
247.869 249.332 0.939864
248.891 250.273 0.870699
249.912 251.144 0.982755
250.934 252.128 0.948971
251.954 253.078 0.538283
252.977 253.618 0.777836
253.999 254.397 0.872719
255.021 255.271 0.558839
256.044 256.2 1.19361
257.066 257.395 0.909826
258.086 258.305 0.816799
259.107 259.261 0.786274
260.127 260.278 0.485792
261.149 261.299 0.895648
262.17 262.326 0.836869
263.192 263.347 0.827646
264.213 264.369 1.14849
265.234 265.519 0.726744
266.259 266.421 1.04655
267.281 267.469 0.832064
268.302 268.456 1.00281
269.323 269.487 1.12609
270.344 270.614 0.930684
271.365 271.546 1.09326
272.385 272.64 0.611368
273.408 273.568 0.974011
274.43 274.62 1.01946
275.454 281.576 0.892254
281.576 288.478 1.593
288.478 293.866 0.718302
293.865 300.646 0.984751
300.646 307.157 0.943808
307.157 313.631 0.796726
313.631 314.429 1.55305
314.653 320.947 0.838286
320.947 321.786 0.686516
321.968 322.474 1.40233
322.99 323.877 0.842877
324.011 324.866 0.902497
325.031 325.902 0.736017
326.054 333.155 1.12025
333.154 334.276 0.802258
334.174 335.079 1.09203
335.197 336.172 0.890306
336.219 344.121 1.26076
344.121 352.08 1.77854
352.08 359.67 1.00641
359.67 360.677 1.29594
360.69 365.558 1.13562
365.558 366.695 0.883049
366.578 367.579 0.723899
367.601 375.381 0.995336
375.381 381.21 0.9843
381.21 382.272 1.00324
382.271 383.276 0.740985
383.292 384.35 1.31644
384.35 388.743 1.31653
388.743 395.044 1.00948
395.044 400.948 1.12139
400.948 405.463 0.97362
405.463 411.426 0.645582
411.426 417.918 1.18545
417.918 419.104 0.879855
418.938 419.985 0.763128
419.959 426.573 1.02557
426.573 427.599 0.600075
427.592 428.497 1.1327
428.614 429.631 0.723333
429.636 430.579 0.769514
430.657 431.349 1.09328
431.679 432.443 0.858717
432.699 433.426 1.59199
433.725 435.019 0.763586
434.746 435.783 1.58291
435.768 442.881 0.833147
442.881 443.715 1.2301
443.901 444.947 1.47926
444.921 446.427 0.967515
445.941 447.396 1.24341
446.962 448.64 0.931515
447.982 449.572 0.854244
449.003 450.428 0.739904
450.022 451.169 0.647932
451.041 451.818 0.742896
452.062 452.561 1.25964
453.08 453.822 0.593251
454.1 454.416 1.11085
455.12 455.528 0.887272
456.145 456.416 0.809209
457.165 457.387 1.27578
458.184 458.664 0.911903
459.207 459.576 1.40065
460.227 460.978 0.579893
461.247 461.558 1.19522
462.267 462.754 1.12818
463.286 463.883 0.607226
464.31 464.537 0.686577
465.329 465.537 1.25935
466.351 466.797 0.814836
467.37 474.822 0.916373
474.822 482.343 0.481505
482.343 482.826 0.769669
483.364 483.596 0.908964
484.384 484.596 0.635886
485.403 485.608 0.99498
486.426 486.637 0.703126
487.447 487.648 0.584033
488.467 489.249 0.736302
489.489 489.986 0.872806
490.508 490.859 0.472209
491.529 491.679 0.882573
492.551 492.699 1.2455
493.572 493.945 0.602815
494.592 494.739 1.18242
495.613 495.922 0.927435
496.633 496.85 0.534332
497.653 497.803 0.988884
498.675 498.833 0.602291
499.695 499.843 0.460373
500.716 500.862 0.743547
501.736 501.886 1.16438
502.759 503.051 0.562723
503.779 503.934 1.0575
504.799 504.993 0.935918
505.821 505.982 0.770613
506.84 506.991 0.527011
507.863 508.007 1.18475
508.884 509.193 0.402325
509.905 510.046 0.571966
510.926 511.071 1.18237
511.947 512.255 1.07472
512.967 513.33 1.0058
513.986 514.337 0.529302
515.006 515.152 0.74918
516.028 516.175 0.976316
517.051 517.222 0.713761
518.071 518.22 1.10732
519.093 519.328 0.922188
520.113 520.271 0.810084
521.136 521.284 0.617665
522.158 522.311 0.469498
523.181 523.327 0.769505
524.203 524.353 1.63656
525.227 525.99 0.769018
526.247 526.76 0.739972
527.266 527.501 0.652243
