143.317 146.029 0.0372
143.317 146.083 0.032033
143.317 146.184 0.028274
143.317 146.285 0.027755
143.317 146.387 0.027322
143.317 146.488 0.026707
143.317 146.589 0.026966
143.317 146.691 0.026099
143.317 146.792 0.026886
143.317 146.893 0.025745
144.344 146.994 0.030774
144.344 147.095 0.024844
144.344 147.196 0.024784
144.344 147.298 0.0299
144.344 147.398 0.030112
144.344 147.499 0.026655
144.344 147.601 0.026691
144.344 147.702 0.024475
144.344 147.803 0.025311
144.344 147.904 0.024464
145.366 148.006 0.025216
145.366 148.107 0.023352
145.366 148.208 0.023968
145.366 148.309 0.026783
145.366 148.41 0.02448
145.366 148.511 0.024281
145.366 148.613 0.025103
145.366 148.714 0.027766
145.366 148.815 0.025545
145.366 148.916 0.023894
146.388 149.017 0.024417
146.388 149.119 0.024898
146.388 149.22 0.025179
146.388 149.321 0.025231
146.388 149.423 0.02487
146.388 149.524 0.024812
146.388 149.625 0.030652
146.388 149.726 0.025968
147.411 149.827 0.024689
147.411 149.928 0.02415
147.411 150.03 0.025682
147.411 150.131 0.024703
147.411 150.232 0.024547
147.411 150.334 0.025529
147.411 150.435 0.025797
148.435 150.536 0.025479
148.435 150.637 0.02579
148.435 150.739 0.025933
148.435 150.84 0.027029
148.435 150.941 0.024242
148.435 151.042 0.023916
148.435 151.144 0.024444
148.435 151.245 0.025283
149.457 151.346 0.024086
149.457 151.447 0.023278
149.457 151.548 0.024629
149.457 151.65 0.025088
149.457 151.751 0.02696
149.457 151.852 0.029725
149.457 151.953 0.025693
149.457 152.054 0.023978
149.457 152.156 0.022865
149.457 152.257 0.023057
149.457 152.358 0.022867
149.457 152.459 0.022726
150.479 152.56 0.024837
150.479 152.661 0.023063
150.479 152.763 0.027324
150.479 152.864 0.024772
150.479 152.965 0.026333
150.479 153.066 0.023672
150.479 153.167 0.024401
150.479 153.269 0.023831
150.479 153.371 0.025676
150.479 153.472 0.023372
150.479 153.573 0.024326
150.479 153.676 0.026572
151.5 153.777 0.023653
151.5 153.878 0.024229
151.5 153.979 0.024372
151.5 154.081 0.024291
151.5 154.182 0.024332
151.5 154.283 0.023878
151.5 154.385 0.025953
151.5 154.486 0.023331
151.5 154.587 0.026191
151.5 154.688 0.024074
151.5 154.79 0.024263
151.5 154.891 0.025288
151.5 154.992 0.024253
151.5 155.093 0.02359
151.5 155.195 0.024897
152.523 155.296 0.02303
152.523 155.397 0.024019
152.523 155.498 0.023215
152.523 155.6 0.024196
152.523 155.701 0.025948
153.545 155.802 0.023934
153.545 155.903 0.025721
153.545 156.005 0.026291
153.545 156.106 0.025753
153.545 156.207 0.023997
153.545 156.308 0.026528
153.545 156.411 0.024488
153.545 156.512 0.025091
153.545 156.613 0.025312
154.565 156.714 0.024977
154.565 156.815 0.023395
154.565 156.916 0.024566
154.565 157.018 0.024138
154.565 157.119 0.024891
154.565 157.22 0.023772
154.565 157.321 0.023966
154.565 157.422 0.023707
154.565 157.524 0.023459
154.565 157.625 0.023457
154.565 157.726 0.023135
154.565 157.827 0.023293
154.565 157.928 0.023402
154.565 158.03 0.023319
154.565 158.131 0.023066
154.565 158.232 0.023511
154.565 158.333 0.023585
154.565 158.435 0.022989
154.565 158.536 0.023746
154.565 158.637 0.025215
154.565 158.738 0.023079
154.565 158.84 0.023892
154.565 158.941 0.02404
154.565 159.042 0.022942
154.565 159.143 0.023145
154.565 159.245 0.023721
154.565 159.346 0.023701
154.565 159.447 0.023093
154.565 159.549 0.023586
154.565 159.65 0.02399
154.565 159.751 0.023083
154.565 159.852 0.023956
154.565 159.953 0.023216
154.565 160.054 0.023082
154.565 160.155 0.023301
154.565 160.256 0.023864
154.565 160.358 0.028467
154.565 160.459 0.025669
154.565 160.56 0.024889
154.565 160.661 0.02294
154.565 160.762 0.023078
154.565 160.863 0.023055
154.565 160.964 0.023035
154.565 161.065 0.024284
154.565 161.166 0.023318
154.565 161.267 0.023352
154.565 161.369 0.025461
154.565 161.469 0.023819
154.565 161.571 0.024268
154.565 161.672 0.024848
154.565 161.773 0.024109
154.565 161.874 0.024193
154.565 161.975 0.026456
154.565 162.076 0.024111
154.565 162.177 0.023572
154.565 162.278 0.023525
154.565 162.379 0.023794
154.565 162.481 0.023228
154.565 162.582 0.023588
154.565 162.683 0.023349
154.565 162.784 0.023358
154.565 162.885 0.025137
154.565 162.986 0.023727
154.565 163.088 0.023253
154.565 163.189 0.023706
154.565 163.29 0.023585
154.565 163.391 0.023831
154.565 163.492 0.023666
154.565 163.593 0.024344
154.565 163.695 0.023906
154.565 163.796 0.024131
154.565 163.897 0.024846
154.565 163.998 0.023658
154.565 164.1 0.024905
154.565 164.201 0.02415
154.565 164.302 0.024417
154.565 164.403 0.024194
154.565 164.505 0.024637
154.565 164.606 0.02663
154.565 164.707 0.02496
154.565 164.808 0.023998
154.565 164.91 0.02423
154.565 165.011 0.023672
154.565 165.112 0.02314
154.565 165.214 0.024777
154.565 165.315 0.025128
154.565 165.416 0.026016
154.565 165.517 0.025595
154.565 165.619 0.024914
155.586 165.72 0.023907
155.586 165.821 0.024501
155.586 165.923 0.025732
155.586 166.024 0.02559
155.586 166.125 0.025147
155.586 166.227 0.024002
155.586 166.328 0.02506
155.586 166.43 0.026809
155.586 166.531 0.027439
155.586 166.632 0.024612
155.586 166.734 0.02403
164.247 166.835 0.023937
164.247 166.936 0.024271
164.247 167.037 0.024447
164.247 167.139 0.024819
164.247 167.24 0.025967
164.247 167.341 0.024746
164.247 167.442 0.026006
164.247 167.543 0.025865
164.247 167.645 0.023597
164.247 167.746 0.024048
164.247 167.847 0.023769
165.267 167.948 0.023071
165.267 168.05 0.02706
165.267 168.151 0.023541
165.267 168.252 0.025677
165.267 168.353 0.024914
165.267 168.454 0.023815
165.267 168.556 0.027912
165.267 168.657 0.024064
165.267 168.758 0.02344
165.267 168.859 0.023873
165.267 168.961 0.025264
166.288 169.062 0.024234
166.288 169.163 0.026757
166.288 169.264 0.024005
166.288 169.365 0.024176
166.288 169.466 0.024786
166.288 169.568 0.024037
166.288 169.669 0.02429
166.288 169.77 0.024504
166.288 169.871 0.027019
166.288 169.972 0.02526
166.288 170.073 0.024265
166.288 170.175 0.024929
166.288 170.276 0.023666
167.308 170.377 0.026937
167.308 170.478 0.023722
167.308 170.579 0.024412
167.308 170.681 0.024048
167.308 170.782 0.024351
167.308 170.883 0.024033
167.308 170.985 0.024323
167.308 171.086 0.023787
167.308 171.187 0.024487
168.328 171.288 0.02439
168.328 171.39 0.024925
168.328 171.491 0.02541
168.328 171.592 0.024603
168.328 171.693 0.024483
168.328 171.795 0.024429
168.328 171.896 0.024335
169.349 171.997 0.023741
169.349 172.098 0.024321
169.349 172.199 0.024494
169.349 172.3 0.024007
169.349 172.401 0.024702
169.349 172.502 0.02548
169.349 172.604 0.024147
170.37 172.705 0.028245
170.37 172.806 0.023436
170.37 172.907 0.024205
170.37 173.008 0.02493
170.37 173.109 0.026647
170.37 173.211 0.024696
171.39 173.314 0.024078
171.39 173.415 0.023443
171.39 173.516 0.023604
171.39 173.617 0.024402
171.39 173.719 0.023831
171.39 173.82 0.023715
171.39 173.921 0.026156
171.39 174.023 0.023879
171.39 174.124 0.023458
171.39 174.225 0.023457
171.39 174.326 0.024438
171.39 174.428 0.024264
171.39 174.529 0.025612
171.39 174.63 0.023741
171.39 174.731 0.023749
171.39 174.833 0.023755
171.39 174.934 0.023533
171.39 175.035 0.024111
171.39 175.136 0.023702
171.39 175.238 0.023631
171.39 175.339 0.023704
171.39 175.44 0.023458
171.39 175.541 0.023068
171.39 175.643 0.023934
171.39 175.744 0.023836
171.39 175.845 0.023701
171.39 175.947 0.023886
171.39 176.048 0.024112
171.39 176.149 0.023956
171.39 176.25 0.023865
171.39 176.352 0.024014
171.39 176.453 0.023607
171.39 176.554 0.023423
171.39 176.656 0.024364
171.39 176.756 0.023986
171.39 176.858 0.023177
171.39 176.959 0.023597
171.39 177.06 0.023509
171.39 177.161 0.023361
171.39 177.262 0.023677
171.39 177.363 0.025667
171.39 177.464 0.024429
171.39 177.565 0.0233
171.39 177.666 0.023356
171.39 177.767 0.024727
171.39 177.868 0.023803
171.39 177.969 0.023396
171.39 178.07 0.023621
171.39 178.171 0.023485
171.39 178.272 0.023487
171.39 178.373 0.023523
171.39 178.474 0.023441
171.39 178.575 0.023806
171.39 178.676 0.023446
171.39 178.777 0.024132
171.39 178.878 0.02359
171.39 178.979 0.02342
171.39 179.08 0.02354
171.39 179.181 0.023752
171.39 179.282 0.023268
171.39 179.383 0.023971
171.39 179.484 0.023153
171.39 179.585 0.023344
171.39 179.686 0.02356
171.39 179.787 0.023915
171.39 179.888 0.023272
171.39 179.989 0.023798
171.39 180.091 0.024696
171.39 180.192 0.02511
171.39 180.292 0.0236
171.39 180.394 0.023715
171.39 180.495 0.023178
171.39 180.596 0.023701
171.39 180.697 0.023269
171.39 180.799 0.023168
171.39 180.9 0.023541
171.39 181.001 0.02352
171.39 181.102 0.023309
171.39 181.203 0.023106
171.39 181.305 0.024629
171.39 181.406 0.024233
171.39 181.507 0.02476
171.39 181.608 0.02449
171.39 181.71 0.024067
171.39 181.811 0.024796
171.39 181.912 0.023471
171.39 182.013 0.026113
171.39 182.114 0.025271
171.39 182.215 0.024937
171.39 182.317 0.026249
171.39 182.418 0.024236
171.39 182.519 0.025568
171.39 182.621 0.025098
171.39 182.722 0.027151
172.412 182.823 0.024956
172.412 182.924 0.023442
172.412 183.026 0.023206
172.412 183.127 0.023379
172.412 183.228 0.023361
172.412 183.329 0.02441
172.412 183.431 0.024118
172.412 183.532 0.022992
172.412 183.633 0.023638
172.412 183.734 0.023418
172.412 183.836 0.024917
172.412 183.937 0.023611
172.412 184.038 0.024611
172.412 184.139 0.024723
172.412 184.24 0.023145
172.412 184.342 0.025982
172.412 184.442 0.023163
172.412 184.544 0.023003
172.412 184.645 0.024466
172.412 184.746 0.02417
172.412 184.847 0.02342
172.412 184.948 0.024694
172.412 185.049 0.023586
172.412 185.15 0.023051
172.412 185.251 0.024988
172.412 185.352 0.025852
172.412 185.453 0.023105
172.412 185.554 0.024765
172.412 185.655 0.024291
172.412 185.756 0.025671
172.412 185.857 0.024654
172.412 185.959 0.02282
172.412 186.06 0.023962
172.412 186.161 0.02302
172.412 186.262 0.026176
172.412 186.363 0.024144
172.412 186.464 0.022867
172.412 186.565 0.024372
172.412 186.666 0.022995
172.412 186.767 0.024771
172.412 186.869 0.023695
172.412 186.97 0.02473
172.412 187.071 0.024259
172.412 187.172 0.022926
172.412 187.273 0.02287
172.412 187.374 0.023232
172.412 187.475 0.023885
172.412 187.576 0.023084
172.412 187.677 0.023099
172.412 187.778 0.02295
172.412 187.879 0.023213
172.412 187.98 0.022885
172.412 188.081 0.02318
172.412 188.182 0.022903
172.412 188.283 0.023359
172.412 188.385 0.023561
172.412 188.485 0.023702
172.412 188.587 0.022981
172.412 188.688 0.022837
172.412 188.789 0.024496
172.412 188.89 0.022754
172.412 188.991 0.024428
172.412 189.092 0.024255
172.412 189.193 0.025185
172.412 189.294 0.023701
172.412 189.395 0.023049
172.412 189.496 0.02278
172.412 189.597 0.023374
172.412 189.698 0.02313
172.412 189.799 0.024075
172.412 189.9 0.024539
172.412 190.001 0.023618
172.412 190.103 0.024652
172.412 190.204 0.02896
172.412 190.305 0.024514
172.412 190.406 0.024477
172.412 190.507 0.023299
181.335 190.608 0.025326
181.335 190.709 0.023971
181.335 190.81 0.022817
181.335 190.911 0.023149
181.335 191.012 0.0228
181.335 191.113 0.024018
181.335 191.214 0.024553
181.335 191.315 0.02305
181.335 191.416 0.024077
181.335 191.517 0.024648
181.335 191.618 0.02317
181.335 191.719 0.024401
181.335 191.82 0.023534
181.335 191.921 0.022671
181.335 192.022 0.022916
181.335 192.123 0.022768
181.335 192.224 0.0228
181.335 192.325 0.023558
181.335 192.427 0.024674
181.335 192.528 0.022922
181.335 192.629 0.023801
181.335 192.73 0.023741
181.335 192.831 0.022942
181.335 192.932 0.02349
181.335 193.033 0.02299
181.335 193.134 0.023295
181.335 193.235 0.022921
181.335 193.337 0.024511
181.335 193.438 0.022944
181.335 193.539 0.023097
181.335 193.64 0.023351
181.335 193.741 0.022812
181.335 193.842 0.022727
181.335 193.943 0.02301
181.335 194.044 0.023505
181.335 194.145 0.022772
181.335 194.246 0.023058
181.335 194.347 0.022854
181.335 194.448 0.023158
181.335 194.549 0.02483
181.335 194.651 0.025279
181.335 194.751 0.023231
181.335 194.853 0.023606
181.335 194.953 0.023133
181.335 195.055 0.023226
181.335 195.156 0.022829
181.335 195.257 0.023048
181.335 195.358 0.023102
181.335 195.459 0.024544
181.335 195.56 0.023193
181.335 195.662 0.023369
181.335 195.762 0.023101
181.335 195.863 0.023924
181.335 195.964 0.022668
181.335 196.065 0.022733
181.335 196.166 0.023186
181.335 196.267 0.022953
181.335 196.369 0.022835
181.335 196.47 0.022788
181.335 196.571 0.023084
181.335 196.672 0.023488
181.335 196.773 0.022815
181.335 196.874 0.022752
181.335 196.975 0.022748
181.335 197.076 0.022925
181.335 197.177 0.023418
181.335 197.278 0.02597
181.335 197.379 0.022765
181.335 197.48 0.02301
181.335 197.581 0.023027
181.335 197.683 0.023156
181.335 197.784 0.023197
181.335 197.884 0.02265
181.335 197.985 0.022893
181.335 198.086 0.02361
181.335 198.188 0.02523
181.335 198.288 0.025401
181.335 198.39 0.022956
181.335 198.49 0.024296
181.335 198.592 0.023348
181.335 198.693 0.02278
189.566 198.794 0.022646
189.566 198.895 0.024718
189.566 198.996 0.023308
189.566 199.097 0.024033
189.566 199.197 0.02416
189.566 199.299 0.025971
189.566 199.4 0.025857
189.566 199.501 0.023877
189.566 199.602 0.023119
197.776 199.703 0.02291
197.776 199.804 0.023483
197.776 199.905 0.024783
197.776 200.006 0.024788
197.776 200.108 0.028363
197.776 200.208 0.025201
197.776 200.309 0.025177
198.907 200.411 0.02426
198.907 200.512 0.025139
198.907 200.613 0.022952
198.907 200.714 0.023092
198.907 200.815 0.0227
198.907 200.916 0.022727
198.907 201.017 0.024107
198.907 201.118 0.023043
198.907 201.219 0.025816
198.907 201.32 0.025875
198.907 201.422 0.023032
198.907 201.522 0.023508
199.926 201.623 0.024579
199.926 201.724 0.024143
199.926 201.825 0.024082
199.926 201.927 0.022878
199.926 202.028 0.024152
199.926 202.129 0.024242
199.926 202.23 0.02268
199.926 202.331 0.023925
200.948 202.432 0.023014
200.948 202.533 0.022628
200.948 202.634 0.023234
200.948 202.735 0.023778
200.948 202.836 0.022638
200.948 202.938 0.024408
200.948 203.039 0.02615
200.948 203.14 0.025159
200.948 203.241 0.025732
201.97 203.342 0.023983
201.97 203.443 0.023712
201.97 203.545 0.024545
201.97 203.645 0.024201
201.97 203.747 0.024642
201.97 203.848 0.024288
202.99 203.949 0.024643
202.99 204.05 0.02384
202.99 204.151 0.023666
202.99 204.253 0.025194
202.99 204.354 0.022891
202.99 204.455 0.025144
202.99 204.556 0.02383
202.99 204.657 0.024102
202.99 204.758 0.02364
202.99 204.86 0.023919
202.99 204.961 0.024113
202.99 205.062 0.024201
202.99 205.163 0.025344
204.015 205.264 0.023751
204.015 205.365 0.023343
204.015 205.466 0.024146
204.015 205.567 0.023679
204.015 205.668 0.023411
204.015 205.769 0.023339
204.015 205.87 0.023054
204.015 205.971 0.023686
204.015 206.072 0.02577
204.015 206.173 0.027899
204.015 206.274 0.024216
204.015 206.375 0.028395
205.037 206.476 0.023709
205.037 206.578 0.023145
205.037 206.678 0.023075
205.037 206.779 0.025217
205.037 206.881 0.024381
205.037 206.982 0.022919
205.037 207.083 0.024418
205.037 207.184 0.024653
205.037 207.285 0.026297
205.037 207.386 0.02407
205.037 207.487 0.023926
205.037 207.588 0.024944
206.058 207.689 0.023422
206.058 207.79 0.023485
206.058 207.891 0.024519
206.058 207.992 0.023395
206.058 208.093 0.023373
206.058 208.194 0.028978
206.058 208.296 0.026889
206.058 208.397 0.02313
207.084 208.498 0.024116
207.084 208.599 0.023288
207.084 208.7 0.022908
207.084 208.801 0.024888
207.084 208.902 0.022834
207.084 209.003 0.025696
207.084 209.104 0.022937
208.105 209.205 0.023171
208.105 209.306 0.024611
208.105 209.407 0.023373
208.105 209.508 0.024425
208.105 209.61 0.023812
208.105 209.711 0.023308
208.105 209.812 0.023069
208.105 209.913 0.023182
208.105 210.014 0.02312
208.105 210.115 0.024022
208.105 210.216 0.027737
208.105 210.317 0.024199
208.105 210.419 0.026457
208.105 210.52 0.025523
208.105 210.621 0.025641
209.126 210.721 0.023978
209.126 210.822 0.022953
209.126 210.924 0.023819
209.126 211.025 0.023224
209.126 211.126 0.024557
209.126 211.227 0.025288
209.126 211.328 0.024281
209.126 211.429 0.026254
210.148 211.53 0.024821
210.148 211.631 0.024039
210.148 211.732 0.023257
210.148 211.833 0.023554
210.148 211.934 0.023745
210.148 212.035 0.023021
210.148 212.137 0.024175
210.148 212.237 0.024202
210.148 212.339 0.023902
210.148 212.44 0.02637
210.148 212.541 0.025389
211.168 212.642 0.023848
211.168 212.743 0.023901
211.168 212.844 0.02404
211.168 212.945 0.023868
211.168 213.046 0.023261
211.168 213.147 0.023438
211.168 213.249 0.023402
211.168 213.35 0.024677
212.188 213.451 0.023479
212.188 213.552 0.023417
212.188 213.653 0.023249
212.188 213.754 0.023113
212.188 213.855 0.025466
212.188 213.956 0.024532
212.188 214.058 0.024292
212.188 214.159 0.024452
212.188 214.26 0.023862
212.188 214.361 0.023818
212.188 214.462 0.022973
212.188 214.563 0.023171
212.188 214.664 0.022754
212.188 214.765 0.023459
212.188 214.866 0.023712
212.188 214.967 0.025761
212.188 215.069 0.024599
212.188 215.17 0.024443
212.188 215.271 0.023178
212.188 215.372 0.023761
212.188 215.473 0.02319
212.188 215.574 0.023779
212.188 215.675 0.022855
212.188 215.776 0.024513
212.188 215.877 0.022961
212.188 215.979 0.022948
212.188 216.08 0.023159
212.188 216.181 0.022935
212.188 216.282 0.023035
212.188 216.383 0.023125
212.188 216.484 0.022812
212.188 216.586 0.023974
212.188 216.687 0.023403
212.188 216.788 0.022702
212.188 216.889 0.023933
212.188 216.99 0.023136
212.188 217.091 0.023076
212.188 217.192 0.0233
212.188 217.293 0.023016
212.188 217.394 0.023262
212.188 217.495 0.023511
212.188 217.596 0.024431
212.188 217.697 0.022961
212.188 217.798 0.022765
212.188 217.899 0.023764
212.188 218 0.023909
212.188 218.101 0.025679
212.188 218.202 0.024909
212.188 218.303 0.023918
212.188 218.405 0.028447
212.188 218.506 0.028905
212.188 218.607 0.023207
212.188 218.708 0.025663
212.188 218.809 0.024806
212.188 218.91 0.024753
212.188 219.012 0.026142
212.188 219.112 0.024013
212.188 219.214 0.02489
212.188 219.315 0.02687
212.188 219.416 0.024935
212.188 219.517 0.025771
213.209 219.618 0.0231
213.209 219.719 0.023669
213.209 219.82 0.023318
213.209 219.921 0.02357
213.209 220.022 0.023793
213.209 220.123 0.024691
213.209 220.224 0.025464
213.209 220.325 0.023502
218.022 220.426 0.023227
218.022 220.527 0.024512
218.022 220.629 0.024346
218.022 220.731 0.028526
218.022 220.832 0.024455
218.022 220.933 0.022894
218.022 221.034 0.023385
218.022 221.135 0.022972
218.022 221.236 0.023619
218.022 221.337 0.023977
218.022 221.438 0.023315
218.022 221.539 0.023349
218.022 221.641 0.023415
218.022 221.742 0.023664
218.022 221.843 0.023601
218.022 221.945 0.02464
218.022 222.046 0.024611
218.022 222.147 0.02358
218.022 222.249 0.023412
218.022 222.35 0.023633
218.022 222.451 0.024297
218.022 222.552 0.023583
218.022 222.653 0.023769
218.022 222.755 0.024776
218.022 222.856 0.024093
218.022 222.957 0.023544
218.022 223.059 0.024922
218.022 223.16 0.023848
218.022 223.261 0.023352
218.022 223.363 0.024026
218.022 223.464 0.023609
218.022 223.565 0.024404
218.022 223.666 0.023152
218.022 223.768 0.024798
218.022 223.869 0.023094
218.022 223.97 0.024784
218.022 224.071 0.024988
218.022 224.173 0.025858
218.022 224.274 0.024772
218.022 224.375 0.023618
218.022 224.476 0.02346
218.022 224.577 0.024578
219.042 224.678 0.023452
219.042 224.779 0.023064
219.042 224.88 0.023505
219.042 224.981 0.02415
219.042 225.082 0.024189
219.042 225.184 0.025591
219.042 225.285 0.024999
219.042 225.386 0.026063
219.042 225.487 0.023685
219.042 225.589 0.026622
219.042 225.69 0.027027
219.042 225.791 0.024744
223.971 225.892 0.024915
223.971 225.993 0.024733
223.971 226.095 0.023506
223.971 226.196 0.023786
223.971 226.297 0.023583
223.971 226.398 0.02288
223.971 226.5 0.023302
223.971 226.601 0.023456
223.971 226.702 0.023637
223.971 226.803 0.023163
223.971 226.905 0.023451
223.971 227.006 0.023342
223.971 227.107 0.024016
223.971 227.209 0.023341
223.971 227.31 0.023333
223.971 227.411 0.023879
223.971 227.512 0.022577
223.971 227.613 0.024038
223.971 227.714 0.023035
223.971 227.815 0.023616
223.971 227.916 0.023926
223.971 228.018 0.024068
223.971 228.119 0.024305
223.971 228.22 0.023137
223.971 228.322 0.024205
223.971 228.423 0.024139
223.971 228.524 0.023413
223.971 228.625 0.024457
223.971 228.727 0.024595
223.971 228.828 0.02358
223.971 228.929 0.023213
223.971 229.03 0.022664
223.971 229.131 0.023476
223.971 229.232 0.024364
223.971 229.334 0.023965
223.971 229.435 0.023596
223.971 229.536 0.024537
223.971 229.638 0.022949
223.971 229.739 0.023493
223.971 229.84 0.022918
223.971 229.942 0.023687
223.971 230.043 0.023907
223.971 230.144 0.023729
223.971 230.245 0.024656
223.971 230.347 0.023587
223.971 230.448 0.024563
223.971 230.549 0.023154
223.971 230.65 0.023468
223.971 230.751 0.022684
223.971 230.853 0.024333
223.971 230.954 0.023593
223.971 231.055 0.022664
223.971 231.156 0.024332
223.971 231.257 0.023514
223.971 231.358 0.025894
223.971 231.459 0.025777
223.971 231.56 0.022749
223.971 231.662 0.023434
223.971 231.763 0.024018
224.991 231.864 0.023266
224.991 231.965 0.024591
224.991 232.066 0.02429
224.991 232.167 0.023377
224.991 232.269 0.023066
224.991 232.37 0.023157
224.991 232.471 0.022979
224.991 232.573 0.022952
224.991 232.674 0.024509
224.991 232.775 0.023837
224.991 232.876 0.023738
224.991 232.977 0.023202
224.991 233.079 0.02423
224.991 233.18 0.023428
224.991 233.281 0.023205
224.991 233.382 0.023895
224.991 233.484 0.023448
224.991 233.585 0.023674
224.991 233.686 0.024194
224.991 233.787 0.023622
224.991 233.889 0.023488
224.991 233.99 0.023501
224.991 234.091 0.024102
224.991 234.192 0.023503
224.991 234.294 0.023143
224.991 234.395 0.022691
224.991 234.496 0.023446
224.991 234.597 0.023021
224.991 234.699 0.023371
224.991 234.8 0.023556
224.991 234.901 0.023895
224.991 235.002 0.023095
224.991 235.103 0.023877
224.991 235.205 0.023543
224.991 235.306 0.023587
224.991 235.407 0.023242
224.991 235.509 0.023798
224.991 235.61 0.023457
224.991 235.711 0.023725
224.991 235.812 0.023534
224.991 235.914 0.02392
224.991 236.015 0.024289
224.991 236.116 0.02339
224.991 236.217 0.023505
224.991 236.319 0.023899
224.991 236.42 0.023219
224.991 236.521 0.022416
224.991 236.622 0.022823
224.991 236.724 0.023798
224.991 236.825 0.02453
224.991 236.926 0.023514
224.991 237.027 0.02353
224.991 237.129 0.026127
224.991 237.23 0.022843
224.991 237.331 0.023237
224.991 237.432 0.023431
224.991 237.533 0.023205
224.991 237.634 0.023471
224.991 237.735 0.023581
224.991 237.836 0.023852
230.884 237.937 0.024671
230.884 238.038 0.024618
230.884 238.14 0.026105
230.884 238.241 0.024212
230.884 238.342 0.024093
230.884 238.443 0.024241
230.884 238.545 0.023566
230.884 238.646 0.023802
230.884 238.747 0.024419
236.958 238.848 0.023895
236.958 238.949 0.023308
236.958 239.051 0.024697
236.958 239.152 0.025362
236.958 239.253 0.024349
236.958 239.354 0.023813
236.958 239.455 0.022953
236.958 239.556 0.02349
236.958 239.657 0.023374
236.958 239.759 0.025844
237.978 239.86 0.024136
237.978 239.961 0.023116
237.978 240.062 0.02325
237.978 240.163 0.024834
237.978 240.264 0.024013
237.978 240.365 0.02343
237.978 240.466 0.024181
237.978 240.567 0.023974
237.978 240.668 0.023009
237.978 240.769 0.024499
237.978 240.87 0.024375
237.978 240.971 0.024097
238.999 241.072 0.022855
238.999 241.173 0.024054
238.999 241.274 0.024694
238.999 241.375 0.023851
238.999 241.477 0.022742
238.999 241.578 0.023412
238.999 241.679 0.024434
240.019 241.78 0.022964
240.019 241.881 0.02324
240.019 241.982 0.022951
240.019 242.083 0.023451
240.019 242.184 0.023079
240.019 242.286 0.02347
240.019 242.387 0.023336
240.019 242.488 0.022727
240.019 242.589 0.023455
240.019 242.69 0.023598
240.019 242.792 0.022693
240.019 242.893 0.024223
240.019 242.994 0.022959
240.019 243.095 0.024096
240.019 243.197 0.023905
240.019 243.298 0.022712
240.019 243.399 0.026441
240.019 243.5 0.023641
240.019 243.602 0.023576
240.019 243.703 0.023381
240.019 243.804 0.023453
240.019 243.905 0.024052
240.019 244.006 0.024088
240.019 244.107 0.023838
240.019 244.208 0.023297
240.019 244.31 0.023759
240.019 244.411 0.024438
240.019 244.512 0.023361
240.019 244.613 0.023875
240.019 244.714 0.022323
240.019 244.816 0.023678
240.019 244.917 0.023595
240.019 245.018 0.023951
240.019 245.119 0.024315
240.019 245.22 0.023263
240.019 245.321 0.024252
240.019 245.422 0.023918
240.019 245.524 0.023386
240.019 245.624 0.022604
240.019 245.725 0.024211
240.019 245.827 0.02308
240.019 245.928 0.023464
240.019 246.029 0.023975
240.019 246.13 0.02422
240.019 246.231 0.023767
240.019 246.332 0.02414
240.019 246.433 0.023448
240.019 246.534 0.023238
240.019 246.635 0.023424
240.019 246.736 0.024298
240.019 246.837 0.023249
240.019 246.938 0.02352
240.019 247.039 0.023259
240.019 247.14 0.02498
240.019 247.241 0.023355
240.019 247.342 0.023267
240.019 247.443 0.023039
240.019 247.544 0.023528
240.019 247.645 0.023411
240.019 247.746 0.023632
240.019 247.847 0.026945
240.019 247.949 0.025129
240.019 248.049 0.023751
240.019 248.15 0.023243
241.041 248.251 0.023312
241.041 248.352 0.022963
241.041 248.453 0.023467
241.041 248.554 0.024371
241.041 248.655 0.023448
241.041 248.757 0.023304
241.041 248.858 0.023476
241.041 248.959 0.026805
241.041 249.06 0.023972
241.041 249.161 0.024241
241.041 249.262 0.023394
246.849 249.363 0.024019
246.849 249.464 0.023321
246.849 249.565 0.023851
246.849 249.666 0.024253
246.849 249.767 0.0237
246.849 249.868 0.022798
246.849 249.969 0.023747
246.849 250.07 0.026743
246.849 250.172 0.023797
246.849 250.273 0.023324
247.869 250.374 0.023818
247.869 250.475 0.023296
247.869 250.576 0.023376
247.869 250.677 0.023519
247.869 250.778 0.02347
247.869 250.879 0.024441
247.869 250.98 0.024678
247.869 251.081 0.026327
248.891 251.182 0.022568
248.891 251.283 0.023176
248.891 251.384 0.023878
248.891 251.485 0.023609
248.891 251.586 0.023707
248.891 251.687 0.023563
248.891 251.788 0.024547
248.891 251.889 0.024002
248.891 251.991 0.023255
248.891 252.092 0.024505
249.912 252.193 0.022789
249.912 252.294 0.023109
249.912 252.395 0.024454
249.912 252.497 0.024239
249.912 252.598 0.023894
249.912 252.699 0.023719
249.912 252.8 0.02554
249.912 252.901 0.023924
249.912 253.002 0.023919
250.934 253.103 0.023652
250.934 253.204 0.022572
250.934 253.305 0.023184
250.934 253.406 0.023778
250.934 253.507 0.028873
250.934 253.608 0.026734
251.954 253.709 0.023467
251.954 253.81 0.023075
251.954 253.911 0.023989
251.954 254.012 0.025613
251.954 254.113 0.024022
251.954 254.215 0.023491
251.954 254.316 0.024109
252.977 254.417 0.022813
252.977 254.518 0.022782
252.977 254.619 0.024459
252.977 254.72 0.022781
252.977 254.821 0.024572
252.977 254.922 0.024096
252.977 255.023 0.025126
252.977 255.124 0.025521
252.977 255.225 0.024009
253.999 255.326 0.023526
253.999 255.427 0.023192
253.999 255.529 0.024464
253.999 255.63 0.024759
253.999 255.731 0.024049
255.021 255.832 0.023685
255.021 255.933 0.023504
255.021 256.034 0.023778
255.021 256.135 0.023657
255.021 256.236 0.023542
255.021 256.337 0.024039
255.021 256.438 0.023785
255.021 256.54 0.024554
255.021 256.641 0.022958
255.021 256.742 0.024608
255.021 256.843 0.023117
255.021 256.944 0.023735
255.021 257.045 0.023866
255.021 257.146 0.027028
255.021 257.247 0.024883
255.021 257.348 0.024
256.044 257.449 0.024335
256.044 257.55 0.023514
256.044 257.651 0.024534
256.044 257.752 0.022767
256.044 257.853 0.023711
256.044 257.954 0.023208
256.044 258.055 0.022719
256.044 258.157 0.025597
256.044 258.258 0.026185
257.066 258.359 0.02347
257.066 258.46 0.023753
257.066 258.561 0.022981
257.066 258.662 0.024929
257.066 258.763 0.02324
257.066 258.864 0.023047
257.066 258.965 0.022897
257.066 259.066 0.024729
258.086 259.167 0.023905
258.086 259.268 0.022816
258.086 259.369 0.023432
258.086 259.47 0.024529
258.086 259.571 0.022986
258.086 259.673 0.023698
258.086 259.774 0.024927
258.086 259.875 0.023203
258.086 259.976 0.022844
259.107 260.077 0.023724
259.107 260.178 0.023734
259.107 260.279 0.023623
259.107 260.38 0.022933
259.107 260.481 0.022695
259.107 260.582 0.023303
259.107 260.684 0.023921
260.127 260.784 0.023685
260.127 260.885 0.022656
260.127 260.987 0.023653
260.127 261.088 0.024289
260.127 261.189 0.02322
260.127 261.29 0.025332
260.127 261.391 0.023415
260.127 261.492 0.023657
260.127 261.593 0.024168
260.127 261.694 0.02432
260.127 261.795 0.024321
260.127 261.896 0.023017
260.127 261.997 0.024044
260.127 262.098 0.022708
261.149 262.2 0.025573
261.149 262.301 0.0267
261.149 262.402 0.024162
261.149 262.503 0.023261
261.149 262.605 0.024156
261.149 262.706 0.024505
261.149 262.807 0.024181
261.149 262.908 0.023874
261.149 263.009 0.02349
261.149 263.11 0.023609
262.17 263.211 0.023768
262.17 263.312 0.025617
262.17 263.413 0.024295
262.17 263.514 0.023328
262.17 263.615 0.024474
262.17 263.716 0.025326
262.17 263.818 0.022971
262.17 263.919 0.023947
262.17 264.02 0.023834
262.17 264.121 0.024166
263.192 264.222 0.024345
263.192 264.323 0.023679
263.192 264.424 0.023122
263.192 264.525 0.023555
263.192 264.626 0.023676
263.192 264.727 0.022847
263.192 264.828 0.023065
263.192 264.929 0.022804
263.192 265.03 0.023313
263.192 265.132 0.024744
263.192 265.233 0.023123
263.192 265.334 0.029733
263.192 265.435 0.024337
264.213 265.536 0.023421
264.213 265.637 0.023983
264.213 265.738 0.024202
264.213 265.839 0.023064
264.213 265.94 0.023569
264.213 266.041 0.02473
264.213 266.142 0.022839
264.213 266.244 0.023977
265.234 266.344 0.024441
265.234 266.445 0.023834
265.234 266.546 0.023475
265.234 266.647 0.024526
265.234 266.748 0.02398
265.234 266.849 0.023753
265.234 266.95 0.023912
265.234 267.051 0.024428
265.234 267.152 0.0226
265.234 267.254 0.023849
265.234 267.355 0.029171
265.234 267.456 0.028478
266.259 267.557 0.024182
266.259 267.658 0.026411
266.259 267.76 0.023967
266.259 267.861 0.02548
266.259 267.962 0.023618
266.259 268.063 0.023689
266.259 268.164 0.02369
266.259 268.265 0.024663
267.281 268.366 0.025754
267.281 268.467 0.023693
267.281 268.568 0.023737
267.281 268.669 0.032844
267.281 268.77 0.023166
267.281 268.871 0.022916
267.281 268.972 0.022824
267.281 269.073 0.02349
267.281 269.174 0.023705
267.281 269.275 0.023707
267.281 269.377 0.024934
268.302 269.478 0.025335
268.302 269.579 0.023292
268.302 269.68 0.023157
268.302 269.781 0.023864
268.302 269.882 0.024028
268.302 269.983 0.023756
268.302 270.084 0.023786
268.302 270.185 0.023976
268.302 270.287 0.023125
268.302 270.388 0.025196
268.302 270.489 0.026431
268.302 270.59 0.023481
269.323 270.691 0.023221
269.323 270.792 0.023021
269.323 270.893 0.023801
269.323 270.994 0.024424
269.323 271.096 0.023995
269.323 271.197 0.024074
269.323 271.298 0.026213
269.323 271.399 0.023608
269.323 271.5 0.025534
270.344 271.601 0.02499
270.344 271.702 0.023955
270.344 271.803 0.024218
270.344 271.904 0.024122
270.344 272.005 0.023588
270.344 272.107 0.02593
270.344 272.208 0.024277
270.344 272.309 0.027251
270.344 272.41 0.023383
270.344 272.511 0.027414
270.344 272.612 0.024629
271.365 272.713 0.023323
271.365 272.814 0.023153
271.365 272.915 0.022822
271.365 273.016 0.022559
271.365 273.117 0.024529
271.365 273.218 0.024571
272.385 273.319 0.022864
272.385 273.42 0.024598
272.385 273.521 0.023248
272.385 273.622 0.022904
272.385 273.725 0.023485
272.385 273.827 0.028772
272.385 273.928 0.023831
272.385 274.029 0.024034
272.385 274.13 0.022911
272.385 274.231 0.026069
272.385 274.333 0.023582
272.385 274.434 0.022905
272.385 274.535 0.026868
273.408 274.636 0.023239
273.408 274.738 0.023591
273.408 274.839 0.023202
273.408 274.94 0.023858
273.408 275.041 0.022979
273.408 275.143 0.025379
273.408 275.244 0.023666
273.408 275.345 0.023709
273.408 275.446 0.023243
273.408 275.548 0.024137
274.43 275.649 0.02397
274.43 275.751 0.024023
274.43 275.851 0.023081
274.43 275.953 0.023646
274.43 276.054 0.022948
274.43 276.155 0.022979
274.43 276.256 0.023988
274.43 276.358 0.023907
274.43 276.459 0.023094
274.43 276.56 0.024199
274.43 276.661 0.023174
274.43 276.762 0.023989
274.43 276.863 0.023025
274.43 276.965 0.022893
274.43 277.066 0.023104
274.43 277.167 0.023742
274.43 277.268 0.023117
274.43 277.369 0.023188
274.43 277.47 0.02355
274.43 277.572 0.022203
274.43 277.673 0.022725
274.43 277.774 0.022297
274.43 277.875 0.02259
274.43 277.976 0.022755
274.43 278.077 0.02395
274.43 278.179 0.02316
274.43 278.28 0.022753
274.43 278.381 0.02323
274.43 278.482 0.02323
274.43 278.583 0.023536
274.43 278.684 0.02401
274.43 278.786 0.023167
274.43 278.887 0.023453
274.43 278.988 0.023014
274.43 279.089 0.023292
274.43 279.191 0.023431
274.43 279.291 0.022757
274.43 279.393 0.023185
274.43 279.494 0.023646
274.43 279.595 0.023068
274.43 279.696 0.022829
274.43 279.798 0.023428
274.43 279.899 0.02321
274.43 280 0.022993
274.43 280.101 0.023029
274.43 280.202 0.024585
274.43 280.303 0.023133
274.43 280.405 0.023164
274.43 280.506 0.024456
274.43 280.607 0.022971
274.43 280.709 0.022807
274.43 280.81 0.032229
274.43 280.911 0.0245
274.43 281.012 0.023386
274.43 281.113 0.02441
274.43 281.214 0.024171
274.43 281.315 0.023168
274.43 281.417 0.023739
274.43 281.518 0.024013
274.43 281.619 0.023512
274.43 281.72 0.023154
274.43 281.822 0.023626
274.43 281.923 0.023812
274.43 282.024 0.02528
274.43 282.125 0.023158
274.43 282.227 0.023992
274.43 282.329 0.023433
274.43 282.43 0.02317
275.454 282.531 0.023979
275.454 282.632 0.023169
275.454 282.733 0.023738
275.454 282.835 0.023097
275.454 282.936 0.023827
275.454 283.037 0.023594
275.454 283.138 0.023346
275.454 283.239 0.023892
275.454 283.341 0.024503
275.454 283.442 0.024584
275.454 283.543 0.022792
275.454 283.644 0.022675
275.454 283.746 0.023462
275.454 283.847 0.023082
275.454 283.948 0.023074
275.454 284.049 0.025898
275.454 284.15 0.023938
275.454 284.252 0.023693
275.454 284.353 0.02303
275.454 284.454 0.023802
275.454 284.555 0.023442
275.454 284.657 0.023661
275.454 284.758 0.023259
275.454 284.859 0.023185
275.454 284.961 0.022911
275.454 285.062 0.025682
275.454 285.163 0.023033
275.454 285.264 0.023818
275.454 285.365 0.022689
275.454 285.466 0.022683
275.454 285.567 0.023179
275.454 285.668 0.023012
275.454 285.769 0.023627
275.454 285.87 0.023273
275.454 285.971 0.023385
275.454 286.072 0.023143
275.454 286.173 0.023093
275.454 286.274 0.023521
275.454 286.375 0.022716
275.454 286.476 0.023351
275.454 286.578 0.024879
275.454 286.679 0.022904
275.454 286.78 0.022988
275.454 286.881 0.023121
275.454 286.982 0.023307
275.454 287.083 0.024032
275.454 287.185 0.023202
275.454 287.286 0.022891
275.454 287.387 0.023072
275.454 287.488 0.022968
275.454 287.589 0.024289
275.454 287.691 0.022986
275.454 287.792 0.022933
275.454 287.893 0.022852
275.454 287.994 0.023309
275.454 288.095 0.022974
275.454 288.196 0.023271
275.454 288.297 0.022657
275.454 288.398 0.023126
275.454 288.5 0.025666
275.454 288.601 0.025339
275.454 288.702 0.023387
275.454 288.803 0.023351
275.454 288.904 0.023143
275.454 289.005 0.02338
275.454 289.106 0.022559
275.454 289.207 0.024933
275.454 289.308 0.022959
275.454 289.409 0.022894
275.454 289.511 0.025751
275.454 289.611 0.023296
275.454 289.713 0.025756
275.454 289.814 0.025019
275.454 289.915 0.02371
275.454 290.016 0.027308
281.576 290.117 0.025595
281.576 290.218 0.022743
281.576 290.319 0.023542
281.576 290.42 0.024363
281.576 290.521 0.022951
281.576 290.622 0.023417
281.576 290.723 0.024046
281.576 290.824 0.022797
281.576 290.925 0.022858
281.576 291.026 0.023319
281.576 291.128 0.022989
281.576 291.229 0.022991
281.576 291.33 0.022846
281.576 291.431 0.023189
281.576 291.532 0.022839
281.576 291.633 0.023019
281.576 291.734 0.023241
281.576 291.835 0.023036
281.576 291.937 0.023567
281.576 292.038 0.022998
281.576 292.139 0.023383
281.576 292.24 0.023046
281.576 292.341 0.023105
281.576 292.442 0.022964
281.576 292.543 0.022753
281.576 292.644 0.02262
281.576 292.745 0.023022
281.576 292.846 0.022963
281.576 292.947 0.022735
281.576 293.049 0.024009
281.576 293.15 0.025004
281.576 293.251 0.022928
281.576 293.352 0.023095
281.576 293.453 0.023012
281.576 293.554 0.023088
281.576 293.655 0.023421
281.576 293.756 0.022963
281.576 293.857 0.02445
281.576 293.958 0.023662
281.576 294.059 0.026147
281.576 294.16 0.023042
281.576 294.261 0.025279
281.576 294.362 0.024545
281.576 294.463 0.023834
281.576 294.565 0.024471
288.478 294.666 0.025016
288.478 294.767 0.02305
288.478 294.868 0.023699
288.478 294.969 0.023859
288.478 295.07 0.023388
288.478 295.171 0.022871
288.478 295.272 0.024349
288.478 295.373 0.022813
288.478 295.474 0.022901
288.478 295.576 0.022679
288.478 295.677 0.023098
288.478 295.778 0.022966
288.478 295.879 0.022772
288.478 295.98 0.022913
288.478 296.081 0.022905
288.478 296.182 0.022757
288.478 296.284 0.022878
288.478 296.385 0.023214
288.478 296.486 0.022581
288.478 296.587 0.023078
288.478 296.688 0.023401
288.478 296.789 0.023496
288.478 296.89 0.022769
288.478 296.991 0.022865
288.478 297.093 0.022859
288.478 297.194 0.022847
288.478 297.295 0.023313
288.478 297.396 0.023045
288.478 297.497 0.022827
288.478 297.598 0.022798
