139.193 2.04957 0.026933 1.88186 0.157006
141.271 0.252148 0.021238 0.106848 0.139845
142.294 0.232356 0.0213 0.087606 0.141324
143.317 0.198424 0.026056 0.06984 0.125368
144.344 0.180404 0.020987 0.065445 0.112199
145.366 0.185101 0.020497 0.060602 0.121729
146.388 0.185936 0.02195 0.060888 0.122275
147.411 0.18127 0.022999 0.065481 0.112908
148.435 0.194044 0.021271 0.072041 0.119138
149.457 0.17978 0.020518 0.063969 0.11306
150.479 0.177857 0.019701 0.068094 0.106978
151.5 0.297684 0.02147 0.069393 0.225597
152.523 0.25463 0.021211 0.067377 0.184564
153.545 0.244864 0.018804 0.068358 0.173741
154.565 0.259573 0.018951 0.067497 0.189349
155.586 8.64085 0.019351 0.062191 8.57595
164.247 0.283993 0.018721 0.085022 0.196141
165.267 0.239048 0.019372 0.060364 0.175908
166.288 0.240384 0.019045 0.066597 0.171045
167.308 0.265643 0.018698 0.06964 0.193226
168.328 0.237873 0.019364 0.063678 0.171395
169.349 0.233784 0.019198 0.059846 0.171268
170.37 0.257322 0.019212 0.059515 0.195044
171.39 0.242925 0.020137 0.059666 0.1804
172.412 8.90062 0.021327 0.060237 8.8377
181.335 8.21133 0.018526 0.095912 8.1125
189.566 8.19041 0.018493 0.081584 8.10597
197.776 1.11174 0.01789 0.114164 0.994815
198.907 0.853392 0.018099 0.060911 0.789633
199.926 0.249706 0.020059 0.056738 0.190067
200.948 0.235681 0.021239 0.062076 0.170688
201.97 0.230972 0.018479 0.059857 0.168416
202.99 0.237728 0.023291 0.059475 0.174955
204.015 0.23844 0.021352 0.050425 0.185316
205.037 0.723873 0.019904 0.058172 0.662986
206.058 0.297608 0.023783 0.0659 0.228075
207.084 0.243701 0.020062 0.061204 0.179725
208.105 0.228926 0.019909 0.058316 0.167864
209.126 0.673647 0.020605 0.047732 0.623157
210.148 0.636491 0.018327 0.054467 0.579294
211.168 0.699475 0.018747 0.058909 0.637822
212.188 0.250212 0.019697 0.059843 0.187418
213.209 4.79138 0.020593 0.058011 4.73061
218.022 0.677322 0.018883 0.056788 0.617828
219.042 4.90934 0.019013 0.057327 4.84926
223.971 0.257123 0.01871 0.060049 0.194327
224.991 5.87241 0.019345 0.057702 5.81199
230.884 6.05448 0.018431 0.067183 5.98465
236.958 0.15581 0.018039 0.073349 0.079848
237.978 0.142771 0.020191 0.056761 0.083288
238.999 0.138052 0.018177 0.055177 0.080222
240.019 0.148594 0.020688 0.05729 0.088672
241.041 5.78737 0.020066 0.057821 5.72678
246.849 0.158144 0.018869 0.07479 0.080612
247.869 0.137729 0.02027 0.055741 0.079114
248.891 0.147649 0.019983 0.055508 0.08942
249.912 0.139436 0.020829 0.056243 0.080561
250.934 0.158893 0.018981 0.057242 0.099059
251.954 0.162603 0.02137 0.061345 0.098531
252.977 0.148005 0.020847 0.058629 0.086628
253.999 0.146331 0.021246 0.058923 0.084765
255.021 0.146689 0.021368 0.060255 0.083413
256.044 0.134195 0.020708 0.047608 0.083982
257.066 0.134921 0.019071 0.054643 0.077667
258.086 0.141935 0.019473 0.055687 0.083579
259.107 0.132837 0.019499 0.047387 0.082788
260.127 0.129183 0.020694 0.046226 0.080267
261.149 0.128184 0.020224 0.046861 0.078642
262.17 0.13408 0.020447 0.048408 0.08285
263.192 0.134668 0.019375 0.048542 0.083484
264.213 0.135203 0.019682 0.046169 0.086375
265.234 0.150085 0.024189 0.058826 0.088588
266.259 0.14045 0.020884 0.048603 0.088608
267.281 0.160866 0.019889 0.058616 0.099619
268.302 0.132531 0.020088 0.045801 0.084055
269.323 0.143078 0.019325 0.057324 0.083096
270.344 0.144884 0.019954 0.057912 0.084271
271.365 0.146926 0.019356 0.057319 0.087
272.385 0.15596 0.021626 0.060518 0.091957
273.408 0.137729 0.020577 0.048977 0.086155
274.43 0.166261 0.022739 0.057915 0.105392
275.454 6.10146 0.01943 0.05622 6.0426
281.576 6.88106 0.019447 0.083338 6.7949
288.478 5.36824 0.018461 0.089265 5.27629
293.865 6.76002 0.019771 0.065783 6.68887
300.646 6.4902 0.019207 0.06551 6.42198
307.157 6.45267 0.020541 0.059423 6.39033
313.631 0.254641 0.020534 0.060244 0.191608
314.653 6.27476 0.017785 0.059707 6.21216
320.947 0.647913 0.019735 0.057761 0.587451
321.968 0.463365 0.020232 0.058204 0.40244
322.99 0.544252 0.019998 0.057606 0.48392
324.011 0.834418 0.018915 0.056355 0.775334
325.031 0.848186 0.021461 0.05609 0.789219
326.054 7.07996 0.019328 0.059191 7.01807
333.154 0.74945 0.018468 0.091965 0.654768
334.174 0.813247 0.021387 0.058479 0.751881
335.197 0.813924 0.020016 0.055116 0.756054
336.219 7.87964 0.020668 0.062035 7.81488
344.121 7.93914 0.018688 0.128373 7.80782
352.08 7.5697 0.019048 0.103558 7.46347
359.67 0.78029 0.018658 0.060252 0.717446
360.69 4.84724 0.020137 0.05841 4.78616
365.558 0.743802 0.018265 0.059795 0.681378
366.578 0.753313 0.021392 0.056573 0.694114
367.601 7.75815 0.020698 0.058344 7.69717
375.381 5.80828 0.018867 0.083827 5.72185
381.21 1.04135 0.019221 0.059958 0.978811
382.271 0.880864 0.018775 0.057073 0.821171
383.292 1.03562 0.02116 0.057444 0.975547
384.35 4.3734 0.018388 0.05729 4.31352
388.743 6.28153 0.018869 0.05974 6.21922
395.044 5.88401 0.018797 0.057261 5.82402
400.948 4.49509 0.01882 0.059285 4.43316
405.463 5.94209 0.019667 0.059562 5.87988
411.426 6.47242 0.018421 0.055652 6.41414
417.918 0.224917 0.018928 0.058096 0.164155
418.938 0.736567 0.019095 0.054591 0.679357
419.959 6.58675 0.02597 0.057627 6.5264
426.573 0.726529 0.01844 0.057147 0.666762
427.592 0.882856 0.020706 0.05787 0.822192
428.614 0.228624 0.020351 0.062403 0.163488
429.636 0.921964 0.019593 0.056616 0.862692
430.657 0.227121 0.021 0.059187 0.165205
431.679 0.210816 0.018748 0.059624 0.148447
432.699 0.701244 0.024102 0.063523 0.634343
433.725 0.209976 0.019247 0.057549 0.149792
434.746 0.2225 0.020875 0.06152 0.158251
435.768 7.09264 0.019216 0.05531 7.03471
442.881 0.198237 0.019401 0.060182 0.135368
443.901 0.221945 0.018403 0.057762 0.1615
444.921 0.209063 0.018829 0.059084 0.14726
445.941 0.205171 0.019358 0.05967 0.142629
446.962 0.211425 0.018506 0.061378 0.147443
447.982 0.21805 0.019464 0.062474 0.152994
449.003 0.208242 0.018171 0.06104 0.144622
450.022 0.205348 0.017404 0.059241 0.143457
451.041 0.212056 0.019894 0.062451 0.146886
452.062 0.212221 0.016839 0.056685 0.152832
453.08 0.204364 0.018989 0.061738 0.139863
454.1 0.199023 0.018522 0.053536 0.142797
455.12 0.205228 0.023246 0.054718 0.147434
456.145 0.219401 0.018634 0.060459 0.156312
457.165 0.20291 0.018281 0.054134 0.146158
458.184 0.199795 0.02143 0.056809 0.139736
459.207 0.198221 0.019078 0.055874 0.139636
460.227 0.21101 0.018568 0.057245 0.151028
461.247 0.20926 0.018238 0.054241 0.152443
462.267 0.200146 0.018044 0.054985 0.142557
463.286 0.210167 0.022176 0.054103 0.153077
464.31 0.207723 0.017955 0.058583 0.146246
465.329 0.185971 0.020387 0.043498 0.139752
466.351 0.19219 0.017392 0.054143 0.135449
467.37 7.43342 0.017231 0.055009 7.37577
474.822 7.50291 0.017478 0.054811 7.44548
482.343 0.216789 0.019179 0.055497 0.158675
483.364 0.200656 0.017564 0.054913 0.143044
484.384 0.193142 0.018083 0.05507 0.135199
485.403 0.182416 0.021401 0.044151 0.135602
486.426 0.189858 0.019602 0.053466 0.133505
487.447 0.181279 0.018788 0.042932 0.135736
488.467 0.759667 0.020717 0.043469 0.713533
489.489 0.133464 0.01797 0.053264 0.077533
490.508 0.137339 0.019267 0.056003 0.078636
491.529 0.128204 0.020879 0.047866 0.07769
492.551 0.127055 0.01925 0.045667 0.078566
493.572 0.138869 0.018337 0.056003 0.080154
494.592 0.125422 0.01997 0.042595 0.080071
495.613 0.141247 0.017951 0.055634 0.082901
496.633 0.135105 0.019207 0.05406 0.078431
497.653 0.128079 0.020965 0.046628 0.078827
498.675 0.137245 0.018654 0.055598 0.078909
499.695 0.127617 0.019456 0.044377 0.08059
500.716 0.126086 0.018036 0.044798 0.078622
501.736 0.127529 0.021386 0.042776 0.082162
502.759 0.140905 0.018318 0.055643 0.082481
503.779 0.135446 0.018636 0.046067 0.086775
504.799 0.135734 0.019448 0.056838 0.076185
505.821 0.142349 0.018243 0.055513 0.0839
506.84 0.127946 0.020871 0.043393 0.081901
507.863 0.122886 0.020503 0.044616 0.075542
508.884 0.220423 0.019148 0.057093 0.160602
509.905 0.120089 0.019145 0.040268 0.077085
510.926 0.124241 0.020147 0.042998 0.078575
511.947 0.134055 0.018009 0.055902 0.07556
512.967 0.140502 0.017347 0.053532 0.084389
513.986 0.134945 0.018829 0.055262 0.076907
515.006 0.12374 0.020734 0.043038 0.07778
516.028 0.124966 0.020868 0.042332 0.080015
517.051 0.151348 0.018889 0.053847 0.094724
518.071 0.126705 0.02046 0.043551 0.08042
519.093 0.142544 0.01854 0.055944 0.083867
520.113 0.136286 0.020801 0.054786 0.078847
521.136 0.125902 0.021576 0.045617 0.077557
522.158 0.129559 0.021398 0.045776 0.081189
523.181 0.123871 0.020434 0.04334 0.077785
524.203 0.12887 0.019542 0.045598 0.080439
525.227 0.138735 0.018178 0.054935 0.081085
526.247 0.139063 0.018053 0.052897 0.083395
527.266 0.135209 0.021204 0.055222 0.077268
528.289 0.128669 0.018756 0.04615 0.079323
529.309 0.126937 0.018585 0.044938 0.078962
530.328 0.127132 0.020285 0.045786 0.07877
531.35 0.130283 0.019077 0.045123 0.082572
532.371 0.129111 0.018002 0.044165 0.080818
533.39 0.131267 0.020101 0.045858 0.082405
534.412 0.121646 0.02415 0.043523 0.075468
535.438 0.131056 0.021546 0.044166 0.084258
536.461 0.125272 0.020424 0.044915 0.077779
537.482 0.128896 0.019043 0.046387 0.079866
538.503 0.134729 0.021362 0.047428 0.084316
539.526 0.191182 0.018008 0.045836 0.142638
540.545 0.199195 0.018032 0.044927 0.151079
541.565 0.182998 0.019065 0.048374 0.131983
542.585 0.183529 0.017963 0.044509 0.136197
543.604 0.179627 0.020159 0.047035 0.129983
544.626 0.179281 0.020894 0.04703 0.129445
545.648 0.182968 0.019682 0.048172 0.132169
546.669 0.170269 0.020404 0.046456 0.121226
547.69 0.703049 0.021238 0.046829 0.653081
548.713 0.552542 0.021958 0.04655 0.503002
549.736 0.413105 0.023781 0.04378 0.366709
550.762 0.400373 0.021626 0.045252 0.352476
551.785 0.456832 0.020268 0.043807 0.409429
552.807 0.202515 0.019965 0.046257 0.153585
553.828 0.173141 0.01874 0.046877 0.123596
554.848 0.17689 0.019938 0.04639 0.127517
555.869 0.180444 0.025649 0.044942 0.132731
556.897 0.194715 0.020652 0.047765 0.14436
557.918 0.195577 0.019482 0.047042 0.145903
558.939 0.19807 0.020254 0.046382 0.148284
559.961 0.188472 0.022922 0.049284 0.136513
560.985 0.187467 0.018263 0.0454 0.138952
562.005 0.194113 0.019359 0.046541 0.145
563.026 0.201639 0.018954 0.049446 0.149597
564.047 0.201014 0.020447 0.049988 0.147872
565.069 0.191568 0.01986 0.052614 0.136278
566.09 0.200291 0.019951 0.051487 0.146173
567.111 0.207619 0.020834 0.051121 0.153733
568.133 0.198962 0.020206 0.049608 0.146752
569.155 0.201095 0.019088 0.050613 0.147825
570.175 0.197504 0.020519 0.049769 0.144773
571.197 0.201384 0.019408 0.051146 0.147492
572.217 0.20073 0.0189 0.049659 0.148462
573.237 0.194543 0.022146 0.05047 0.141437
574.26 0.196834 0.023304 0.05112 0.141105
575.285 0.19635 0.020143 0.046005 0.1477
576.306 0.198521 0.018988 0.050345 0.145587
577.327 0.189338 0.019495 0.048352 0.138359
578.348 0.191288 0.021584 0.049322 0.139272
