122.814 124.672 1.42638
124.672 126.1 1.00443
125.724 127.105 1.12828
126.759 128.234 1.42023
127.784 129.655 1.17439
128.805 130.831 1.04178
129.828 131.874 1.07102
130.854 132.946 0.924076
131.891 133.871 0.769429
132.912 134.642 0.949908
133.934 135.593 1.20104
134.958 136.795 1.31828
135.979 138.114 1.64694
137 139.762 0.534408
138.02 140.381 0.988826
139.047 141.371 1.30563
140.381 142.678 1.17998
141.401 143.859 1.27246
142.421 145.132 1.01504
143.443 146.148 1.42255
144.467 147.638 0.903669
145.487 148.543 0.736368
146.507 152.737 0.814895
152.737 158.511 0.759695
158.511 167.133 1.37193
167.133 175.158 1.06876
175.157 183.48 0.937352
183.479 184.418 0.780484
184.509 185.199 0.629885
185.531 185.83 1.21194
186.551 187.043 0.911684
187.575 187.956 0.974504
188.6 188.943 0.669658
189.627 189.859 0.883397
190.647 191.363 0.738442
191.667 192.103 1.2338
192.704 193.338 0.881844
193.739 194.221 0.815251
194.763 195.42 0.869327
195.785 196.291 0.745303
196.811 197.468 0.717863
197.833 198.187 0.70019
198.859 203.677 1.67537
203.677 205.353 0.974451
204.7 206.329 0.685287
205.721 207.015 1.29503
206.74 208.311 0.974902
207.764 209.287 0.879964
208.785 210.168 0.909062
209.805 211.078 1.05622
210.825 212.136 1.28224
211.848 213.419 0.789892
212.872 214.21 1.23626
213.897 215.447 1.07669
214.918 216.525 0.997409
215.938 217.539 0.94464
216.973 218.485 1.06154
218.003 219.547 1.04168
219.028 220.59 0.602453
220.049 221.194 0.788748
221.07 221.984 0.880248
222.09 222.865 0.656267
223.112 223.522 1.24415
224.134 224.768 1.00362
225.154 225.773 0.944096
226.174 226.718 0.842735
227.196 227.562 0.542016
228.218 228.371 1.00232
229.239 229.488 0.961963
230.259 230.451 0.802279
231.28 231.437 1.14727
232.302 232.585 0.752676
233.324 233.47 1.11248
234.345 234.583 0.94691
235.367 235.531 1.06339
236.387 236.601 1.19165
237.409 237.794 1.00069
238.429 238.796 1.15906
239.449 239.956 0.716769
240.477 240.674 1.01513
241.498 248.309 1.32256
248.309 249.633 0.7445
249.331 256.437 1.74881
256.437 258.187 0.706955
257.46 258.895 0.929811
258.483 259.826 0.883827
259.503 266.19 0.866943
266.19 267.058 1.66495
267.21 268.724 0.843887
268.23 269.57 0.65554
269.263 270.226 1.48429
270.29 271.711 0.853383
271.31 272.566 0.953133
272.331 273.52 0.710734
273.351 280.776 1.16807
280.775 281.948 0.8117
281.796 282.761 1.066
282.817 283.828 0.914388
283.847 291.885 1.08501
291.885 300.2 1.78038
300.199 308.708 1.24927
308.708 309.958 1.16841
309.727 314.567 1.1346
314.566 315.702 0.873644
315.59 316.577 0.728717
316.612 324.556 1.06184
324.556 325.619 0.975
325.925 326.956 0.941758
326.955 328.283 0.783181
328.282 329.806 1.21851
329.806 331.211 1.21958
331.211 337.406 0.99964
337.406 343.477 1.10592
343.477 348.165 0.94878
348.164 354.149 0.625001
354.149 361.05 1.164
361.05 367.835 0.932196
367.836 372.853 0.80754
372.853 379.712 1.08865
379.712 384.692 0.599157
384.692 385.389 1.10999
385.713 392.971 0.936691
392.971 394.003 0.723619
393.991 394.807 1.10877
395.013 395.917 0.916323
396.033 400.748 1.7068
400.748 402.456 0.885161
401.768 403.342 1.63216
402.789 404.975 0.745911
403.809 405.722 1.25295
404.83 406.976 1.40348
405.859 408.381 0.877613
406.882 409.259 1.13918
407.903 414.934 0.958906
414.934 415.894 0.866362
415.955 416.761 0.757544
416.978 417.52 0.697348
417.998 418.219 0.774332
419.02 419.194 1.51011
420.04 420.705 0.752629
421.061 421.46 1.35807
422.097 422.819 0.846289
423.121 423.668 0.99211
424.142 424.661 1.485
425.164 426.147 1.20236
426.185 427.351 1.73754
427.209 429.089 0.725405
428.237 429.816 1.37979
429.261 431.196 1.4561
430.281 432.653 0.691934
431.304 433.347 0.86341
432.325 434.213 1.57576
433.344 435.789 1.00426
434.368 436.795 0.871484
435.389 437.667 0.383154
436.408 438.051 0.692662
437.43 438.744 0.975923
438.45 439.721 0.669403
439.47 440.391 0.99543
440.49 441.387 0.816005
441.511 442.204 0.698945
442.531 443.337 0.751671
443.551 444.377 0.964795
444.573 452.458 0.717966
452.458 453.314 1.09279
453.477 455.838 1.48603
455.837 457.325 0.698415
456.866 463.787 1.60681
463.787 465.395 1.00209
464.81 468.444 0.681026
468.443 470.12 1.0958
470.12 475.366 0.769243
475.366 476.136 0.628301
476.386 477.111 0.968044
477.409 478.079 1.40115
478.431 479.481 0.823528
479.456 480.313 1.35621
480.484 481.71 1.12456
481.511 482.835 1.00533
482.533 483.841 0.606264
483.555 484.448 1.365
484.577 485.82 0.504107
485.597 486.325 0.719623
486.617 487.046 1.41808
487.637 488.465 1.42945
488.659 489.895 1.216
489.678 491.112 0.695897
490.741 491.808 0.983059
491.825 492.853 1.26183
492.881 494.116 0.949193
493.901 495.14 1.39971
494.928 496.541 1.17116
496.011 497.978 0.986153
497.033 498.965 0.790867
498.055 499.762 0.600845
499.091 500.487 1.06269
500.145 501.551 2.08006
501.171 503.631 0.986888
502.198 504.619 0.879279
503.239 505.765 0.860026
