126.759 130.114 0.038797
126.759 130.153 0.034842
126.759 130.248 0.030198
126.759 130.36 0.029257
126.759 130.462 0.02851
126.759 130.563 0.027693
126.759 130.664 0.026588
126.759 130.765 0.026184
127.784 130.87 0.026031
127.784 130.971 0.033048
127.784 131.072 0.02461
127.784 131.184 0.026064
127.784 131.286 0.025457
127.784 131.387 0.026491
127.784 131.488 0.024406
127.784 131.591 0.02391
127.784 131.692 0.025809
127.784 131.793 0.025073
128.805 131.894 0.023877
128.805 131.996 0.031196
128.805 132.097 0.025933
128.805 132.198 0.025726
128.805 132.299 0.025588
128.805 132.402 0.023203
128.805 132.503 0.02482
128.805 132.607 0.024568
128.805 132.708 0.023008
128.805 132.811 0.024227
128.805 132.912 0.025233
129.828 133.013 0.031855
129.828 133.114 0.024205
129.828 133.216 0.026422
129.828 133.317 0.025881
129.828 133.418 0.02582
129.828 133.52 0.0238
129.828 133.621 0.025449
129.828 133.722 0.026194
129.828 133.823 0.026352
130.854 133.924 0.023663
130.854 134.026 0.032547
130.854 134.127 0.02505
130.854 134.229 0.023255
130.854 134.332 0.023463
130.854 134.434 0.025008
130.854 134.535 0.025111
130.854 134.636 0.023393
131.891 134.737 0.025251
131.891 134.838 0.026331
131.891 134.939 0.025863
131.891 135.041 0.030875
131.891 135.142 0.026354
131.891 135.243 0.025531
131.891 135.344 0.023099
131.891 135.446 0.025587
131.891 135.547 0.026341
132.912 135.649 0.024863
132.912 135.75 0.023843
132.912 135.851 0.025247
132.912 135.952 0.024803
132.912 136.054 0.027937
132.912 136.155 0.025461
132.912 136.256 0.023573
132.912 136.358 0.024696
132.912 136.459 0.025156
132.912 136.56 0.023352
132.912 136.663 0.023528
132.912 136.774 0.023846
133.934 136.875 0.026637
133.934 136.976 0.024912
133.934 137.077 0.025024
133.934 137.188 0.023042
133.934 137.29 0.024799
133.934 137.391 0.02503
133.934 137.492 0.023308
133.934 137.594 0.027086
133.934 137.696 0.026073
133.934 137.798 0.0253
133.934 137.899 0.023341
133.934 138.001 0.026235
133.934 138.102 0.02713
134.958 138.203 0.023919
134.958 138.304 0.024803
134.958 138.406 0.025505
134.958 138.507 0.02605
134.958 138.608 0.024747
134.958 138.71 0.025957
134.958 138.811 0.024574
134.958 138.912 0.0231
134.958 139.013 0.024539
134.958 139.115 0.026427
134.958 139.229 0.025992
134.958 139.331 0.023217
134.958 139.432 0.024549
134.958 139.534 0.02458
134.958 139.635 0.022776
134.958 139.739 0.023186
135.979 139.841 0.02539
135.979 139.942 0.025404
135.979 140.044 0.023832
135.979 140.146 0.031302
135.979 140.281 0.024675
135.979 140.382 0.023959
137 140.483 0.031191
137 140.585 0.02511
137 140.686 0.02391
137 140.789 0.024524
137 140.89 0.033781
137 140.991 0.025131
137 141.094 0.022779
137 141.195 0.024854
137 141.297 0.025309
138.02 141.402 0.025801
138.02 141.503 0.030408
138.02 141.612 0.028837
138.02 141.712 0.025285
138.02 141.813 0.024683
138.02 141.914 0.023323
138.02 142.015 0.025516
138.02 142.116 0.025661
138.02 142.217 0.022879
138.02 142.321 0.022919
138.02 142.422 0.025282
138.02 142.527 0.024819
138.02 142.629 0.026071
139.047 142.739 0.02314
139.047 142.842 0.023722
139.047 142.945 0.024892
139.047 143.046 0.025203
139.047 143.147 0.023238
139.047 143.249 0.023208
139.047 143.35 0.023342
139.047 143.451 0.025178
139.047 143.553 0.025088
139.047 143.659 0.025305
139.047 143.761 0.023451
140.381 143.862 0.024454
140.381 143.963 0.024668
140.381 144.064 0.023611
140.381 144.165 0.024545
140.381 144.267 0.025234
140.381 144.369 0.022984
140.381 144.471 0.025056
140.381 144.587 0.024436
140.381 144.696 0.025671
140.381 144.797 0.02536
140.381 144.898 0.023406
140.381 145 0.023319
140.381 145.101 0.024533
141.401 145.202 0.025119
141.401 145.303 0.023002
141.401 145.404 0.02518
141.401 145.505 0.024848
141.401 145.606 0.023872
141.401 145.707 0.025722
141.401 145.808 0.026176
141.401 145.911 0.022599
141.401 146.013 0.022801
141.401 146.115 0.024961
142.421 146.216 0.024553
142.421 146.317 0.022889
142.421 146.418 0.025034
142.421 146.52 0.024303
142.421 146.621 0.022906
142.421 146.722 0.026445
142.421 146.823 0.024865
142.421 146.924 0.024496
142.421 147.028 0.023487
142.421 147.138 0.024149
142.421 147.239 0.026374
142.421 147.34 0.025453
142.421 147.443 0.023657
142.421 147.544 0.025738
143.443 147.645 0.024912
143.443 147.747 0.02377
143.443 147.85 0.023318
143.443 147.951 0.02539
143.443 148.053 0.024497
143.443 148.155 0.023456
143.443 148.256 0.02496
143.443 148.357 0.024786
143.443 148.458 0.023329
144.467 148.558 0.025758
144.467 148.659 0.024712
144.467 148.762 0.025595
144.467 148.863 0.023238
144.467 148.964 0.025154
144.467 149.065 0.024674
144.467 149.166 0.022775
144.467 149.276 0.023821
145.487 149.376 0.025138
145.487 149.477 0.024924
145.487 149.578 0.023549
145.487 149.679 0.025227
145.487 149.78 0.024255
145.487 149.881 0.023224
145.487 149.984 0.023096
145.487 150.085 0.024528
145.487 150.185 0.024982
145.487 150.286 0.023283
145.487 150.387 0.025278
145.487 150.488 0.024818
145.487 150.589 0.025638
145.487 150.69 0.022688
145.487 150.791 0.025076
145.487 150.892 0.024685
145.487 150.993 0.023166
145.487 151.094 0.024638
145.487 151.195 0.025065
145.487 151.296 0.023679
145.487 151.397 0.024331
145.487 151.498 0.024354
145.487 151.599 0.022947
145.487 151.704 0.023286
145.487 151.805 0.025361
145.487 151.906 0.024501
145.487 152.007 0.021941
145.487 152.108 0.025333
145.487 152.209 0.024656
145.487 152.31 0.023285
145.487 152.411 0.023386
145.487 152.512 0.025311
145.487 152.613 0.024907
145.487 152.717 0.023469
145.487 152.843 0.025053
145.487 152.944 0.022769
145.487 153.046 0.022863
145.487 153.147 0.024311
145.487 153.248 0.024077
145.487 153.35 0.022728
145.487 153.451 0.023899
145.487 153.553 0.023718
146.507 153.653 0.024539
146.507 153.755 0.022511
146.507 153.857 0.024346
146.507 153.958 0.024536
146.507 154.058 0.022444
146.507 154.16 0.022547
146.507 154.261 0.024487
146.507 154.362 0.024457
146.507 154.464 0.0231
146.507 154.565 0.024277
146.507 154.666 0.024031
146.507 154.767 0.022848
146.507 154.869 0.022408
146.507 154.97 0.023661
146.507 155.071 0.024426
146.507 155.172 0.022774
146.507 155.275 0.022453
146.507 155.376 0.024477
146.507 155.477 0.023753
146.507 155.578 0.022434
146.507 155.679 0.024062
146.507 155.78 0.023951
146.507 155.881 0.022868
146.507 155.984 0.022845
146.507 156.085 0.023938
146.507 156.185 0.024681
146.507 156.286 0.023002
146.507 156.387 0.024391
146.507 156.489 0.024376
146.507 156.59 0.023764
146.507 156.691 0.022378
146.507 156.792 0.024384
146.507 156.893 0.023899
146.507 156.995 0.022679
146.507 157.096 0.023769
146.507 157.197 0.023826
146.507 157.298 0.0238
146.507 157.399 0.021751
146.507 157.5 0.023838
146.507 157.601 0.024062
146.507 157.702 0.022396
146.507 157.804 0.02203
146.507 157.905 0.023891
146.507 158.006 0.02446
146.507 158.107 0.022448
146.507 158.208 0.023961
146.507 158.309 0.024104
146.507 158.41 0.024294
146.507 158.511 0.022484
146.507 158.613 0.023413
146.507 158.714 0.023621
146.507 158.816 0.022128
146.507 158.917 0.021891
146.507 159.019 0.023159
146.507 159.121 0.023396
146.507 159.222 0.022333
152.737 159.324 0.023634
152.737 159.425 0.023369
152.737 159.527 0.023171
152.737 159.628 0.022045
152.737 159.729 0.023522
152.737 159.83 0.023092
152.737 159.931 0.022296
152.737 160.034 0.022235
152.737 160.135 0.024104
152.737 160.236 0.023984
152.737 160.337 0.022399
152.737 160.438 0.024078
152.737 160.539 0.023408
152.737 160.64 0.023502
152.737 160.742 0.022099
152.737 160.843 0.0233
152.737 160.944 0.024451
152.737 161.045 0.022186
152.737 161.147 0.023063
152.737 161.248 0.024282
152.737 161.349 0.023292
152.737 161.45 0.022066
152.737 161.553 0.023883
152.737 161.654 0.024948
152.737 161.754 0.02401
152.737 161.856 0.023036
152.737 161.958 0.023298
152.737 162.058 0.024272
152.737 162.159 0.023673
152.737 162.26 0.022426
152.737 162.361 0.024218
152.737 162.462 0.024048
152.737 162.563 0.02357
152.737 162.664 0.022988
152.737 162.765 0.024313
152.737 162.866 0.024579
152.737 162.967 0.022638
152.737 163.069 0.02309
152.737 163.17 0.02432
152.737 163.271 0.024096
152.737 163.372 0.022815
152.737 163.473 0.023009
152.737 163.574 0.02374
152.737 163.675 0.023311
152.737 163.776 0.022055
152.737 163.879 0.022394
152.737 163.979 0.024267
152.737 164.08 0.024044
152.737 164.181 0.022944
152.737 164.282 0.024688
152.737 164.383 0.023924
152.737 164.484 0.022489
152.737 164.586 0.022909
152.737 164.687 0.023882
152.737 164.788 0.023922
152.737 164.889 0.021755
152.737 164.99 0.025867
152.737 165.091 0.023698
152.737 165.192 0.022221
152.737 165.293 0.022968
152.737 165.394 0.02364
152.737 165.495 0.023736
152.737 165.597 0.02207
152.737 165.699 0.022596
152.737 165.8 0.02463
152.737 165.902 0.024938
152.737 166.003 0.022097
152.737 166.105 0.022321
152.737 166.206 0.024746
152.737 166.307 0.024295
152.737 166.413 0.024562
152.737 166.518 0.022882
152.737 166.619 0.024818
152.737 166.721 0.024423
152.737 166.829 0.024252
152.737 166.943 0.025528
152.737 167.045 0.024959
152.737 167.148 0.022949
152.737 167.251 0.025489
152.737 167.352 0.023115
152.737 167.454 0.02331
152.737 167.555 0.021879
152.737 167.656 0.024466
152.737 167.757 0.024229
152.737 167.859 0.023895
152.737 167.96 0.021831
152.737 168.061 0.023549
152.737 168.163 0.023262
152.737 168.264 0.021954
152.737 168.365 0.022126
152.737 168.467 0.02341
158.511 168.568 0.023737
158.511 168.669 0.022316
158.511 168.77 0.022275
158.511 168.871 0.023749
158.511 168.972 0.023509
158.511 169.073 0.022152
158.511 169.175 0.023166
158.511 169.276 0.024081
158.511 169.377 0.024243
158.511 169.478 0.023705
158.511 169.58 0.023077
158.511 169.681 0.024026
158.511 169.782 0.024224
158.511 169.883 0.02241
158.511 169.987 0.022812
158.511 170.088 0.024145
158.511 170.196 0.023638
158.511 170.297 0.023847
158.511 170.399 0.022316
158.511 170.501 0.024378
158.511 170.602 0.023821
158.511 170.703 0.023918
158.511 170.804 0.022798
158.511 170.906 0.02449
158.511 171.007 0.023713
158.511 171.108 0.022605
158.511 171.21 0.022818
158.511 171.311 0.023731
158.511 171.412 0.024188
158.511 171.513 0.02226
158.511 171.616 0.02228
158.511 171.717 0.024021
158.511 171.818 0.023854
158.511 171.919 0.021713
158.511 172.022 0.021934
158.511 172.123 0.024569
158.511 172.224 0.023206
158.511 172.345 0.023358
158.511 172.446 0.024459
158.511 172.548 0.022448
158.511 172.651 0.02262
158.511 172.752 0.024748
158.511 172.853 0.024044
158.511 172.954 0.022369
158.511 173.055 0.023876
158.511 173.156 0.024093
158.511 173.259 0.024541
158.511 173.36 0.022858
158.511 173.461 0.024469
158.511 173.563 0.02357
158.511 173.664 0.024059
158.511 173.768 0.021646
158.511 173.869 0.023725
158.511 173.97 0.023869
158.511 174.071 0.023175
158.511 174.173 0.022085
158.511 174.274 0.023242
158.511 174.375 0.024211
158.511 174.476 0.024209
158.511 174.578 0.02244
158.511 174.679 0.023932
158.511 174.78 0.02347
158.511 174.881 0.024397
158.511 174.983 0.022434
158.511 175.084 0.025252
158.511 175.185 0.023928
158.511 175.294 0.024169
158.511 175.397 0.022257
158.511 175.498 0.021619
158.511 175.6 0.023146
158.511 175.701 0.023385
158.511 175.802 0.022242
158.511 175.905 0.023132
158.511 176.006 0.023614
158.511 176.107 0.024199
158.511 176.208 0.022198
167.133 176.31 0.022504
167.133 176.411 0.023735
167.133 176.512 0.023451
167.133 176.613 0.022518
167.133 176.714 0.022131
167.133 176.815 0.02419
167.133 176.916 0.024444
167.133 177.018 0.021727
167.133 177.119 0.021748
167.133 177.22 0.023468
167.133 177.321 0.023954
167.133 177.422 0.022518
167.133 177.524 0.022189
167.133 177.628 0.023386
167.133 177.729 0.024021
167.133 177.83 0.024122
167.133 177.932 0.022712
167.133 178.033 0.02445
167.133 178.134 0.023485
167.133 178.235 0.022247
167.133 178.336 0.021582
167.133 178.437 0.022927
167.133 178.538 0.023447
167.133 178.639 0.022249
167.133 178.74 0.02242
167.133 178.842 0.023976
167.133 178.943 0.023798
167.133 179.044 0.022068
167.133 179.146 0.022097
167.133 179.247 0.02394
167.133 179.348 0.02418
167.133 179.449 0.022609
167.133 179.552 0.022426
167.133 179.651 0.024113
167.133 179.752 0.023222
167.133 179.853 0.022916
167.133 179.954 0.024002
167.133 180.055 0.024372
167.133 180.157 0.024143
167.133 180.258 0.02283
167.133 180.36 0.024623
167.133 180.462 0.024679
167.133 180.563 0.023691
167.133 180.664 0.022767
167.133 180.766 0.024308
167.133 180.867 0.024628
167.133 180.968 0.02354
167.133 181.069 0.021744
167.133 181.17 0.024625
167.133 181.271 0.025198
167.133 181.372 0.026004
167.133 181.473 0.022468
167.133 181.574 0.023982
167.133 181.675 0.023788
167.133 181.776 0.02244
167.133 181.877 0.022421
167.133 181.978 0.023743
167.133 182.079 0.02404
167.133 182.18 0.022134
167.133 182.281 0.022187
167.133 182.382 0.024886
167.133 182.483 0.024532
167.133 182.584 0.022216
167.133 182.686 0.024591
167.133 182.787 0.023673
167.133 182.888 0.025024
167.133 182.989 0.022443
167.133 183.09 0.024716
167.133 183.191 0.024268
167.133 183.293 0.024185
167.133 183.394 0.023466
167.133 183.495 0.024005
167.133 183.596 0.034672
167.133 183.698 0.022354
167.133 183.805 0.02233
167.133 183.906 0.023575
167.133 184.008 0.024224
167.133 184.109 0.02377
167.133 184.21 0.022552
167.133 184.311 0.02383
167.133 184.413 0.023633
175.157 184.517 0.024325
175.157 184.618 0.022796
175.157 184.719 0.030218
175.157 184.82 0.024809
175.157 184.922 0.02252
175.157 185.023 0.024113
175.157 185.124 0.024089
183.479 185.225 0.021827
183.479 185.326 0.024354
183.479 185.427 0.024092
183.479 185.528 0.025348
183.479 185.635 0.022045
183.479 185.736 0.029179
184.509 185.837 0.023653
184.509 185.938 0.022797
184.509 186.039 0.025328
184.509 186.141 0.025073
184.509 186.242 0.022077
184.509 186.346 0.022478
184.509 186.445 0.023668
184.509 186.546 0.022467
184.509 186.657 0.022917
184.509 186.768 0.022565
184.509 186.869 0.024267
184.509 186.97 0.02427
185.531 187.076 0.024391
185.531 187.177 0.022363
185.531 187.278 0.024142
185.531 187.379 0.024502
185.531 187.48 0.023121
185.531 187.588 0.023031
185.531 187.689 0.024739
185.531 187.79 0.024891
185.531 187.892 0.022036
186.551 187.993 0.024209
186.551 188.094 0.024461
186.551 188.195 0.023032
186.551 188.296 0.024116
186.551 188.398 0.024605
186.551 188.499 0.023071
186.551 188.606 0.022574
186.551 188.71 0.025541
186.551 188.822 0.024897
186.551 188.923 0.024272
187.575 189.024 0.022266
187.575 189.125 0.024028
187.575 189.226 0.024072
187.575 189.328 0.021916
187.575 189.431 0.023372
187.575 189.532 0.02438
188.6 189.634 0.02416
188.6 189.735 0.022642
188.6 189.837 0.024105
188.6 189.938 0.023127
188.6 190.04 0.021614
188.6 190.141 0.024347
188.6 190.242 0.023789
188.6 190.343 0.02181
188.6 190.444 0.023792
188.6 190.545 0.02326
188.6 190.646 0.021709
188.6 190.753 0.02184
189.627 190.854 0.024176
189.627 190.955 0.02386
189.627 191.056 0.02246
189.627 191.157 0.024216
189.627 191.258 0.02379
189.627 191.359 0.021645
189.627 191.46 0.024048
189.627 191.561 0.023345
189.627 191.662 0.021526
189.627 191.763 0.030742
189.627 191.875 0.030551
189.627 191.976 0.023506
189.627 192.077 0.021623
190.647 192.178 0.023624
190.647 192.28 0.02359
190.647 192.381 0.022908
190.647 192.481 0.023722
190.647 192.583 0.024056
190.647 192.696 0.02443
190.647 192.797 0.029126
190.647 192.898 0.030469
190.647 192.999 0.022094
190.647 193.102 0.021991
190.647 193.214 0.021446
190.647 193.315 0.023747
191.667 193.416 0.022187
191.667 193.518 0.022704
191.667 193.619 0.024025
191.667 193.721 0.024374
191.667 193.824 0.02825
191.667 193.925 0.031018
191.667 194.026 0.023566
191.667 194.129 0.022234
192.704 194.229 0.023848
192.704 194.33 0.023772
192.704 194.432 0.022892
192.704 194.533 0.02411
192.704 194.634 0.023779
192.704 194.735 0.022062
192.704 194.836 0.025479
192.704 194.944 0.023812
193.739 195.045 0.021464
193.739 195.146 0.024422
193.739 195.247 0.024404
193.739 195.348 0.022509
193.739 195.449 0.024097
193.739 195.55 0.02426
193.739 195.658 0.022356
193.739 195.765 0.022249
193.739 195.865 0.033446
193.739 195.969 0.030537
193.739 196.07 0.022129
193.739 196.171 0.024891
193.739 196.272 0.023731
194.763 196.38 0.022439
194.763 196.481 0.02463
194.763 196.582 0.024479
194.763 196.683 0.021892
194.763 196.784 0.023789
194.763 196.891 0.03225
194.763 196.996 0.024396
195.785 197.097 0.022892
195.785 197.199 0.023481
195.785 197.3 0.023028
195.785 197.401 0.022127
195.785 197.502 0.024639
195.785 197.603 0.024785
195.785 197.712 0.021626
195.785 197.816 0.022176
195.785 197.918 0.032292
195.785 198.019 0.022148
195.785 198.121 0.021829
195.785 198.25 0.023701
196.811 198.353 0.023388
196.811 198.454 0.022067
196.811 198.556 0.024106
196.811 198.657 0.024022
196.811 198.758 0.022016
196.811 198.859 0.02404
197.833 198.96 0.023373
197.833 199.062 0.022063
197.833 199.163 0.024761
197.833 199.264 0.024278
197.833 199.365 0.022365
197.833 199.466 0.024503
197.833 199.567 0.023862
197.833 199.668 0.021951
197.833 199.769 0.024665
197.833 199.869 0.023906
197.833 199.972 0.021442
197.833 200.073 0.023263
197.833 200.174 0.023877
197.833 200.275 0.021787
197.833 200.375 0.023503
197.833 200.477 0.024145
197.833 200.577 0.02198
197.833 200.681 0.022068
197.833 200.782 0.023536
197.833 200.883 0.022101
197.833 200.984 0.022329
197.833 201.085 0.023257
197.833 201.186 0.021786
197.833 201.288 0.022153
197.833 201.389 0.024141
197.833 201.49 0.021995
197.833 201.591 0.021937
197.833 201.692 0.02376
197.833 201.793 0.02185
197.833 201.895 0.022064
197.833 201.995 0.02391
197.833 202.097 0.023681
197.833 202.198 0.021673
197.833 202.299 0.024025
197.833 202.4 0.023503
197.833 202.501 0.021981
197.833 202.602 0.024313
197.833 202.703 0.023831
197.833 202.804 0.022554
197.833 202.905 0.024058
197.833 203.006 0.02409
197.833 203.107 0.021888
197.833 203.208 0.023083
197.833 203.309 0.021538
197.833 203.411 0.022083
197.833 203.512 0.023607
197.833 203.613 0.021843
197.833 203.753 0.021935
197.833 203.854 0.023878
197.833 203.955 0.024168
197.833 204.056 0.022057
197.833 204.157 0.023771
197.833 204.258 0.02378
197.833 204.359 0.022821
197.833 204.46 0.024058
197.833 204.561 0.02379
197.833 204.662 0.023248
197.833 204.763 0.026547
197.833 204.883 0.022811
197.833 204.985 0.024091
197.833 205.085 0.023769
197.833 205.186 0.022312
197.833 205.288 0.024309
198.859 205.389 0.023805
198.859 205.49 0.022952
198.859 205.591 0.024294
198.859 205.692 0.023532
198.859 205.793 0.031024
198.859 205.894 0.023961
198.859 205.995 0.023748
198.859 206.096 0.023066
198.859 206.197 0.024243
198.859 206.298 0.024106
203.677 206.399 0.022064
203.677 206.5 0.024068
203.677 206.601 0.0246
203.677 206.702 0.022022
203.677 206.803 0.02542
203.677 206.921 0.021696
204.7 207.023 0.023828
204.7 207.124 0.02409
204.7 207.225 0.022594
204.7 207.326 0.024534
204.7 207.427 0.025426
204.7 207.528 0.023254
204.7 207.629 0.024189
204.7 207.73 0.02436
204.7 207.832 0.024284
204.7 207.933 0.023653
204.7 208.037 0.023401
204.7 208.138 0.022032
204.7 208.239 0.023662
205.721 208.34 0.023769
205.721 208.442 0.022233
205.721 208.543 0.023619
205.721 208.644 0.023788
205.721 208.745 0.022131
205.721 208.848 0.023934
205.721 208.947 0.02394
205.721 209.048 0.021439
205.721 209.15 0.023777
205.721 209.251 0.023983
206.74 209.352 0.022335
206.74 209.455 0.02271
206.74 209.556 0.023926
206.74 209.657 0.022845
206.74 209.759 0.02222
206.74 209.86 0.024552
206.74 209.961 0.022237
206.74 210.063 0.021825
206.74 210.164 0.023588
207.764 210.265 0.022164
207.764 210.367 0.022002
207.764 210.468 0.023595
207.764 210.569 0.023556
207.764 210.67 0.022785
207.764 210.772 0.023517
207.764 210.874 0.023794
207.764 210.978 0.02183
207.764 211.079 0.023481
208.785 211.18 0.023212
208.785 211.281 0.021464
208.785 211.383 0.023087
208.785 211.484 0.023489
208.785 211.586 0.022114
208.785 211.688 0.022536
208.785 211.789 0.024099
208.785 211.89 0.023931
208.785 211.991 0.022998
208.785 212.093 0.023853
209.805 212.194 0.023916
209.805 212.295 0.02289
209.805 212.396 0.024263
209.805 212.502 0.024204
209.805 212.603 0.021727
209.805 212.704 0.024416
209.805 212.805 0.02361
209.805 212.906 0.021399
209.805 213.007 0.029769
209.805 213.115 0.023606
209.805 213.216 0.022133
209.805 213.317 0.022181
209.805 213.419 0.023719
210.825 213.52 0.024108
210.825 213.621 0.022272
210.825 213.722 0.024144
210.825 213.822 0.021722
210.825 213.925 0.021333
210.825 214.039 0.021879
210.825 214.14 0.023489
211.848 214.241 0.023772
211.848 214.343 0.022204
211.848 214.443 0.024233
211.848 214.545 0.024335
211.848 214.646 0.022062
211.848 214.747 0.024248
211.848 214.848 0.023784
211.848 214.952 0.02224
211.848 215.062 0.021998
211.848 215.163 0.02335
211.848 215.265 0.02423
211.848 215.366 0.022394
212.872 215.467 0.023937
212.872 215.568 0.024017
212.872 215.669 0.021922
212.872 215.77 0.023355
212.872 215.871 0.023822
212.872 215.975 0.022423
212.872 216.076 0.022349
212.872 216.177 0.023574
212.872 216.278 0.022377
212.872 216.38 0.022872
212.872 216.481 0.023935
213.897 216.589 0.023489
213.897 216.69 0.022257
213.897 216.791 0.024814
213.897 216.892 0.023792
213.897 216.993 0.023503
213.897 217.098 0.029509
213.897 217.213 0.022188
213.897 217.314 0.02426
213.897 217.415 0.023714
213.897 217.516 0.022329
214.918 217.617 0.024652
214.918 217.718 0.02393
214.918 217.819 0.022432
214.918 217.921 0.023195
214.918 218.035 0.023979
214.918 218.135 0.030002
214.918 218.236 0.02187
214.918 218.343 0.023942
214.918 218.444 0.024357
215.938 218.545 0.022698
215.938 218.647 0.024711
215.938 218.748 0.02451
215.938 218.849 0.022386
215.938 218.952 0.023391
215.938 219.06 0.023938
215.938 219.179 0.022033
215.938 219.28 0.02394
215.938 219.38 0.022102
215.938 219.501 0.023738
216.973 219.603 0.021694
216.973 219.704 0.023941
216.973 219.805 0.024124
216.973 219.906 0.021869
216.973 220.01 0.022197
216.973 220.111 0.025222
216.973 220.212 0.023842
216.973 220.313 0.022385
216.973 220.414 0.02375
216.973 220.516 0.023929
218.003 220.616 0.022434
218.003 220.717 0.024075
218.003 220.818 0.023521
218.003 220.919 0.021952
218.003 221.02 0.024258
218.003 221.121 0.023979
219.028 221.255 0.021624
219.028 221.356 0.02396
219.028 221.458 0.023734
219.028 221.559 0.02247
219.028 221.66 0.02386
219.028 221.761 0.02391
219.028 221.862 0.022986
219.028 221.964 0.024346
220.049 222.065 0.023626
220.049 222.166 0.023714
220.049 222.275 0.021683
220.049 222.381 0.024086
220.049 222.482 0.024734
220.049 222.583 0.022599
220.049 222.684 0.024797
220.049 222.785 0.023399
221.07 222.886 0.022402
221.07 222.987 0.024601
221.07 223.088 0.024262
221.07 223.19 0.03077
221.07 223.292 0.023981
221.07 223.393 0.023717
221.07 223.494 0.02244
222.09 223.595 0.024157
222.09 223.696 0.024057
222.09 223.797 0.022537
222.09 223.9 0.023889
222.09 224.001 0.023806
222.09 224.102 0.021761
222.09 224.205 0.030044
222.09 224.306 0.024512
222.09 224.407 0.02213
222.09 224.508 0.022005
222.09 224.609 0.0234
222.09 224.71 0.02398
223.112 224.811 0.021863
223.112 224.912 0.024102
223.112 225.013 0.024235
223.112 225.114 0.022778
223.112 225.217 0.025561
223.112 225.318 0.023403
223.112 225.418 0.022462
223.112 225.519 0.02356
223.112 225.621 0.023673
223.112 225.721 0.022704
224.134 225.822 0.02398
224.134 225.923 0.023889
224.134 226.025 0.022182
224.134 226.125 0.023912
224.134 226.226 0.023574
224.134 226.343 0.023769
224.134 226.444 0.02281
224.134 226.547 0.022123
224.134 226.648 0.023886
225.154 226.75 0.023224
225.154 226.851 0.022166
225.154 226.952 0.024102
225.154 227.053 0.023789
225.154 227.154 0.021928
225.154 227.256 0.024911
225.154 227.356 0.02415
225.154 227.457 0.022704
225.154 227.558 0.024329
226.174 227.659 0.023719
226.174 227.76 0.022217
226.174 227.861 0.02374
226.174 227.962 0.023797
226.174 228.064 0.022712
227.196 228.165 0.024143
227.196 228.267 0.026432
227.196 228.368 0.021591
227.196 228.469 0.024456
227.196 228.57 0.024002
227.196 228.671 0.021882
227.196 228.772 0.02376
227.196 228.874 0.023838
227.196 228.975 0.021953
227.196 229.077 0.022416
227.196 229.178 0.023875
227.196 229.28 0.02501
228.218 229.48 0.024159
228.218 229.581 0.022282
228.218 229.683 0.022019
228.218 229.784 0.024383
228.218 229.885 0.024348
228.218 229.986 0.022775
228.218 230.087 0.023897
228.218 230.189 0.023679
228.218 230.29 0.022119
228.218 230.392 0.030706
229.239 230.493 0.023355
229.239 230.594 0.022123
229.239 230.695 0.023841
229.239 230.797 0.023978
229.239 230.898 0.022212
229.239 230.999 0.023982
229.239 231.1 0.023857
229.239 231.201 0.02196
230.259 231.302 0.023966
230.259 231.403 0.03124
230.259 231.505 0.021975
230.259 231.606 0.024325
230.259 231.711 0.02359
230.259 231.813 0.022248
230.259 231.915 0.022205
230.259 232.029 0.022057
230.259 232.131 0.023506
230.259 232.232 0.023795
230.259 232.334 0.021661
230.259 232.435 0.028514
230.259 232.536 0.025076
231.28 232.638 0.021799
231.28 232.739 0.023705
231.28 232.84 0.024142
231.28 232.941 0.022765
231.28 233.043 0.023712
231.28 233.144 0.02352
231.28 233.245 0.021984
232.302 233.346 0.024274
232.302 233.454 0.024418
232.302 233.555 0.022741
232.302 233.658 0.022099
232.302 233.759 0.024674
232.302 233.86 0.02253
232.302 233.963 0.0226
232.302 234.064 0.023818
232.302 234.165 0.023431
232.302 234.266 0.022854
232.302 234.368 0.024034
232.302 234.469 0.030039
232.302 234.57 0.021851
233.324 234.671 0.023387
233.324 234.772 0.024119
233.324 234.873 0.022203
233.324 234.975 0.02384
233.324 235.076 0.024003
233.324 235.177 0.022087
233.324 235.278 0.023919
233.324 235.379 0.024104
233.324 235.481 0.030884
234.345 235.582 0.023683
234.345 235.683 0.023733
234.345 235.784 0.02189
234.345 235.886 0.023871
234.345 235.987 0.02368
234.345 236.089 0.022368
234.345 236.19 0.023831
234.345 236.291 0.023454
234.345 236.392 0.022307
234.345 236.493 0.023639
234.345 236.594 0.024562
235.367 236.695 0.022206
235.367 236.796 0.023451
235.367 236.898 0.023913
235.367 236.999 0.022157
235.367 237.1 0.023521
235.367 237.201 0.023977
235.367 237.302 0.02284
235.367 237.404 0.022187
235.367 237.511 0.023284
235.367 237.606 0.023751
235.367 237.708 0.021637
236.387 237.809 0.023772
236.387 237.91 0.023694
236.387 238.011 0.022282
236.387 238.113 0.024626
236.387 238.214 0.023834
236.387 238.315 0.022567
236.387 238.416 0.025103
236.387 238.518 0.031446
236.387 238.619 0.022038
236.387 238.72 0.023606
237.409 238.821 0.023373
237.409 238.922 0.021775
237.409 239.023 0.024279
237.409 239.124 0.024492
237.409 239.226 0.022785
237.409 239.327 0.024223
237.409 239.428 0.023634
237.409 239.529 0.030668
237.409 239.63 0.023563
237.409 239.732 0.023695
237.409 239.833 0.022346
237.409 239.936 0.021803
238.429 240.037 0.024054
238.429 240.138 0.024232
238.429 240.239 0.022297
238.429 240.34 0.023851
238.429 240.442 0.02349
238.429 240.543 0.024071
238.429 240.644 0.023916
239.449 240.745 0.023783
239.449 240.849 0.021855
239.449 240.951 0.023932
239.449 241.052 0.024434
239.449 241.153 0.022136
239.449 241.257 0.021849
239.449 241.356 0.023444
239.449 241.457 0.024244
239.449 241.559 0.023825
239.449 241.66 0.023832
240.477 241.762 0.023674
240.477 241.864 0.022207
240.477 241.965 0.023663
240.477 242.066 0.023779
240.477 242.167 0.02196
240.477 242.268 0.024253
240.477 242.369 0.023482
240.477 242.47 0.022259
240.477 242.571 0.02352
240.477 242.672 0.024023
240.477 242.774 0.022119
240.477 242.877 0.022709
240.477 242.978 0.024126
240.477 243.08 0.024208
240.477 243.182 0.023179
240.477 243.283 0.024101
240.477 243.384 0.024152
240.477 243.486 0.022113
240.477 243.587 0.025201
240.477 243.689 0.02401
240.477 243.79 0.022867
240.477 243.891 0.024365
240.477 243.993 0.024084
240.477 244.094 0.021703
240.477 244.195 0.023792
240.477 244.297 0.023969
240.477 244.397 0.022102
240.477 244.501 0.023027
240.477 244.601 0.023398
240.477 244.703 0.02311
240.477 244.804 0.021757
240.477 244.905 0.023133
240.477 245.006 0.0233
240.477 245.107 0.022208
240.477 245.209 0.024904
240.477 245.31 0.024115
240.477 245.411 0.02271
240.477 245.512 0.023488
240.477 245.613 0.024432
240.477 245.714 0.023013
240.477 245.817 0.0229
240.477 245.918 0.023758
240.477 246.019 0.02479
240.477 246.12 0.021929
240.477 246.221 0.02381
240.477 246.322 0.023388
240.477 246.424 0.022645
240.477 246.525 0.023769
240.477 246.626 0.025023
240.477 246.728 0.021883
240.477 246.828 0.023551
240.477 246.929 0.023458
240.477 247.031 0.022625
240.477 247.132 0.025575
240.477 247.233 0.024366
240.477 247.335 0.023041
240.477 247.436 0.023299
240.477 247.537 0.02353
240.477 247.638 0.022199
240.477 247.739 0.024261
240.477 247.841 0.023859
240.477 247.942 0.023303
240.477 248.043 0.023194
240.477 248.144 0.023641
240.477 248.245 0.021989
240.477 248.346 0.023702
240.477 248.447 0.028747
240.477 248.553 0.023807
240.477 248.654 0.022058
240.477 248.756 0.023754
240.477 248.857 0.021992
240.477 248.958 0.021634
240.477 249.059 0.023761
240.477 249.16 0.023914
240.477 249.262 0.022281
240.477 249.363 0.024119
240.477 249.465 0.023289
240.477 249.566 0.0219
241.498 249.668 0.023685
241.498 249.772 0.023369
241.498 249.873 0.021953
241.498 249.977 0.021965
241.498 250.076 0.023956
241.498 250.178 0.021451
241.498 250.28 0.022122
248.309 250.38 0.023992
248.309 250.481 0.023063
248.309 250.583 0.021928
248.309 250.684 0.023863
248.309 250.785 0.024208
248.309 250.886 0.021996
248.309 250.987 0.023987
248.309 251.088 0.023926
248.309 251.189 0.022929
248.309 251.29 0.023421
248.309 251.391 0.023426
248.309 251.492 0.02238
248.309 251.594 0.023626
248.309 251.694 0.023304
248.309 251.796 0.02221
248.309 251.897 0.024199
248.309 251.998 0.023753
248.309 252.099 0.021893
248.309 252.201 0.022486
248.309 252.301 0.023775
248.309 252.402 0.021743
248.309 252.504 0.021726
248.309 252.605 0.024111
248.309 252.706 0.02349
248.309 252.807 0.0227
248.309 252.908 0.023428
248.309 253.009 0.023476
248.309 253.111 0.022005
248.309 253.212 0.023679
248.309 253.313 0.024446
248.309 253.416 0.021759
248.309 253.523 0.021832
248.309 253.624 0.024096
248.309 253.725 0.024367
248.309 253.826 0.02195
248.309 253.927 0.023955
248.309 254.029 0.02407
248.309 254.13 0.022421
248.309 254.231 0.02404
248.309 254.34 0.024301
248.309 254.454 0.022822
248.309 254.555 0.024317
248.309 254.656 0.022004
248.309 254.758 0.024369
248.309 254.869 0.023525
248.309 254.97 0.02238
248.309 255.072 0.022676
248.309 255.173 0.023815
248.309 255.274 0.024302
248.309 255.376 0.022565
248.309 255.477 0.023512
248.309 255.578 0.023353
248.309 255.679 0.021624
248.309 255.781 0.02541
248.309 255.882 0.023312
248.309 255.983 0.022719
248.309 256.084 0.023776
248.309 256.185 0.02417
248.309 256.286 0.02243
248.309 256.387 0.024057
248.309 256.489 0.024026
248.309 256.59 0.029362
248.309 256.691 0.023672
248.309 256.792 0.023819
248.309 256.893 0.022075
248.309 256.994 0.023955
248.309 257.096 0.023646
248.309 257.197 0.021912
248.309 257.298 0.023549
248.309 257.402 0.023949
248.309 257.503 0.022405
248.309 257.605 0.021769
248.309 257.706 0.023105
248.309 257.807 0.02323
248.309 257.908 0.021891
248.309 258.01 0.024472
248.309 258.111 0.023747
249.331 258.212 0.02244
249.331 258.313 0.023886
249.331 258.414 0.023961
249.331 258.516 0.022631
249.331 258.617 0.029452
249.331 258.719 0.023774
249.331 258.82 0.022168
256.437 258.922 0.022203
256.437 259.024 0.023538
256.437 259.125 0.022351
256.437 259.227 0.022789
256.437 259.33 0.023461
256.437 259.431 0.023079
256.437 259.532 0.021914
256.437 259.633 0.023501
256.437 259.734 0.023756
257.46 259.835 0.02207
257.46 259.937 0.023334
257.46 260.038 0.023258
257.46 260.139 0.021453
257.46 260.241 0.02401
257.46 260.342 0.024417
257.46 260.443 0.022015
257.46 260.549 0.022109
257.46 260.65 0.023642
258.483 260.751 0.023672
258.483 260.852 0.023061
258.483 260.953 0.023826
258.483 261.054 0.023651
258.483 261.155 0.023362
258.483 261.256 0.024115
258.483 261.357 0.024008
258.483 261.458 0.02199
258.483 261.559 0.023741
258.483 261.66 0.024772
258.483 261.761 0.022946
258.483 261.863 0.023895
258.483 261.964 0.024695
258.483 262.065 0.022758
258.483 262.166 0.024832
258.483 262.267 0.023775
258.483 262.368 0.022129
258.483 262.47 0.022772
258.483 262.57 0.023627
258.483 262.671 0.022338
258.483 262.774 0.021742
258.483 262.875 0.02413
258.483 262.976 0.022222
258.483 263.077 0.022717
258.483 263.178 0.023568
258.483 263.279 0.023031
258.483 263.381 0.021674
258.483 263.482 0.023706
258.483 263.583 0.023774
258.483 263.684 0.021572
258.483 263.785 0.024498
258.483 263.886 0.024062
258.483 263.987 0.023069
258.483 264.088 0.024052
258.483 264.19 0.023932
258.483 264.29 0.022825
258.483 264.392 0.024193
258.483 264.493 0.024091
258.483 264.594 0.022278
258.483 264.695 0.024697
258.483 264.796 0.024177
258.483 264.897 0.022389
258.483 264.998 0.024644
258.483 265.099 0.0236
258.483 265.2 0.021651
258.483 265.301 0.023386
258.483 265.402 0.023199
258.483 265.503 0.021817
258.483 265.606 0.02224
258.483 265.707 0.023122
258.483 265.808 0.021838
258.483 265.91 0.021796
258.483 266.011 0.024032
258.483 266.112 0.023371
258.483 266.213 0.022356
258.483 266.317 0.02317
258.483 266.421 0.023606
258.483 266.522 0.022729
258.483 266.624 0.02346
258.483 266.73 0.023973
258.483 266.831 0.023603
258.483 266.933 0.021969
258.483 267.034 0.024016
259.503 267.135 0.024439
259.503 267.237 0.022608
259.503 267.337 0.029028
259.503 267.439 0.023689
259.503 267.54 0.022116
259.503 267.645 0.022152
259.503 267.746 0.023551
259.503 267.847 0.023773
259.503 267.948 0.022704
259.503 268.049 0.023869
259.503 268.15 0.024095
259.503 268.252 0.02212
259.503 268.353 0.023723
259.503 268.455 0.02303
259.503 268.557 0.022252
259.503 268.658 0.023945
266.19 268.76 0.024056
266.19 268.861 0.021469
266.19 268.964 0.021507
266.19 269.065 0.023724
266.19 269.166 0.023937
266.19 269.268 0.022206
266.19 269.369 0.023962
266.19 269.471 0.023361
267.21 269.571 0.028642
267.21 269.673 0.023198
267.21 269.774 0.023459
267.21 269.875 0.022446
267.21 269.976 0.023953
267.21 270.077 0.024004
267.21 270.178 0.022266
268.23 270.28 0.02367
268.23 270.381 0.030271
268.23 270.483 0.022161
268.23 270.584 0.024013
268.23 270.685 0.023733
268.23 270.786 0.023147
268.23 270.887 0.024036
268.23 270.989 0.0238
268.23 271.091 0.021955
268.23 271.195 0.022257
268.23 271.296 0.023872
268.23 271.398 0.030002
268.23 271.5 0.022381
268.23 271.601 0.023255
268.23 271.702 0.023998
269.263 271.804 0.021387
269.263 271.905 0.023747
269.263 272.006 0.023937
269.263 272.108 0.022349
269.263 272.211 0.022064
269.263 272.312 0.024082
269.263 272.414 0.030092
269.263 272.516 0.021985
270.29 272.618 0.024009
270.29 272.719 0.023959
270.29 272.82 0.02246
270.29 272.921 0.023883
270.29 273.023 0.023475
270.29 273.124 0.031157
270.29 273.231 0.021768
270.29 273.332 0.02392
270.29 273.434 0.030238
271.31 273.535 0.022234
271.31 273.636 0.024243
271.31 273.737 0.02208
271.31 273.839 0.02227
271.31 273.94 0.023475
271.31 274.042 0.024034
271.31 274.144 0.02199
272.331 274.245 0.02356
272.331 274.346 0.02356
272.331 274.448 0.021882
272.331 274.549 0.024216
272.331 274.65 0.02324
272.331 274.752 0.021915
272.331 274.853 0.023336
272.331 274.954 0.023754
272.331 275.055 0.021782
272.331 275.157 0.022922
272.331 275.258 0.023919
272.331 275.359 0.02148
272.331 275.46 0.023573
272.331 275.561 0.023497
272.331 275.662 0.021398
272.331 275.763 0.022885
272.331 275.864 0.022863
272.331 275.965 0.021708
272.331 276.066 0.023087
272.331 276.167 0.023394
272.331 276.268 0.021481
272.331 276.369 0.023379
272.331 276.47 0.023707
272.331 276.571 0.021811
272.331 276.672 0.023465
272.331 276.773 0.023943
272.331 276.874 0.022492
272.331 276.975 0.025302
272.331 277.076 0.024941
272.331 277.178 0.022825
272.331 277.279 0.024198
272.331 277.38 0.023232
272.331 277.481 0.023074
272.331 277.582 0.023237
272.331 277.683 0.023102
272.331 277.784 0.021827
272.331 277.885 0.023154
272.331 277.987 0.022839
272.331 278.087 0.021383
272.331 278.188 0.023835
272.331 278.29 0.023344
272.331 278.39 0.021965
272.331 278.491 0.022824
272.331 278.592 0.023459
272.331 278.693 0.021678
272.331 278.794 0.022831
272.331 278.895 0.023586
272.331 278.997 0.021822
272.331 279.098 0.023055
272.331 279.199 0.02393
272.331 279.3 0.021603
272.331 279.401 0.02471
272.331 279.502 0.023736
272.331 279.603 0.021496
272.331 279.704 0.025128
272.331 279.805 0.023463
272.331 279.906 0.02228
272.331 280.007 0.023361
272.331 280.108 0.025471
272.331 280.209 0.021515
272.331 280.31 0.025227
272.331 280.411 0.024529
272.331 280.512 0.023339
272.331 280.614 0.02335
272.331 280.715 0.023552
272.331 280.817 0.022053
272.331 280.92 0.023319
272.331 281.021 0.023866
272.331 281.122 0.022855
272.331 281.223 0.024341
272.331 281.325 0.024101
272.331 281.426 0.022227
272.331 281.535 0.022671
272.331 281.636 0.023842
272.331 281.738 0.024497
272.331 281.839 0.022102
272.331 281.94 0.023522
273.351 282.041 0.023495
273.351 282.142 0.02239
273.351 282.243 0.025004
273.351 282.347 0.023182
273.351 282.449 0.022479
273.351 282.551 0.022092
273.351 282.652 0.023875
273.351 282.753 0.024347
