122.814 1.8324 0.023872 1.67263 0.149405
124.672 0.222401 0.04758 0.089465 0.127263
125.724 0.196782 0.034167 0.085505 0.108506
126.759 0.172536 0.023727 0.065671 0.103975
127.784 0.177425 0.020355 0.068158 0.106516
128.805 0.17152 0.021696 0.057677 0.111054
129.828 0.161172 0.0245 0.061334 0.097064
130.854 0.159203 0.035609 0.061725 0.094749
131.891 0.165721 0.020347 0.066791 0.096168
132.912 0.161259 0.021125 0.065633 0.09287
133.934 0.271134 0.021203 0.063905 0.204447
134.958 0.235976 0.01997 0.063392 0.169817
135.979 0.234535 0.019827 0.063694 0.168089
137 0.229231 0.018773 0.06428 0.162213
138.02 0.230301 0.024956 0.066081 0.161555
139.047 1.12086 0.020443 0.05702 1.06112
140.381 0.532449 0.019272 0.075816 0.453928
141.401 0.231284 0.018982 0.070677 0.157891
142.421 0.213984 0.020545 0.057602 0.153679
143.443 0.219822 0.018904 0.058119 0.158875
144.467 0.232016 0.019657 0.070986 0.158325
145.487 0.220018 0.018793 0.05867 0.15862
146.507 6.20921 0.018689 0.060746 6.14575
152.737 5.75256 0.020169 0.057184 5.69268
158.511 8.59867 0.022011 0.107567 8.48853
167.133 8.00028 0.022749 0.115916 7.8818
175.157 8.30012 0.020696 0.084834 8.21264
183.479 0.870673 0.018794 0.099406 0.768684
184.509 0.235139 0.021067 0.058049 0.174439
185.531 0.22144 0.018664 0.057045 0.161785
186.551 0.221316 0.019451 0.059067 0.159641
187.575 0.213574 0.020031 0.058532 0.152452
188.6 0.214966 0.023056 0.057717 0.154625
189.627 0.211816 0.019524 0.046928 0.162301
190.647 0.696042 0.018722 0.056539 0.636905
191.667 0.220205 0.01849 0.059346 0.158271
192.704 0.222462 0.020192 0.060465 0.159373
193.739 0.212567 0.018994 0.056506 0.153422
194.763 0.635677 0.020228 0.056795 0.576284
195.785 0.213162 0.021506 0.058295 0.152242
196.811 0.634748 0.021288 0.05872 0.573443
197.833 0.234798 0.024659 0.059836 0.17235
198.859 4.79468 0.021508 0.048142 4.74396
203.677 0.155731 0.022451 0.081734 0.071426
204.7 0.131529 0.019941 0.057126 0.071761
205.721 0.127721 0.018159 0.057748 0.067385
206.74 0.128752 0.022348 0.057256 0.068909
207.764 0.130886 0.019489 0.058403 0.069884
208.785 0.125277 0.019043 0.055346 0.067359
209.805 0.136046 0.019021 0.058845 0.074668
210.825 0.124126 0.021833 0.054674 0.06684
211.848 0.128559 0.022308 0.056408 0.069537
212.872 0.128815 0.024258 0.05669 0.069562
213.897 0.131407 0.018961 0.058183 0.070687
214.918 0.126516 0.018746 0.056606 0.067334
215.938 0.125951 0.019978 0.055132 0.068244
216.973 0.138699 0.02114 0.057444 0.078505
218.003 0.137628 0.021513 0.057918 0.077121
219.028 0.136066 0.019464 0.056921 0.076549
220.049 0.13502 0.01943 0.055215 0.077268
221.07 0.13272 0.019281 0.054722 0.075451
222.09 0.138388 0.020456 0.059572 0.076241
223.112 0.138885 0.020249 0.052802 0.083531
224.134 0.130764 0.018836 0.056211 0.071999
225.154 0.135643 0.019515 0.05757 0.075524
226.174 0.146412 0.02057 0.058942 0.084867
227.196 0.136526 0.020755 0.055784 0.078165
228.218 0.13232 0.019503 0.046809 0.082913
229.239 0.228322 0.019694 0.057248 0.168468
230.259 0.148598 0.019123 0.058761 0.087239
231.28 0.134477 0.020878 0.043458 0.088471
232.302 0.141674 0.02069 0.057623 0.081475
233.324 0.125044 0.019185 0.046745 0.075736
234.345 0.137842 0.020478 0.057002 0.078283
235.367 0.140503 0.019663 0.057646 0.0803
236.387 0.14013 0.019184 0.058754 0.078783
237.409 0.137709 0.019052 0.057128 0.078046
238.429 0.13692 0.017803 0.055921 0.078384
239.449 0.148509 0.0274 0.056214 0.089728
240.477 0.144217 0.019212 0.056909 0.084756
241.498 6.79048 0.018829 0.057536 6.73035
248.309 0.189193 0.020472 0.107609 0.079028
249.331 7.08529 0.020025 0.061275 7.02143
256.437 0.162708 0.021334 0.082791 0.077355
257.46 0.13345 0.018733 0.054477 0.07634
258.483 0.142742 0.018795 0.05762 0.082513
259.503 6.66649 0.019146 0.057635 6.60627
266.19 0.166884 0.018958 0.080797 0.083532
267.21 0.138545 0.018824 0.054467 0.08152
268.23 0.734282 0.01871 0.0577 0.674019
269.263 0.352944 0.01999 0.0544 0.295954
270.29 0.562583 0.018796 0.054807 0.505215
271.31 0.177011 0.019761 0.058814 0.115422
272.331 0.823534 0.018702 0.055393 0.765571
273.351 7.40198 0.01923 0.054317 7.34503
280.775 0.779348 0.018795 0.093101 0.683679
281.796 0.8032 0.019788 0.059232 0.741252
282.817 0.799207 0.019562 0.055497 0.741158
283.847 8.01522 0.019914 0.05756 7.95504
291.885 8.29508 0.018458 0.119703 8.17283
300.199 8.48816 0.019179 0.121253 8.3643
308.708 0.346178 0.017274 0.096174 0.24745
309.727 4.81801 0.020881 0.060492 4.75494
314.566 0.247875 0.018482 0.056336 0.188953
315.59 0.239925 0.02073 0.057509 0.179797
316.612 7.92275 0.01963 0.056637 7.86353
324.556 0.308576 0.018747 0.098855 0.207155
325.925 1.00781 0.021011 0.059723 0.945461
326.955 1.30242 0.018904 0.055518 1.24435
328.282 1.50132 0.020932 0.054846 1.44383
329.806 1.38552 0.018622 0.056993 1.32598
331.211 6.17561 0.018525 0.049384 6.12366
337.406 6.03154 0.038035 0.072329 5.95665
343.477 4.66585 0.020806 0.057812 4.60544
348.164 5.95908 0.019834 0.059608 5.89668
354.149 6.88173 0.018643 0.057764 6.82137
361.05 6.76483 0.018245 0.088843 6.67343
367.836 4.99698 0.018735 0.068688 4.92574
372.853 6.83984 0.0186 0.060645 6.77661
379.712 4.95847 0.019889 0.093302 4.86261
384.692 0.675887 0.020013 0.060309 0.613009
385.713 7.23775 0.019048 0.057008 7.17817
392.971 0.812059 0.01897 0.105109 0.704372
393.991 0.793781 0.020297 0.057768 0.733423
395.013 0.723033 0.018918 0.05596 0.664499
396.033 4.69479 0.018958 0.058555 4.63369
400.748 0.202797 0.018899 0.061661 0.138559
401.768 0.192993 0.019165 0.055123 0.135265
402.789 0.192757 0.018939 0.05668 0.133515
403.809 0.195745 0.019732 0.057212 0.135931
404.83 0.198342 0.021201 0.056507 0.139274
405.859 0.199793 0.02126 0.056259 0.140967
406.882 0.194045 0.020227 0.055344 0.136106
407.903 7.00993 0.018918 0.05514 6.95218
414.934 0.211406 0.020061 0.0586 0.150167
415.955 0.16898 0.021747 0.057735 0.108611
416.978 0.165902 0.018707 0.055301 0.108016
417.998 0.163958 0.020319 0.057872 0.103358
419.02 0.153942 0.019385 0.045921 0.105425
420.04 0.163738 0.019382 0.054945 0.10623
421.061 0.16392 0.022843 0.054958 0.106388
422.097 0.162405 0.020333 0.05592 0.103894
423.121 0.172009 0.019638 0.056945 0.11246
424.142 0.179583 0.020178 0.057115 0.1197
425.164 0.184763 0.019681 0.058396 0.123772
426.185 0.187884 0.023415 0.057511 0.127685
427.209 0.177487 0.026653 0.056228 0.118579
428.237 0.177752 0.020801 0.057856 0.117161
429.261 0.170078 0.01939 0.058275 0.10926
430.281 0.174906 0.020986 0.057203 0.115109
431.304 0.172972 0.018654 0.059902 0.110474
432.325 0.17094 0.01841 0.05682 0.111556
433.344 0.172598 0.019666 0.053535 0.116537
434.368 0.171886 0.019667 0.057283 0.111847
435.389 0.179008 0.018263 0.056004 0.120409
436.408 0.19108 0.020147 0.058247 0.130279
437.43 0.178427 0.018397 0.052849 0.12305
438.45 0.191676 0.01835 0.06064 0.128509
439.47 0.186466 0.019091 0.053433 0.130491
440.49 0.185816 0.019282 0.051614 0.131625
441.511 0.182634 0.018613 0.051821 0.128233
442.531 0.78551 0.018696 0.053123 0.729807
443.551 0.804469 0.020522 0.05868 0.743048
444.573 7.73288 0.151336 0.054252 7.67597
452.458 0.834768 0.018281 0.091711 0.74051
453.477 2.33985 0.018549 0.058701 2.27859
455.837 0.772994 0.025503 0.056778 0.713651
456.866 6.90137 0.01866 0.055285 6.84356
463.787 0.821114 0.021345 0.111011 0.707553
464.81 3.6138 0.018512 0.057495 3.55375
468.443 1.65655 0.018506 0.056572 1.59737
470.12 5.22601 0.019057 0.05634 5.1671
475.366 0.132268 0.018929 0.054668 0.075025
476.386 0.701601 0.02148 0.055807 0.643184
477.409 0.182493 0.020017 0.056309 0.123632
478.431 0.198914 0.024109 0.059488 0.136391
479.456 0.178212 0.02409 0.054848 0.120552
480.484 0.185245 0.025506 0.057081 0.125468
481.511 0.176664 0.021057 0.057102 0.11698
482.533 0.17428 0.019158 0.054631 0.117015
483.555 0.170849 0.020013 0.058515 0.109703
484.577 0.168583 0.019255 0.055044 0.11096
485.597 0.173642 0.018246 0.056732 0.114311
486.617 0.168018 0.019547 0.057513 0.107919
487.637 0.17416 0.017555 0.054005 0.117551
488.659 0.172941 0.018685 0.061087 0.1093
489.678 0.184368 0.043104 0.057678 0.12404
490.741 0.18381 0.082597 0.055731 0.125451
491.825 0.190503 0.022112 0.060949 0.126874
492.881 0.18016 0.018746 0.058939 0.118613
493.901 0.178158 0.018651 0.056468