169.541 58.026 
179.808 54.5706 
189.957 34.1595 
200.27 36.9587 
210.45 44.8608 
220.643 37.1629 
230.83 9.56408 
241.022 9.56408 
251.164 9.56408 
261.391 9.56408 
271.539 9.56408 
281.698 9.56408 
291.968 9.56408 
302.114 9.56408 
312.267 9.56408 
322.411 9.56408 
332.595 9.56408 
342.732 9.56408 
352.936 9.56408 
363.071 9.56408 
373.209 9.56408 
383.439 9.56408 
393.712 9.56408 
403.902 9.56408 
414.057 9.56408 
424.291 9.56408 
434.46 9.56408 
444.646 9.56408 
454.832 9.56408 
464.972 9.56408 
