167.391 169.314 1.15844
169.314 170.474 0.925566
170.569 171.401 1.02476
171.591 172.427 1.38755
172.613 173.816 1.04043
173.636 174.857 0.997461
174.658 175.857 0.980406
175.679 176.838 0.787943
176.701 177.627 0.693319
177.724 178.321 0.897462
178.744 179.22 1.12376
179.767 180.345 1.17147
180.787 181.517 1.53822
181.81 183.056 0.513842
182.831 183.571 0.915338
183.865 185.131 1.18542
185.131 186.317 1.13209
186.166 187.45 1.22244
187.19 188.674 0.970734
188.211 189.645 1.36051
189.232 191.007 0.928614
190.254 191.937 0.678537
191.276 197.88 0.892667
197.88 203.98 0.689979
203.979 212.875 1.23505
212.875 221.079 1.00344
221.079 229.308 0.824832
229.307 230.342 0.710805
230.342 231.223 0.570596
231.362 231.794 1.14121
232.396 232.936 0.840254
233.436 233.778 0.895191
234.456 235.243 0.676096
235.477 235.92 0.845344
236.497 237.256 0.691312
237.516 237.948 1.14566
238.536 239.095 0.820017
239.557 240.248 0.737718
240.579 241.339 0.801484
241.608 242.275 0.682945
242.629 243.351 0.692828
243.65 244.044 0.717719
244.674 249.764 1.51258
249.764 251.278 0.90452
250.786 252.183 0.579735
251.809 252.764 1.22227
252.83 259.152 0.8715
259.152 260.025 0.853181
260.173 260.879 0.856188
261.195 261.736 1.0033
262.219 262.74 1.22582
263.24 269.441 0.901498
269.441 270.343 1.2348
270.463 271.579 1.01958
271.485 272.6 0.860662
272.506 273.461 0.884719
273.526 274.347 0.996913
274.547 275.345 0.958993
275.568 276.305 0.57708
276.589 276.883 0.728933
277.613 277.773 0.770504
278.636 278.786 0.56254
279.657 279.81 1.2004
280.677 281.011 0.945451
281.698 281.958 0.859574
282.721 289.375 0.948133
289.375 290.325 0.557394
290.395 290.883 0.986692
291.416 292.285 0.90093
292.437 293.187 0.839294
293.457 294.237 1.12493
294.48 301.823 0.887017
301.823 308.507 1.21527
308.507 315.322 1.0058
315.322 321.323 1.02262
321.323 327.712 1.20302
327.711 328.916 0.865816
328.731 329.782 1.13451
329.754 330.918 0.604726
330.776 338.894 1.08329
338.894 345.574 1.06313
345.574 351.986 0.823582
351.986 359.352 1.58717
359.351 364.992 0.661253
364.992 371.686 0.8924
371.686 378.293 0.875265
378.293 385.006 0.78974
385.006 392.563 1.7473
392.563 399.147 0.7811
399.147 399.929 0.673141
400.167 400.603 1.32306
401.19 401.927 0.811798
402.214 403.085 0.92165
403.239 404.016 0.739505
404.259 411.612 0.911632
411.611 412.524 0.80309
412.633 413.428 1.04203
413.655 414.623 0.902161
414.675 422.225 1.13523
422.225 430.371 1.79621
430.371 438.266 1.13808
438.266 439.406 1.14986
439.286 444.063 1.00254
444.063 445.067 0.880695
445.088 445.964 0.698895
446.111 453.721 0.872893
453.721 454.595 0.9258
454.741 455.734 0.920011
455.764 456.655 0.756456
456.785 458.35 1.17644
458.349 459.777 1.21104
459.776 466.214 0.935462
466.214 472.005 1.1086
472.005 476.731 0.898102
476.731 482.69 0.582382
482.69 489.525 1.35351
489.525 497.065 1.04042
497.065 498.431 0.789773
498.431 505.177 0.951899
505.177 506.13 0.568942
506.21 510.251 1.08113
510.25 517.219 0.815438
517.219 523.222 0.732321
523.222 524.145 1.11347
524.244 525.26 0.91006
525.272 526.17 1.68797
526.364 527.859 0.864755
527.387 528.725 1.54015
528.418 530.266 0.790783
529.442 531.058 1.20549
530.469 532.264 1.45151
531.492 533.716 0.902613
532.526 534.62 1.29056
533.548 535.911 0.867588
534.788 536.779 0.850032
535.811 537.63 0.740513
536.902 538.371 0.659916
537.924 539.032 0.807857
538.959 539.841 1.60623
540.11 541.448 0.668194
541.139 542.117 1.42414
542.167 543.542 0.834651
543.244 544.377 0.921034
544.278 545.299 1.54361
545.432 546.843 1.06065
546.469 547.905 1.62317
547.512 549.529 0.683881
548.541 550.213 1.30419
549.565 551.518 1.35718
550.65 552.876 0.668439
551.671 553.546 0.823213
552.692 554.37 1.41334
553.713 555.784 0.930769
554.735 556.716 0.995704
555.757 557.712 0.51779
556.778 558.231 0.837183
557.798 559.07 1.06616
558.818 560.137 0.742879
559.84 560.881 1.14316
560.863 562.024 0.822598
561.883 562.848 0.736228
562.905 563.69 0.793405
563.929 564.728 0.916906
564.955 573.172 0.733402
573.171 574.073 1.07108
574.199 575.145 1.42508
575.219 576.571 0.685597
576.249 583.36 1.38287
583.36 584.744 0.967649
584.468 585.917 0.639806
585.917 587.392 1.03755
587.392 588.43 0.696262
588.412 589.127 0.579288
589.443 590.11 0.83199
590.463 590.942 1.2532
591.487 592.196 0.70519
592.516 592.902 1.15919
593.544 594.062 1.05776
594.578 595.121 0.924085
595.626 596.046 0.58727
596.656 596.829 1.22661
597.679 598.057 0.456928
598.714 598.891 0.617913
599.735 599.913 1.29828
600.755 601.212 1.10177
601.795 602.315 1.11825
602.819 603.434 0.643986
603.852 604.078 0.789404
604.878 605.079 1.05906
605.91 606.139 0.812116
606.93 607.128 1.19477
607.951 608.324 1.02878
608.983 609.353 0.860762
610.015 610.231 0.620221
611.035 611.249 0.494578
612.064 612.639 0.887622
613.085 613.527 1.82732
614.108 615.355 0.794069
615.135 616.15 0.82639
616.384 616.977 0.791642
