171.591 174.818 0.036515
172.613 174.863 0.03209
172.613 174.964 0.028653
172.613 175.065 0.02818
172.613 175.166 0.029889
172.613 175.267 0.028445
172.613 175.369 0.026516
172.613 175.47 0.027613
172.613 175.571 0.026558
172.613 175.672 0.026315
172.613 175.774 0.028554
173.636 175.874 0.025336
173.636 175.975 0.026084
173.636 176.076 0.025611
173.636 176.177 0.02308
173.636 176.278 0.023897
173.636 176.379 0.023317
173.636 176.48 0.022875
173.636 176.581 0.023284
173.636 176.682 0.02245
173.636 176.784 0.02415
174.658 176.885 0.023583
174.658 176.986 0.029833
174.658 177.087 0.028715
174.658 177.188 0.02253
174.658 177.289 0.022563
174.658 177.39 0.022445
174.658 177.491 0.022877
174.658 177.592 0.022493
175.679 177.693 0.023323
175.679 177.795 0.025281
175.679 177.896 0.025712
175.679 177.997 0.024251
175.679 178.098 0.022342
175.679 178.199 0.023004
175.679 178.3 0.023255
176.701 178.401 0.022998
176.701 178.502 0.022717
176.701 178.603 0.022518
176.701 178.704 0.022485
176.701 178.805 0.023977
176.701 178.906 0.023221
176.701 179.007 0.025736
176.701 179.108 0.02337
176.701 179.209 0.02411
177.724 179.31 0.023257
177.724 179.411 0.023036
177.724 179.512 0.022583
177.724 179.613 0.022696
177.724 179.714 0.024667
177.724 179.815 0.026194
177.724 179.916 0.023632
177.724 180.018 0.023739
177.724 180.119 0.022518
177.724 180.22 0.025175
177.724 180.321 0.022365
178.744 180.422 0.022819
178.744 180.523 0.022897
178.744 180.624 0.022549
178.744 180.725 0.023598
178.744 180.826 0.027686
178.744 180.927 0.028952
178.744 181.028 0.028607
178.744 181.129 0.025414
178.744 181.23 0.023692
178.744 181.331 0.026625
178.744 181.432 0.024776
179.767 181.533 0.023473
179.767 181.634 0.023873
179.767 181.735 0.022929
179.767 181.836 0.025031
179.767 181.937 0.02544
179.767 182.038 0.027371
179.767 182.139 0.023988
179.767 182.24 0.028712
179.767 182.341 0.026783
179.767 182.442 0.023716
179.767 182.543 0.025796
179.767 182.644 0.023918
179.767 182.745 0.024574
179.767 182.848 0.034692
179.767 182.947 0.030374
179.767 183.048 0.026144
179.767 183.15 0.02404
179.767 183.251 0.023748
180.787 183.352 0.022495
180.787 183.453 0.022115
180.787 183.554 0.024603
181.81 183.655 0.023772
181.81 183.756 0.024899
181.81 183.857 0.022677
181.81 183.958 0.029174
181.81 184.059 0.023055
181.81 184.16 0.025132
181.81 184.261 0.026717
181.81 184.363 0.027939
181.81 184.464 0.028466
182.831 184.565 0.024412
182.831 184.666 0.024317
182.831 184.766 0.022726
182.831 184.868 0.024092
182.831 184.968 0.023286
182.831 185.069 0.024604
182.831 185.17 0.033772
182.831 185.272 0.023211
182.831 185.373 0.023615
182.831 185.474 0.024983
182.831 185.575 0.024277
182.831 185.676 0.023256
182.831 185.777 0.022814
182.831 185.878 0.024179
182.831 185.979 0.022342
182.831 186.08 0.02199
182.831 186.181 0.026483
182.831 186.282 0.02605
183.865 186.384 0.02299
183.865 186.485 0.02248
183.865 186.586 0.028082
183.865 186.687 0.024518
183.865 186.788 0.028585
183.865 186.889 0.026316
183.865 186.99 0.025933
183.865 187.091 0.022423
183.865 187.192 0.022629
183.865 187.293 0.032038
183.865 187.394 0.026016
185.131 187.495 0.023503
185.131 187.597 0.022343
185.131 187.698 0.022418
185.131 187.799 0.022812
185.131 187.9 0.022107
185.131 188.001 0.022872
185.131 188.102 0.022365
185.131 188.203 0.02273
185.131 188.305 0.02386
185.131 188.406 0.023369
185.131 188.507 0.025077
185.131 188.608 0.022094
186.166 188.709 0.022984
186.166 188.811 0.022787
186.166 188.912 0.022165
186.166 189.013 0.024572
186.166 189.114 0.026845
186.166 189.215 0.022109
186.166 189.317 0.026844
186.166 189.418 0.022548
186.166 189.519 0.022722
186.166 189.62 0.022621
187.19 189.721 0.022514
187.19 189.822 0.022486
187.19 189.923 0.029405
187.19 190.025 0.022124
187.19 190.126 0.02257
187.19 190.227 0.022131
187.19 190.328 0.02696
187.19 190.429 0.031734
187.19 190.541 0.022329
187.19 190.631 0.027487
187.19 190.732 0.026137
187.19 190.833 0.028451
187.19 190.934 0.026475
188.211 191.035 0.022511
188.211 191.136 0.023862
188.211 191.237 0.022668
188.211 191.338 0.023203
188.211 191.439 0.023458
188.211 191.54 0.024936
188.211 191.641 0.022795
188.211 191.743 0.022887
188.211 191.844 0.025872
189.232 191.945 0.02854
189.232 192.046 0.025278
189.232 192.147 0.031162
189.232 192.248 0.027403
189.232 192.349 0.024217
189.232 192.45 0.023001
189.232 192.551 0.023147
190.254 192.652 0.025181
190.254 192.753 0.027682
190.254 192.854 0.022441
190.254 192.955 0.02697
190.254 193.056 0.022917
190.254 193.157 0.023976
190.254 193.258 0.024242
190.254 193.36 0.023296
190.254 193.461 0.026044
190.254 193.562 0.023246
190.254 193.663 0.022952
190.254 193.764 0.022406
190.254 193.865 0.022466
190.254 193.966 0.026174
190.254 194.067 0.024163
190.254 194.168 0.022116
190.254 194.27 0.02307
190.254 194.371 0.022257
190.254 194.472 0.02208
190.254 194.573 0.027106
190.254 194.674 0.0222
190.254 194.776 0.022302
190.254 194.877 0.02226
190.254 194.978 0.022096
190.254 195.079 0.023368
190.254 195.18 0.022271
190.254 195.281 0.022331
190.254 195.382 0.022221
190.254 195.483 0.023015
190.254 195.584 0.022454
190.254 195.685 0.022089
190.254 195.786 0.02255
190.254 195.887 0.022581
190.254 195.988 0.022146
190.254 196.089 0.022008
190.254 196.19 0.022901
190.254 196.291 0.022057
190.254 196.392 0.022855
190.254 196.493 0.022632
190.254 196.594 0.023501
190.254 196.695 0.022032
190.254 196.797 0.022443
190.254 196.898 0.022133
190.254 196.999 0.022581
190.254 197.1 0.0222
190.254 197.201 0.02426
190.254 197.302 0.023999
190.254 197.403 0.02243
190.254 197.504 0.025043
190.254 197.605 0.023046
190.254 197.706 0.023456
190.254 197.807 0.02334
190.254 197.908 0.022677
190.254 198.009 0.024742
190.254 198.11 0.024626
190.254 198.211 0.022207
190.254 198.313 0.022788
190.254 198.413 0.022163
190.254 198.514 0.022046
190.254 198.615 0.022243
190.254 198.717 0.025283
191.276 198.818 0.022166
191.276 198.919 0.025036
191.276 199.02 0.023685
191.276 199.121 0.022199
191.276 199.222 0.024187
191.276 199.323 0.023629
191.276 199.424 0.024074
191.276 199.525 0.023408
191.276 199.626 0.022493
191.276 199.727 0.023223
191.276 199.828 0.023455
191.276 199.929 0.024645
191.276 200.03 0.023141
191.276 200.131 0.022243
191.276 200.232 0.023077
191.276 200.333 0.022224
191.276 200.434 0.022609
191.276 200.535 0.022311
191.276 200.636 0.022435
191.276 200.737 0.021775
191.276 200.838 0.023696
191.276 200.939 0.023579
191.276 201.04 0.02516
191.276 201.141 0.023817
191.276 201.242 0.0225
191.276 201.343 0.021913
191.276 201.444 0.022128
191.276 201.545 0.022135
191.276 201.646 0.021827
191.276 201.747 0.022029
191.276 201.848 0.021896
191.276 201.949 0.022085
191.276 202.05 0.024062
191.276 202.151 0.022396
191.276 202.252 0.022514
191.276 202.353 0.022228
191.276 202.454 0.022131
191.276 202.556 0.022309
191.276 202.657 0.022124
191.276 202.758 0.022321
191.276 202.859 0.021881
191.276 202.961 0.02387
191.276 203.062 0.023278
191.276 203.163 0.023773
191.276 203.264 0.022103
191.276 203.366 0.02317
191.276 203.467 0.023623
191.276 203.568 0.022219
191.276 203.669 0.023296
191.276 203.771 0.022146
191.276 203.872 0.022307
191.276 203.973 0.022517
191.276 204.075 0.036586
191.276 204.176 0.023263
191.276 204.277 0.024323
191.276 204.378 0.027236
191.276 204.479 0.022992
191.276 204.58 0.022562
197.88 204.681 0.022929
197.88 204.783 0.02278
197.88 204.884 0.022749
197.88 204.985 0.022581
197.88 205.086 0.022366
197.88 205.187 0.025005
197.88 205.289 0.025405
197.88 205.39 0.022881
197.88 205.491 0.023121
197.88 205.593 0.0228
197.88 205.694 0.022749
197.88 205.795 0.024241
197.88 205.896 0.022917
197.88 205.997 0.022405
197.88 206.099 0.023033
197.88 206.2 0.022077
197.88 206.301 0.022531
197.88 206.402 0.02248
197.88 206.503 0.023791
197.88 206.605 0.02241
197.88 206.706 0.022888
197.88 206.807 0.023277
197.88 206.908 0.022184
197.88 207.01 0.022468
197.88 207.111 0.023102
197.88 207.212 0.022596
197.88 207.313 0.022831
197.88 207.415 0.023069
197.88 207.516 0.02219
197.88 207.617 0.022341
197.88 207.718 0.023069
197.88 207.819 0.022494
197.88 207.92 0.02227
197.88 208.022 0.022509
197.88 208.123 0.02239
197.88 208.224 0.022387
197.88 208.325 0.024887
197.88 208.427 0.022686
197.88 208.528 0.022964
197.88 208.629 0.022436
197.88 208.73 0.023152
197.88 208.831 0.022136
197.88 208.933 0.022273
197.88 209.034 0.022658
197.88 209.135 0.024412
197.88 209.236 0.022522
197.88 209.338 0.02331
197.88 209.439 0.024716
197.88 209.54 0.022086
197.88 209.641 0.022525
197.88 209.743 0.022218
197.88 209.844 0.022714
197.88 209.945 0.022408
197.88 210.046 0.023308
197.88 210.148 0.023165
197.88 210.249 0.02236
197.88 210.35 0.023607
197.88 210.451 0.023996
197.88 210.552 0.023412
197.88 210.653 0.022699
197.88 210.754 0.022081
197.88 210.855 0.022295
197.88 210.956 0.022913
197.88 211.057 0.02205
197.88 211.158 0.023286
197.88 211.259 0.022292
197.88 211.36 0.022192
197.88 211.461 0.021868
197.88 211.562 0.022076
197.88 211.663 0.023199
197.88 211.764 0.02264
197.88 211.865 0.023512
197.88 211.966 0.023921
197.88 212.067 0.022226
197.88 212.168 0.023229
197.88 212.269 0.023743
197.88 212.37 0.022173
197.88 212.472 0.02201
197.88 212.573 0.021989
197.88 212.674 0.022224
197.88 212.775 0.022927
197.88 212.876 0.022204
197.88 212.978 0.022429
197.88 213.079 0.025086
197.88 213.18 0.022419
197.88 213.281 0.024069
197.88 213.382 0.022137
197.88 213.484 0.023058
197.88 213.585 0.023015
197.88 213.686 0.022489
197.88 213.787 0.023231
197.88 213.889 0.023249
197.88 213.99 0.022703
197.88 214.091 0.022751
203.979 214.192 0.023505
203.979 214.293 0.02279
203.979 214.395 0.023958
203.979 214.496 0.0233
203.979 214.597 0.024156
203.979 214.699 0.025636
203.979 214.8 0.02328
203.979 214.901 0.022497
203.979 215.002 0.022556
203.979 215.104 0.022946
203.979 215.205 0.023488
203.979 215.306 0.023783
203.979 215.407 0.024048
203.979 215.509 0.023889
203.979 215.61 0.024712
203.979 215.711 0.022709
203.979 215.812 0.023937
203.979 215.913 0.022942
203.979 216.015 0.022312
203.979 216.116 0.023606
203.979 216.217 0.024243
203.979 216.319 0.02261
203.979 216.42 0.0222
203.979 216.521 0.023224
203.979 216.622 0.02339
203.979 216.723 0.022767
203.979 216.825 0.023148
203.979 216.926 0.022888
203.979 217.027 0.022214
203.979 217.128 0.022266
203.979 217.229 0.022918
203.979 217.331 0.022242
203.979 217.432 0.022944
203.979 217.533 0.022947
203.979 217.634 0.023038
203.979 217.735 0.022334
203.979 217.837 0.022063
203.979 217.938 0.022446
203.979 218.039 0.022723
203.979 218.14 0.022496
203.979 218.242 0.022281
203.979 218.343 0.02304
203.979 218.444 0.022768
203.979 218.545 0.024372
203.979 218.647 0.023297
203.979 218.747 0.022287
203.979 218.849 0.022035
203.979 218.95 0.022601
203.979 219.051 0.022244
203.979 219.152 0.023844
203.979 219.254 0.025433
203.979 219.355 0.022201
203.979 219.456 0.022504
203.979 219.558 0.023346
203.979 219.659 0.02318
203.979 219.76 0.022681
203.979 219.861 0.022359
203.979 219.962 0.02262
203.979 220.064 0.022915
203.979 220.165 0.022496
203.979 220.266 0.02319
203.979 220.367 0.022381
203.979 220.469 0.023885
203.979 220.57 0.02327
203.979 220.671 0.022476
203.979 220.771 0.022986
203.979 220.873 0.02237
203.979 220.974 0.023525
203.979 221.074 0.022407
203.979 221.175 0.024244
203.979 221.277 0.022971
203.979 221.378 0.022702
203.979 221.479 0.024384
203.979 221.58 0.022208
203.979 221.681 0.022625
203.979 221.782 0.0228
203.979 221.883 0.023527
203.979 221.984 0.022339
203.979 222.085 0.024027
212.875 222.186 0.023275
212.875 222.287 0.022862
212.875 222.388 0.023835
212.875 222.489 0.022755
212.875 222.59 0.022879
212.875 222.691 0.024654
212.875 222.792 0.022426
212.875 222.893 0.021876
212.875 222.994 0.023117
212.875 223.095 0.022548
212.875 223.197 0.023451
212.875 223.298 0.023467
212.875 223.399 0.023013
212.875 223.5 0.022484
212.875 223.601 0.023786
212.875 223.702 0.022976
212.875 223.803 0.023165
212.875 223.904 0.023658
212.875 224.005 0.022445
212.875 224.106 0.022507
212.875 224.207 0.022521
212.875 224.308 0.022319
212.875 224.409 0.02195
212.875 224.51 0.022024
212.875 224.611 0.022137
212.875 224.712 0.022353
212.875 224.813 0.024597
212.875 224.913 0.022357
212.875 225.014 0.022134
212.875 225.115 0.022541
212.875 225.217 0.022455
212.875 225.318 0.023064
212.875 225.419 0.022451
212.875 225.52 0.023551
212.875 225.621 0.023166
212.875 225.722 0.022781
212.875 225.823 0.022832
212.875 225.924 0.022817
212.875 226.025 0.022101
212.875 226.126 0.022055
212.875 226.227 0.023473
212.875 226.328 0.02281
212.875 226.429 0.022767
212.875 226.53 0.022568
212.875 226.631 0.022073
212.875 226.732 0.022876
212.875 226.833 0.023629
212.875 226.934 0.021953
212.875 227.035 0.022462
212.875 227.136 0.022173
212.875 227.237 0.021989
212.875 227.338 0.022919
212.875 227.439 0.022883
212.875 227.54 0.021944
212.875 227.642 0.024407
212.875 227.743 0.023529
212.875 227.844 0.022165
212.875 227.945 0.022265
212.875 228.046 0.022229
212.875 228.147 0.022722
212.875 228.248 0.024734
212.875 228.349 0.023442
212.875 228.45 0.023292
212.875 228.552 0.022326
212.875 228.653 0.024257
212.875 228.754 0.022209
212.875 228.855 0.024279
212.875 228.955 0.022936
212.875 229.056 0.022073
212.875 229.158 0.022626
212.875 229.259 0.022346
212.875 229.36 0.022451
212.875 229.461 0.022444
212.875 229.562 0.023473
212.875 229.664 0.022417
212.875 229.765 0.023176
212.875 229.866 0.022416
212.875 229.967 0.02295
212.875 230.069 0.022939
221.079 230.17 0.0226
221.079 230.271 0.024209
221.079 230.372 0.028086
221.079 230.473 0.026477
221.079 230.574 0.023083
221.079 230.676 0.023651
221.079 230.777 0.023597
221.079 230.878 0.023186
221.079 230.979 0.025854
229.307 231.081 0.023337
229.307 231.182 0.025658
229.307 231.282 0.023604
229.307 231.384 0.0254
229.307 231.485 0.022217
229.307 231.586 0.024398
229.307 231.687 0.023411
229.307 231.788 0.023923
230.342 231.889 0.022429
230.342 231.99 0.023466
230.342 232.091 0.023237
230.342 232.192 0.023679
230.342 232.293 0.022336
230.342 232.394 0.023559
230.342 232.494 0.023107
230.342 232.595 0.022763
230.342 232.696 0.022514
230.342 232.797 0.022816
230.342 232.898 0.02254
231.362 232.999 0.022791
231.362 233.1 0.025169
231.362 233.201 0.021841
231.362 233.303 0.0255
231.362 233.404 0.025825
231.362 233.505 0.025152
231.362 233.607 0.026526
231.362 233.707 0.023719
232.396 233.808 0.023079
232.396 233.909 0.02382
232.396 234.01 0.022254
232.396 234.111 0.022502
232.396 234.212 0.022188
232.396 234.313 0.022946
232.396 234.414 0.02205
232.396 234.515 0.0237
232.396 234.616 0.025614
233.436 234.718 0.023841
233.436 234.819 0.024876
233.436 234.92 0.02383
233.436 235.021 0.026879
233.436 235.122 0.022245
233.436 235.224 0.023381
233.436 235.325 0.021699
233.436 235.426 0.022053
233.436 235.528 0.104744
233.436 235.632 0.022635
233.436 235.73 0.022952
233.436 235.831 0.022357
234.456 235.932 0.02411
234.456 236.034 0.021989
234.456 236.135 0.023702
234.456 236.236 0.023252
234.456 236.337 0.022579
234.456 236.438 0.02238
234.456 236.539 0.023322
234.456 236.64 0.027821
234.456 236.741 0.02276
235.477 236.843 0.023849
235.477 236.944 0.022442
235.477 237.045 0.022927
235.477 237.146 0.022463
235.477 237.248 0.023847
235.477 237.349 0.023034
235.477 237.45 0.022184
235.477 237.551 0.022119
235.477 237.652 0.02316
235.477 237.755 0.022929
235.477 237.856 0.022252
236.497 237.957 0.023582
236.497 238.058 0.023165
236.497 238.159 0.023504
236.497 238.26 0.02214
236.497 238.361 0.078408
236.497 238.462 0.022098
236.497 238.563 0.022253
236.497 238.664 0.021947
236.497 238.766 0.024819
236.497 238.867 0.026567
236.497 238.968 0.022371
236.497 239.069 0.022233
237.516 239.17 0.023158
237.516 239.271 0.022628
237.516 239.372 0.024103
237.516 239.473 0.022028
237.516 239.574 0.022113
237.516 239.675 0.023555
237.516 239.776 0.024173
237.516 239.877 0.022631
238.536 239.978 0.024113
238.536 240.079 0.024442
238.536 240.181 0.02269
238.536 240.282 0.023625
238.536 240.383 0.022585
238.536 240.485 0.023444
238.536 240.592 0.026158
238.536 240.687 0.025526
238.536 240.788 0.023081
238.536 240.889 0.022443
239.557 240.99 0.02633
239.557 241.091 0.02385
239.557 241.193 0.024604
239.557 241.293 0.024527
239.557 241.395 0.024218
239.557 241.496 0.024881
239.557 241.597 0.023314
239.557 241.698 0.024014
239.557 241.799 0.024831
239.557 241.901 0.028369
239.557 242.002 0.024639
239.557 242.103 0.02406
240.579 242.204 0.022478
240.579 242.305 0.023226
240.579 242.406 0.022513
240.579 242.507 0.023452
240.579 242.609 0.024379
240.579 242.71 0.022954
240.579 242.811 0.022031
240.579 242.912 0.024916
241.608 243.013 0.023072
241.608 243.114 0.022585
241.608 243.216 0.022669
241.608 243.317 0.023875
241.608 243.432 0.022168
241.608 243.519 0.023186
241.608 243.621 0.025933
241.608 243.722 0.025176
241.608 243.823 0.023701
241.608 243.924 0.022735
241.608 244.025 0.023067
242.629 244.126 0.022116
242.629 244.227 0.02204
242.629 244.328 0.02239
242.629 244.43 0.022599
242.629 244.531 0.022494
242.629 244.632 0.025647
242.629 244.733 0.025349
243.65 244.834 0.027365
243.65 244.936 0.022757
243.65 245.037 0.023651
243.65 245.138 0.023312
243.65 245.239 0.029049
243.65 245.34 0.023625
243.65 245.441 0.022578
243.65 245.543 0.022091
243.65 245.644 0.022307
243.65 245.745 0.024058
243.65 245.847 0.023575
243.65 245.948 0.022384
243.65 246.049 0.023372
243.65 246.15 0.022013
243.65 246.252 0.024586
243.65 246.353 0.021996
243.65 246.454 0.02214
243.65 246.555 0.022304
243.65 246.657 0.022973
243.65 246.758 0.024261
243.65 246.859 0.022826
243.65 246.96 0.022253
243.65 247.061 0.022512
243.65 247.163 0.022243
243.65 247.264 0.022291
243.65 247.365 0.022213
243.65 247.467 0.022391
243.65 247.568 0.022909
243.65 247.669 0.022115
243.65 247.77 0.022514
243.65 247.871 0.022169
243.65 247.973 0.022164
243.65 248.074 0.022367
243.65 248.175 0.022389
243.65 248.276 0.022231
243.65 248.377 0.022535
243.65 248.479 0.022534
243.65 248.58 0.022371
243.65 248.681 0.022425
243.65 248.782 0.023576
243.65 248.883 0.02217
243.65 248.985 0.022068
243.65 249.086 0.022178
243.65 249.187 0.022172
243.65 249.289 0.02245
243.65 249.39 0.022224
243.65 249.491 0.022483
243.65 249.592 0.022585
243.65 249.694 0.02229
243.65 249.795 0.022621
243.65 249.896 0.022711
243.65 249.997 0.023464
243.65 250.099 0.022727
243.65 250.2 0.022624
243.65 250.301 0.023254
243.65 250.402 0.022488
243.65 250.503 0.023081
243.65 250.604 0.025883
243.65 250.705 0.023536
243.65 250.807 0.024175
243.65 250.907 0.022858
243.65 251.008 0.022887
243.65 251.11 0.023585
243.65 251.211 0.022593
244.674 251.312 0.022716
244.674 251.413 0.022442
244.674 251.514 0.022701
244.674 251.615 0.022599
244.674 251.716 0.022482
244.674 251.818 0.023358
244.674 251.918 0.02224
244.674 252.019 0.022863
244.674 252.12 0.023377
249.764 252.221 0.022055
249.764 252.322 0.022908
249.764 252.423 0.022318
249.764 252.525 0.022627
249.764 252.626 0.024775
249.764 252.727 0.025651
250.786 252.828 0.024373
250.786 252.929 0.031576
250.786 253.031 0.026038
250.786 253.132 0.028209
250.786 253.233 0.026832
250.786 253.334 0.027473
250.786 253.435 0.026148
250.786 253.536 0.025563
250.786 253.638 0.024396
250.786 253.739 0.02514
250.786 253.84 0.023082
250.786 253.942 0.025085
251.809 254.043 0.022459
251.809 254.144 0.02217
251.809 254.245 0.023173
251.809 254.346 0.024037
251.809 254.448 0.022847
251.809 254.549 0.025473
251.809 254.65 0.023257
251.809 254.751 0.023854
251.809 254.853 0.024242
251.809 254.954 0.02366
251.809 255.055 0.026216
251.809 255.156 0.023254
251.809 255.257 0.023753
251.809 255.359 0.023214
251.809 255.46 0.02353
251.809 255.561 0.022485
251.809 255.662 0.023321
251.809 255.764 0.022953
251.809 255.865 0.023131
251.809 255.967 0.022877
251.809 256.068 0.023411
251.809 256.169 0.022727
251.809 256.271 0.022251
251.809 256.372 0.022281
251.809 256.473 0.022216
251.809 256.574 0.022062
251.809 256.676 0.022851
251.809 256.777 0.022874
251.809 256.878 0.023697
251.809 256.979 0.022836
251.809 257.081 0.02429
251.809 257.182 0.022077
251.809 257.283 0.022009
251.809 257.384 0.022091
251.809 257.486 0.022991
251.809 257.587 0.022564
251.809 257.688 0.023179
251.809 257.79 0.0237
251.809 257.891 0.022764
251.809 257.992 0.022575
251.809 258.093 0.023196
251.809 258.195 0.023375
251.809 258.296 0.022736
251.809 258.397 0.022892
251.809 258.499 0.022887
251.809 258.6 0.0227
251.809 258.701 0.023128
251.809 258.803 0.02274
251.809 258.904 0.022685
251.809 259.005 0.022792
251.809 259.107 0.022612
251.809 259.208 0.0224
251.809 259.309 0.022303
251.809 259.41 0.026011
251.809 259.511 0.022604
251.809 259.612 0.022339
251.809 259.713 0.022292
251.809 259.814 0.024657
251.809 259.915 0.023146
251.809 260.016 0.023393
252.83 260.117 0.02363
252.83 260.218 0.024026
252.83 260.319 0.024993
252.83 260.42 0.023192
252.83 260.521 0.022599
252.83 260.622 0.024816
252.83 260.723 0.022766
252.83 260.824 0.022322
259.152 260.925 0.022221
259.152 261.027 0.023147
259.152 261.127 0.022559
259.152 261.229 0.024335
259.152 261.33 0.022767
259.152 261.431 0.02239
259.152 261.532 0.022643
259.152 261.633 0.022651
259.152 261.734 0.024071
260.173 261.835 0.022942
260.173 261.937 0.022693
260.173 262.038 0.022634
260.173 262.139 0.022727
260.173 262.24 0.024552
260.173 262.341 0.026961
260.173 262.443 0.022913
260.173 262.544 0.022614
260.173 262.645 0.022209
261.195 262.746 0.02235
261.195 262.848 0.022506
261.195 262.949 0.023543
261.195 263.05 0.022631
261.195 263.151 0.022574
261.195 263.252 0.022327
261.195 263.353 0.023183
261.195 263.454 0.022975
261.195 263.556 0.02646
261.195 263.657 0.023019
261.195 263.758 0.02223
261.195 263.859 0.023627
261.195 263.961 0.023308
262.219 264.062 0.022258
262.219 264.163 0.022445
262.219 264.265 0.022314
262.219 264.366 0.023485
262.219 264.467 0.022642
262.219 264.568 0.02299
262.219 264.669 0.022899
262.219 264.77 0.022679
262.219 264.872 0.026436
262.219 264.973 0.022744
262.219 265.074 0.022813
262.219 265.175 0.025111
262.219 265.276 0.023986
262.219 265.378 0.023247
262.219 265.479 0.022032
262.219 265.58 0.022455
262.219 265.681 0.022233
262.219 265.782 0.022254
262.219 265.884 0.02254
262.219 265.985 0.022654
262.219 266.086 0.022583
262.219 266.187 0.02332
262.219 266.289 0.024679
262.219 266.39 0.02275
262.219 266.491 0.022599
262.219 266.592 0.022457
262.219 266.693 0.022194
262.219 266.795 0.022448
262.219 266.896 0.022124
262.219 266.997 0.02227
262.219 267.099 0.02303
262.219 267.2 0.022333
262.219 267.301 0.022602
262.219 267.402 0.022575
262.219 267.504 0.023046
262.219 267.605 0.023002
262.219 267.706 0.022979
262.219 267.807 0.026382
262.219 267.909 0.023031
262.219 268.01 0.024431
262.219 268.111 0.024327
262.219 268.212 0.023099
262.219 268.314 0.022226
262.219 268.415 0.022277
262.219 268.516 0.022955
262.219 268.617 0.022618
262.219 268.718 0.022297
262.219 268.82 0.022379
262.219 268.921 0.023038
262.219 269.022 0.022605
262.219 269.123 0.024009
262.219 269.224 0.024836
262.219 269.326 0.02298
262.219 269.427 0.022587
262.219 269.528 0.022155
262.219 269.629 0.022933
262.219 269.731 0.023177
262.219 269.832 0.024062
262.219 269.933 0.023228
262.219 270.035 0.022173
262.219 270.136 0.022676
262.219 270.237 0.022785
262.219 270.338 0.02236
263.24 270.44 0.022557
263.24 270.541 0.024866
263.24 270.642 0.022853
263.24 270.743 0.024341
263.24 270.845 0.022449
263.24 270.946 0.023507
263.24 271.047 0.02402
263.24 271.149 0.023254
263.24 271.249 0.022658
263.24 271.351 0.02359
263.24 271.452 0.027174
263.24 271.553 0.022779
269.441 271.654 0.024077
269.441 271.755 0.024305
269.441 271.857 0.023928
269.441 271.958 0.023962
269.441 272.06 0.024016
269.441 272.161 0.024057
269.441 272.262 0.023847
269.441 272.364 0.024592
269.441 272.465 0.023657
269.441 272.566 0.023238
270.463 272.667 0.023472
270.463 272.768 0.023325
270.463 272.869 0.024351
270.463 272.971 0.026048
270.463 273.072 0.024066
270.463 273.174 0.025072
270.463 273.275 0.024333
270.463 273.376 0.023847
271.485 273.477 0.022686
271.485 273.578 0.024633
271.485 273.68 0.024034
271.485 273.781 0.024588
271.485 273.882 0.024707
271.485 273.983 0.024627
271.485 274.085 0.026408
271.485 274.186 0.024444
271.485 274.287 0.024478
272.506 274.388 0.024049
272.506 274.49 0.02256
272.506 274.591 0.024982
272.506 274.692 0.029224
272.506 274.793 0.024787
272.506 274.894 0.024394
272.506 274.996 0.023685
272.506 275.097 0.024469
272.506 275.198 0.023717
272.506 275.3 0.023895
273.526 275.401 0.022477
273.526 275.502 0.022908
273.526 275.603 0.02365
273.526 275.705 0.025813
273.526 275.806 0.024695
273.526 275.907 0.024778
273.526 276.009 0.02351
273.526 276.11 0.028756
273.526 276.211 0.024321
274.547 276.312 0.022951
274.547 276.413 0.022952
274.547 276.514 0.023068
274.547 276.616 0.023308
274.547 276.717 0.02518
274.547 276.819 0.026203
275.568 276.919 0.022941
275.568 277.021 0.022665
275.568 277.122 0.023834
275.568 277.223 0.02377
275.568 277.325 0.024084
275.568 277.426 0.023598
275.568 277.527 0.023811
276.589 277.629 0.023273
276.589 277.729 0.023734
276.589 277.831 0.026654
276.589 277.933 0.022902
276.589 278.035 0.024635
276.589 278.136 0.023791
276.589 278.237 0.023551
276.589 278.338 0.02379
276.589 278.44 0.023777
276.589 278.541 0.022457
277.613 278.642 0.022955
277.613 278.743 0.023448
277.613 278.844 0.022345
277.613 278.945 0.023168
277.613 279.047 0.023562
277.613 279.148 0.023841
277.613 279.249 0.02395
277.613 279.35 0.022926
278.636 279.451 0.022187
278.636 279.552 0.022933
278.636 279.653 0.024237
278.636 279.754 0.023443
278.636 279.855 0.022562
278.636 279.956 0.02317
278.636 280.057 0.024335
278.636 280.158 0.026428
278.636 280.259 0.024033
278.636 280.36 0.022138
278.636 280.461 0.023817
278.636 280.562 0.023762
278.636 280.663 0.023256
278.636 280.765 0.025132
278.636 280.866 0.026034
278.636 280.967 0.023464
279.657 281.068 0.024779
279.657 281.169 0.023733
279.657 281.27 0.026554
279.657 281.372 0.022135
279.657 281.473 0.025975
279.657 281.574 0.022072
279.657 281.675 0.024676
279.657 281.776 0.023808
279.657 281.878 0.023466
280.677 281.979 0.023225
280.677 282.08 0.022749
280.677 282.181 0.023308
280.677 282.283 0.023411
280.677 282.384 0.023613
280.677 282.485 0.023599
280.677 282.587 0.023509
280.677 282.688 0.023833
280.677 282.789 0.025254
281.698 282.89 0.023575
281.698 282.991 0.024426
281.698 283.092 0.02262
281.698 283.193 0.024176
281.698 283.295 0.024493
281.698 283.395 0.023487
281.698 283.497 0.023889
281.698 283.598 0.023614
281.698 283.699 0.024219
281.698 283.8 0.024878
281.698 283.901 0.024101
281.698 284.002 0.02431
281.698 284.103 0.024962
281.698 284.204 0.023284
281.698 284.305 0.025797
281.698 284.406 0.025063
281.698 284.507 0.023263
281.698 284.608 0.02219
281.698 284.709 0.022708
281.698 284.811 0.023109
281.698 284.912 0.022941
281.698 285.012 0.022747
281.698 285.114 0.022974
281.698 285.215 0.022604
281.698 285.316 0.021958
281.698 285.418 0.023911
281.698 285.519 0.022975
281.698 285.62 0.022241
281.698 285.721 0.023575
281.698 285.822 0.02239
281.698 285.923 0.0223
281.698 286.024 0.022832
281.698 286.125 0.02257
281.698 286.226 0.023065
281.698 286.327 0.023036
281.698 286.428 0.022351
281.698 286.529 0.022306
281.698 286.63 0.023236
281.698 286.731 0.023057
281.698 286.832 0.022662
281.698 286.933 0.022934
281.698 287.034 0.022651
281.698 287.135 0.022325
281.698 287.236 0.023754
281.698 287.337 0.022469
281.698 287.438 0.022565
281.698 287.539 0.023087
281.698 287.64 0.022665
281.698 287.741 0.022436
281.698 287.842 0.022793
281.698 287.943 0.022556
281.698 288.044 0.022943
281.698 288.145 0.022784
281.698 288.246 0.022914
281.698 288.347 0.023452
281.698 288.448 0.023623
281.698 288.549 0.02373
281.698 288.65 0.022956
281.698 288.751 0.023205
281.698 288.853 0.022625
281.698 288.953 0.022371
281.698 289.055 0.023377
281.698 289.155 0.023518
281.698 289.257 0.022298
281.698 289.357 0.029906
281.698 289.459 0.022878
281.698 289.56 0.022286
281.698 289.661 0.023306
281.698 289.763 0.022536
281.698 289.864 0.0223
281.698 289.965 0.025637
281.698 290.066 0.024885
281.698 290.168 0.02422
281.698 290.269 0.023542
282.721 290.37 0.022654
282.721 290.471 0.025594
282.721 290.573 0.023814
282.721 290.674 0.030451
282.721 290.776 0.025458
282.721 290.877 0.023159
289.375 290.978 0.022716
289.375 291.079 0.023134
289.375 291.181 0.027284
289.375 291.282 0.026123
289.375 291.383 0.025899
289.375 291.484 0.023781
289.375 291.585 0.026374
289.375 291.686 0.023364
289.375 291.788 0.024164
290.395 291.889 0.026355
290.395 291.989 0.022641
290.395 292.09 0.024071
290.395 292.191 0.023155
290.395 292.292 0.023563
290.395 292.394 0.023396
290.395 292.495 0.023658
290.395 292.597 0.024658
290.395 292.698 0.025977
290.395 292.799 0.023734
290.395 292.901 0.024125
290.395 293.009 0.023435
290.395 293.11 0.023773
291.416 293.211 0.022756
291.416 293.313 0.023152
291.416 293.414 0.023037
291.416 293.515 0.02373
291.416 293.616 0.023349
291.416 293.718 0.023934
291.416 293.819 0.023598
291.416 293.92 0.023297
291.416 294.021 0.022705
292.437 294.123 0.023196
292.437 294.224 0.024594
292.437 294.325 0.022703
292.437 294.426 0.023222
292.437 294.527 0.023117
292.437 294.628 0.025223
292.437 294.732 0.022691
292.437 294.833 0.02255
292.437 294.934 0.025544
292.437 295.036 0.023667
292.437 295.137 0.022591
292.437 295.238 0.024505
292.437 295.34 0.025559
293.457 295.442 0.022791
293.457 295.543 0.023346
293.457 295.644 0.023521
293.457 295.745 0.022907
293.457 295.846 0.024826
293.457 295.947 0.025793
293.457 296.048 0.022737
293.457 296.149 0.023389
293.457 296.25 0.02539
293.457 296.351 0.022731
293.457 296.452 0.023472
293.457 296.553 0.023298
293.457 296.654 0.02244
293.457 296.755 0.024223
293.457 296.856 0.022836
293.457 296.957 0.022912
293.457 297.058 0.022661
293.457 297.159 0.022789
293.457 297.26 0.022203
293.457 297.361 0.023103
293.457 297.462 0.023151
293.457 297.563 0.022591
293.457 297.665 0.022824
293.457 297.766 0.022347
293.457 297.867 0.02219
293.457 297.968 0.022424
293.457 298.069 0.022717
293.457 298.17 0.022557
293.457 298.271 0.022824
293.457 298.372 0.02266
293.457 298.473 0.022603
293.457 298.574 0.022849
293.457 298.675 0.02292
293.457 298.776 0.023207
293.457 298.877 0.022808
293.457 298.978 0.022831
293.457 299.079 0.02289
293.457 299.18 0.023249
293.457 299.281 0.023456
293.457 299.382 0.024306
293.457 299.483 0.022018
293.457 299.584 0.02424
293.457 299.685 0.022953
293.457 299.786 0.023388
293.457 299.887 0.023517
293.457 299.988 0.025143
293.457 300.089 0.02359
293.457 300.19 0.022886
293.457 300.291 0.022473
293.457 300.392 0.022308
293.457 300.493 0.022749
293.457 300.593 0.02244
293.457 300.695 0.022815
293.457 300.796 0.022903
293.457 300.897 0.022452
293.457 300.998 0.023881
293.457 301.099 0.024534
293.457 301.2 0.02239
293.457 301.301 0.023685
293.457 301.402 0.022754
293.457 301.503 0.022458
293.457 301.605 0.022985
293.457 301.705 0.022771
293.457 301.806 0.023783
293.457 301.907 0.022477
293.457 302.008 0.024031
293.457 302.11 0.027063
293.457 302.211 0.022757
293.457 302.312 0.02435
293.457 302.414 0.023017
293.457 302.515 0.024928
293.457 302.616 0.026075
294.48 302.717 0.025046
294.48 302.819 0.025126
294.48 302.919 0.024464
294.48 303.021 0.023606
294.48 303.122 0.023093
294.48 303.222 0.023823
294.48 303.323 0.022471
294.48 303.425 0.023282
294.48 303.526 0.02328
294.48 303.627 0.022185
294.48 303.728 0.022605
294.48 303.829 0.023942
294.48 303.93 0.022858
294.48 304.031 0.023318
294.48 304.132 0.022435
294.48 304.234 0.022626
294.48 304.335 0.023718
294.48 304.436 0.022613
294.48 304.537 0.022573
294.48 304.639 0.023117
294.48 304.74 0.02285
294.48 304.841 0.022676
294.48 304.942 0.023502
294.48 305.043 0.022659
294.48 305.144 0.023121
294.48 305.245 0.023329
294.48 305.346 0.023356
294.48 305.449 0.023455
294.48 305.55 0.028732
294.48 305.652 0.023991
294.48 305.753 0.022767
294.48 305.854 0.023179
294.48 305.955 0.022326
294.48 306.056 0.022257
294.48 306.157 0.022442
294.48 306.258 0.022245
294.48 306.359 0.022256
294.48 306.46 0.023351
294.48 306.562 0.023246
294.48 306.663 0.022249
294.48 306.764 0.023496
294.48 306.865 0.023036
294.48 306.967 0.022516
294.48 307.068 0.023765
294.48 307.169 0.022979
294.48 307.27 0.023977
294.48 307.371 0.022453
294.48 307.472 0.022677
294.48 307.573 0.023452
294.48 307.674 0.023315
294.48 307.775 0.022044
294.48 307.877 0.023002
294.48 307.978 0.023349
294.48 308.079 0.02235
294.48 308.18 0.023383
294.48 308.281 0.022709
294.48 308.382 0.022105
294.48 308.483 0.023531
294.48 308.584 0.021389
294.48 308.685 0.023253
294.48 308.787 0.022626
294.48 308.888 0.026175
294.48 308.989 0.022873
294.48 309.09 0.023514
294.48 309.191 0.023662
294.48 309.293 0.026907
294.48 309.394 0.023968
294.48 309.495 0.026144
294.48 309.596 0.025592
294.48 309.698 0.025047
301.823 309.798 0.024053
301.823 309.9 0.024382
301.823 310.001 0.024818
301.823 310.102 0.024772
301.823 310.203 0.023009
301.823 310.304 0.023068
301.823 310.405 0.022013
301.823 310.506 0.023388
301.823 310.607 0.023303
301.823 310.707 0.022061
301.823 310.808 0.023303
301.823 310.909 0.022149
301.823 311.011 0.023065
301.823 311.111 0.023522
301.823 311.212 0.022782
301.823 311.314 0.023153
301.823 311.414 0.022433
301.823 311.515 0.022236
301.823 311.617 0.023059
301.823 311.718 0.024459
301.823 311.819 0.022158
301.823 311.921 0.0233
301.823 312.021 0.023281
301.823 312.122 0.021952
301.823 312.223 0.02418
301.823 312.324 0.023172
301.823 312.425 0.022209
301.823 312.526 0.022589
301.823 312.627 0.023746
301.823 312.728 0.022291
301.823 312.829 0.02339
301.823 312.93 0.022424
301.823 313.031 0.022486
301.823 313.132 0.022552
301.823 313.233 0.022543
301.823 313.334 0.023105
301.823 313.435 0.022742
301.823 313.536 0.022284
301.823 313.637 0.022815
301.823 313.738 0.022617
301.823 313.839 0.02262
301.823 313.94 0.023826
301.823 314.041 0.025575
301.823 314.142 0.022626
301.823 314.243 0.023113
301.823 314.344 0.022734
301.823 314.445 0.022189
301.823 314.546 0.022879
301.823 314.647 0.023578
301.823 314.748 0.022749
301.823 314.849 0.023251
301.823 314.95 0.022105
301.823 315.05 0.022411
301.823 315.151 0.02276
301.823 315.252 0.022348
301.823 315.354 0.021663
301.823 315.455 0.024041
301.823 315.556 0.022784
301.823 315.657 0.024641
301.823 315.759 0.025966
301.823 315.86 0.024872
301.823 315.961 0.025607
301.823 316.062 0.02579
301.823 316.164 0.025311
301.823 316.265 0.024671
308.507 316.366 0.023782
308.507 316.468 0.023136
308.507 316.569 0.023448
308.507 316.67 0.022331
308.507 316.771 0.02358
308.507 316.872 0.025568
308.507 316.974 0.02552
308.507 317.075 0.023422
308.507 317.176 0.024027
308.507 317.277 0.02409
308.507 317.378 0.02375
308.507 317.479 0.025767
308.507 317.58 0.023527
308.507 317.681 0.024128
308.507 317.782 0.022153
308.507 317.883 0.022829
308.507 317.984 0.023373
308.507 318.085 0.022522
308.507 318.186 0.022456
308.507 318.287 0.022956
308.507 318.388 0.022304
308.507 318.489 0.022978
308.507 318.59 0.022695
308.507 318.691 0.023519
308.507 318.793 0.024068
308.507 318.894 0.023971
308.507 318.995 0.022474
308.507 319.097 0.02254
308.507 319.198 0.022492
308.507 319.299 0.023596
308.507 319.4 0.023359
308.507 319.501 0.02266
308.507 319.603 0.022685
308.507 319.704 0.022626
308.507 319.806 0.022909
308.507 319.906 0.022422
308.507 320.007 0.022183
308.507 320.108 0.022629
308.507 320.21 0.022602
308.507 320.311 0.022743
308.507 320.412 0.022311
308.507 320.513 0.02363
308.507 320.615 0.023495
308.507 320.715 0.024615
308.507 320.817 0.023089
308.507 320.918 0.02318
308.507 321.019 0.023859
308.507 321.12 0.022987
308.507 321.221 0.022471
308.507 321.323 0.022706
308.507 321.424 0.0222
308.507 321.525 0.023697
308.507 321.626 0.022364
308.507 321.727 0.024006
308.507 321.828 0.024477
308.507 321.929 0.024507
308.507 322.031 0.024105
308.507 322.132 0.02387
308.507 322.233 0.023294
308.507 322.334 0.026618
315.322 322.435 0.025372
315.322 322.536 0.021966
315.322 322.637 0.023378
315.322 322.739 0.024524
315.322 322.839 0.021953
315.322 322.941 0.022892
315.322 323.042 0.022721
315.322 323.148 0.023317
315.322 323.245 0.023681
315.322 323.345 0.022156
315.322 323.446 0.022187
315.322 323.548 0.022225
315.322 323.649 0.022471
315.322 323.75 0.023494
315.322 323.851 0.022808
315.322 323.952 0.021986
315.322 324.053 0.0226
315.322 324.154 0.02319
315.322 324.254 0.022045
315.322 324.355 0.022007
315.322 324.456 0.023839
315.322 324.557 0.022059
315.322 324.658 0.022219
315.322 324.761 0.022672
315.322 324.862 0.022736
315.322 324.963 0.02248
315.322 325.064 0.02399
315.322 325.165 0.022162
315.322 325.266 0.022226
315.322 325.367 0.022571
315.322 325.468 0.022115
315.322 325.569 0.021912
315.322 325.67 0.022354
315.322 325.771 0.022452
315.322 325.872 0.022029
315.322 325.973 0.022184
315.322 326.074 0.022579
315.322 326.175 0.022072
315.322 326.276 0.022253
315.322 326.377 0.022275
