167.391 1.893 0.028424 1.7335 0.149119
169.314 0.243821 0.022739 0.108888 0.130135
170.569 0.212008 0.020736 0.082757 0.126399
171.591 0.1861 0.021559 0.067806 0.115463
172.613 0.164596 0.021445 0.062976 0.098632
173.636 0.162727 0.020493 0.059886 0.100058
174.658 0.176334 0.020102 0.060017 0.11348
175.679 0.162641 0.02048 0.061428 0.098265
176.701 0.172715 0.022243 0.062745 0.10713
177.724 0.165832 0.01941 0.063245 0.099633
178.744 0.167494 0.021247 0.062453 0.101992
179.767 0.29615 0.019129 0.065187 0.228084
180.787 0.246355 0.021418 0.061111 0.182457
181.81 0.250318 0.019507 0.060947 0.186654
182.831 0.262888 0.032599 0.059178 0.200929
183.865 1.24005 0.024592 0.061884 1.17436
185.131 0.246581 0.034126 0.062368 0.181449
186.166 0.256884 0.02231 0.060851 0.192756
187.19 0.272955 0.019936 0.060834 0.209295
188.211 0.284029 0.019891 0.096162 0.185109
189.232 0.243792 0.020426 0.063175 0.177649
190.254 0.246396 0.020409 0.057199 0.186355
191.276 6.58202 0.020532 0.059573 6.51976
197.88 6.03055 0.068016 0.095797 5.93196
203.979 8.87551 0.019212 0.084627 8.78788
212.875 8.1812 0.021664 0.090059 8.08814
221.079 8.17595 0.050591 0.074944 8.09826
229.307 1.00512 0.02891 0.095795 0.906577
230.342 0.860806 0.018453 0.061523 0.796533
231.362 0.233526 0.023408 0.057381 0.173437
232.396 0.237439 0.038403 0.059213 0.175481
233.436 0.234068 0.0189 0.056341 0.174934
234.456 0.766539 0.019303 0.05907 0.704687
235.477 0.239306 0.018535 0.059172 0.177406
236.497 0.739334 0.018667 0.060949 0.675655
237.516 0.261467 0.018721 0.063394 0.195339
238.536 0.240315 0.019866 0.062315 0.174959
239.557 0.669232 0.019976 0.056753 0.609768
240.579 0.731026 0.028277 0.055606 0.672434
241.608 0.645849 0.020124 0.057299 0.585555
242.629 0.700733 0.019399 0.060197 0.637742
243.65 0.263013 0.022515 0.065775 0.194527
244.674 5.06603 0.022716 0.060258 5.00278
249.764 0.861081 0.0204 0.058615 0.799575
250.786 0.171693 0.021522 0.062115 0.106173
251.809 0.144793 0.019835 0.057562 0.084421
252.83 6.29892 0.022002 0.057269 6.23877
259.152 0.144466 0.019512 0.063277 0.078009
260.173 0.144103 0.020946 0.059273 0.081775
261.195 0.164697 0.02267 0.059466 0.101984
262.219 0.146164 0.020128 0.062097 0.076644
263.24 6.17979 0.019763 0.059586 6.11737
269.441 0.220689 0.021195 0.134289 0.083544
270.463 0.144938 0.020685 0.061549 0.080723
271.485 0.142716 0.019343 0.06461 0.074906
272.506 0.144076 0.019371 0.059882 0.081339
273.526 0.14139 0.019338 0.059193 0.079527
274.547 0.138691 0.019754 0.056348 0.079603
275.568 0.147045 0.019795 0.0578 0.086553
276.589 0.162219 0.022991 0.060381 0.098569
277.613 0.137 0.020922 0.049722 0.084685
278.636 0.129342 0.020085 0.047954 0.078729
279.657 0.132152 0.019486 0.048373 0.08108
280.677 0.153672 0.019452 0.057464 0.093497
281.698 0.149104 0.021882 0.062699 0.083234
282.721 6.63336 0.01957 0.058764 6.57187
289.375 0.824798 0.018276 0.135013 0.687155
290.395 0.253195 0.019141 0.058495 0.192051
291.416 0.848457 0.019325 0.057679 0.788122
292.437 0.211501 0.019186 0.059265 0.149654
293.457 0.758615 0.019998 0.061449 0.69452
294.48 7.32203 0.019462 0.057573 7.2618
301.823 6.66435 0.018934 0.094241 6.5671
308.507 6.79404 0.019694 0.121874 6.66953
315.322 5.98135 0.01895 0.096151 5.88257
321.323 6.36667 0.02087 0.064323 6.2997
327.711 0.802582 0.018575 0.084764 0.715189
328.731 0.757818 0.021085 0.058489 0.696594
329.754 0.74456 0.021006 0.060868 0.680592
330.776 8.0936 0.022533 0.063134 8.02744
338.894 6.66019 0.019022 0.092794 6.56464
345.574 6.39042 0.019681 0.07552 6.31209
351.986 7.34454 0.020124 0.089677 7.25204
359.351 5.62045 0.019182 0.098962 5.51883
364.992 6.67292 0.019303 0.058678 6.61158
371.686 6.58088 0.02509 0.064087 6.51394
378.293 6.69243 0.018994 0.062183 6.62759
385.006 7.52714 0.028637 0.075875 7.44856
392.563 6.56399 0.018817 0.169157 6.39223
399.147 0.715564 0.01899 0.074694 0.63756
400.167 0.32683 0.02106 0.06081 0.262957
401.19 0.525917 0.022207 0.05747 0.465638
402.214 0.845833 0.023951 0.05952 0.783537
403.239 0.756842 0.019563 0.057666 0.69656
404.259 7.33165 0.019406 0.059166 7.26978
411.611 0.764323 0.019663 0.065955 0.695748
412.633 0.772754 0.021302 0.060755 0.709368
413.655 0.947635 0.018735 0.059331 0.885672
414.675 7.52984 0.0186 0.05645 7.47078
422.225 8.12455 0.020906 0.115596 8.0063
430.371 7.8756 0.018505 0.130245 7.74263
438.266 0.795431 0.018336 0.116925 0.675908
439.286 4.7545 0.021347 0.059079 4.69243
444.063 0.697471 0.024142 0.056619 0.638229
445.088 0.853134 0.021901 0.057769 0.792519
446.111 7.58841 0.019466 0.059251 7.52651
453.721 0.316899 0.019061 0.078915 0.235356
454.741 0.969336 0.0218 0.058357 0.908255
455.764 0.811479 0.019416 0.057101 0.751609
456.785 1.54456 0.018952 0.056866 1.48496
458.349 1.40771 0.018716 0.05651 1.3486
459.776 6.41659 0.019955 0.057667 6.35628
466.214 5.76987 0.02002 0.068854 5.69839
472.005 4.70504 0.019888 0.062131 4.64026
476.731 5.93818 0.019286 0.060344 5.8748
482.69 6.81431 0.019901 0.062333 6.749
489.525 7.02411 0.514398 0.071343 6.95009
497.065 1.34564 0.018777 0.117665 1.22529
498.431 6.72597 0.018677 0.057481 6.66586
505.177 0.827823 0.018958 0.056167 0.769027
506.21 4.02016 0.019257 0.059284 3.95826
510.25 6.94538 0.022147 0.057524 6.88506
517.219 5.98308 0.018583 0.063645 5.91675
523.222 0.901324 0.020663 0.060651 0.838063
524.244 0.221164 0.019837 0.057158 0.161364
525.272 0.20666 0.018813 0.057399 0.146627
526.364 0.210881 0.020214 0.058304 0.149964
527.387 0.201751 0.019694 0.057569 0.141516
528.418 0.198348 0.019715 0.059195 0.136373
529.442 0.194746 0.018702 0.057687 0.134425
530.469 0.198675 0.020428 0.057025 0.139067
531.492 0.20048 0.018926 0.058571 0.138992
532.526 0.218751 0.019026 0.058001 0.158156
533.548 0.179319 0.018918 0.054991 0.121657
534.788 0.210246 0.018466 0.058056 0.149361
535.811 0.182698 0.020229 0.05716 0.1229
536.902 0.17947 0.019297 0.055188 0.121719
537.924 0.178593 0.020046 0.056088 0.119931
538.959 0.179714 0.019729 0.057182 0.11993
540.11 0.182997 0.01973 0.059518 0.120834
541.139 0.182193 0.019729 0.058373 0.121128
542.167 0.185812 0.019242 0.056037 0.127192
543.244 0.183243 0.020664 0.058145 0.122527
544.278 0.185019 0.020086 0.058095 0.124214
545.432 0.175732 0.018792 0.055562 0.117544
546.469 0.180466 0.018717 0.059856 0.117991
547.512 0.184468 0.019607 0.058018 0.123663
548.541 0.174903 0.018654 0.056353 0.115837
549.565 0.179698 0.018903 0.055778 0.121062
550.65 0.179452 0.019778 0.05624 0.120605
551.671 0.17846 0.019332 0.057222 0.118587
552.692 0.196414 0.020019 0.058593 0.135171
553.713 0.200122 0.019826 0.055103 0.142389
554.735 0.180778 0.021094 0.058844 0.119184
555.757 0.172435 0.019315 0.055123 0.114631
556.778 0.17907 0.018901 0.058477 0.118018
557.798 0.17493 0.018873 0.058342 0.114021
558.818 0.17515 0.020286 0.055725 0.116804
559.84 0.18707 0.020809 0.054941 0.129437
560.863 0.17205 0.018865 0.056871 0.112546
561.883 0.177414 0.020275 0.056737 0.118072
562.905 0.761402 0.022719 0.056988 0.701681
563.929 0.773944 0.024119 0.060997 0.70976
564.955 8.19564 0.019766 0.05504 8.13798
573.171 0.874451 0.026126 0.118458 0.753395
574.199 0.678655 0.018893 0.064545 0.611523
575.219 0.984383 0.020145 0.054944 0.926856
576.249 7.09177 0.018357 0.057534 7.03158
583.36 1.08081 0.022288 0.064313 1.01343
584.468 1.42693 0.020502 0.058492 1.36583
585.917 1.45554 0.018323 0.054193 1.39841
587.392 0.860523 0.018529 0.0557 0.80191
588.412 0.622733 0.018339 0.054813 0.565055
589.443 0.647322 0.018371 0.057389 0.587352
590.463 0.166116 0.019253 0.055473 0.10795
591.487 0.166744 0.018697 0.057946 0.106127
592.516 0.19398 0.018219 0.05861 0.132748
593.544 0.166022 0.020394 0.059046 0.104337
594.578 0.1632 0.019079 0.055325 0.105085
595.626 0.162814 0.019391 0.056765 0.103443
596.656 0.150674 0.020979 0.043158 0.104942
597.679 0.168212 0.020104 0.056623 0.108807
598.714 0.15545 0.019849 0.045258 0.107116
599.735 0.157809 0.01892 0.044784 0.110391
600.755 0.171651 0.021426 0.057334 0.111708
601.795 0.176096 0.018014 0.055424 0.117914
602.819 0.182022 0.018636 0.061015 0.118439
603.852 0.190665 0.020149 0.060612 0.127459
604.878 0.17889 0.021355 0.052191 0.124069
605.91 0.20887 0.019411 0.061225 0.145077
606.93 0.177387 0.019113 0.05167 0.123104
607.951 0.191969 0.019528 0.060454 0.128912
608.983 0.191162 0.019095 0.059959 0.128458
610.015 0.196567 0.018171 0.063652 0.130144
611.035 0.185187 0.028206 0.053177 0.128827
612.064 0.554065 0.019229 0.051476 0.499946
613.085 0.342365 0.019757 0.063943 0.275608
614.108 0.241502 0.021682 0.06442 0.174261
615.135 0.218032 0.020447 0.062146 0.153176
616.384 0.277168 0.019393 0.062751 0.211484
617.407 0.289503 0.019501 0.056743 0.229993
618.429 0.478492 0.019385 0.047582 0.427807
619.449 0.42736 0.020268 0.045953 0.378442
620.471 0.196511 0.021171 0.04601 0.147535
621.493 0.190999 0.022045 0.047786 0.140508
622.517 0.189576 0.020849 0.045944 0.140967
623.539 0.191377 0.022665 0.045263 0.143253
624.563 0.194422 0.020064 0.044755 0.146568
625.584 0.193087 0.020461 0.048704 0.141812
626.606 0.186542 0.019567 0.043268 0.14065
627.627 0.18388 0.019558 0.047585 0.133568
628.647 0.189848 0.018524 0.05296 0.134094
629.667 0.195654 0.019958 0.048302 0.14445
630.688 0.261571 0.01891 0.042048 0.216888
631.708 0.213799 0.019745 0.043882 0.167294
632.729 0.26407 0.02002 0.044775 0.21637
633.75 0.298972 0.019241 0.044699 0.251646
634.771 0.289843 0.02123 0.0494 0.237837
635.793 0.30378 0.020019 0.054771 0.246195
636.814 0.197721 0.019317 0.04896 0.145868
637.835 0.491445 0.021481 0.04801 0.440746
638.857 0.542346 0.019718 0.048445 0.49129
639.878 2.79015 0.020319 0.048005 2.73938
642.69 0.470379 0.019894 0.04359 0.42416
643.711 0.197847 0.020839 0.048524 0.146712
644.733 0.197093 0.020236 0.054342 0.140059
645.754 0.200592 0.020449 0.054455 0.143171
646.776 0.197926 0.027036 0.054144 0.140852
647.804 0.197832 0.020261 0.053089 0.142128
648.825 0.198997 0.020243 0.05334 0.142962
649.846 0.195634 0.019009 0.053446 0.13953
650.866 0.199933 0.024108 0.053316 0.143467
651.891 0.201028 0.019082 0.050238 0.148194
652.912 0.20433 0.020531 0.055621 0.146116
653.933 0.191512 0.023118 0.054307 0.134614
654.958 0.204884 0.019825 0.055744 0.14648
655.98 0.192404 0.020452 0.053002 0.136666
657.002 0.197206 0.022138 0.055289 0.139163
658.025 0.193487 0.022806 0.055593 0.135177
659.049 0.192605 0.027194 0.055372 0.134281
660.077 0.188368 0.019136 0.05279 0.132776
661.098 0.192263 0.024664 0.056695 0.132908
662.123 0.183334 0.019785 0.051236 0.129204
663.144 0.188796 0.02153 0.05273 0.133433
664.167 0.19454 0.024596 0.056742 0.135101
665.193 0.193769 0.021079 0.052972 0.138151
666.215 0.189299 0.026376 0.053835 0.132794
667.243 0.191902 0.019308 0.054759 0.134435
668.264 0.191976 0.024892 0.055067 0.134257
669.29 0.19728 0.019272 0.054265 0.140406
