111.543 55.839 
121.74 36.0402 
131.909 49.4533 
142.062 26.6365 
152.269 47.9808 
162.484 60.0962 
172.631 47.4705 
182.8 9.56408 
192.953 41.8428 
203.099 30.4563 
213.244 9.56408 
223.391 9.56408 
233.535 9.56408 
243.684 9.56408 
253.825 9.56408 
264.01 9.56408 
274.161 9.56408 
284.306 9.56408 
294.454 9.56408 
304.638 9.56408 
314.795 9.56408 
324.961 9.56408 
335.115 9.56408 
345.312 9.56408 
355.576 9.56408 
365.745 9.56408 
375.905 9.56408 
386.05 9.56408 
396.243 9.56408 
406.391 9.56408 
