110.547 112.199 1.2134
112.199 113.415 0.883566
113.228 114.3 1.13352
114.252 115.434 1.37428
115.279 116.81 1.15928
116.302 117.97 1.01585
117.325 118.988 1.03948
118.351 120.028 0.873217
119.379 120.902 0.712816
120.402 121.616 0.843206
121.426 122.46 1.18558
122.45 123.647 1.171
123.473 124.819 1.47541
124.495 126.296 0.553066
125.518 126.85 0.863913
126.541 127.776 1.17475
127.775 128.952 1.22572
128.797 130.179 1.20152
129.82 131.381 0.945042
130.842 132.327 1.33167
131.865 133.66 0.885912
132.886 134.547 0.673704
133.908 140.368 0.759421
140.368 146.181 0.67075
146.18 154.719 1.29192
154.719 162.644 1.02569
162.643 170.55 0.8848
170.55 171.488 0.776604
171.571 172.425 0.57187
172.593 172.998 1.19434
173.615 174.194 0.839198
174.639 175.034 0.903393
175.664 175.94 0.618014
176.69 176.946 0.789972
177.713 178.429 0.72924
178.734 179.159 1.18046
179.756 180.341 0.818429
180.778 181.421 0.753059
181.802 182.505 0.859982
182.828 183.477 0.716471
183.853 184.521 0.69114
184.874 185.213 0.67091
185.897 190.616 1.52864
190.616 192.145 0.89611
191.638 193.043 0.570801
192.662 193.615 1.23199
193.684 199.519 0.982444
199.519 200.502 0.838541
200.54 201.342 0.858643
201.562 202.201 1.02019
202.584 203.223 1.21797
203.606 204.442 0.732833
204.628 205.176 1.15765
205.649 206.335 1.01982
206.672 207.454 0.926344
207.694 208.382 0.914202
208.716 209.297 1.00211
209.738 210.301 0.969161
210.759 211.271 0.524023
211.783 211.937 0.718479
212.806 212.96 0.782091
213.829 213.98 0.611289
214.851 215.014 1.31617
215.877 216.331 0.976131
216.899 217.309 0.873354
217.923 224.58 0.914048
224.581 225.496 0.553942
225.602 226.051 1.03562
226.624 227.087 0.918097
227.646 228.006 0.808879
228.672 229.458 1.14246
229.699 230.602 0.844496
230.723 231.447 1.13002
231.747 238.587 0.913866
238.587 244.566 1.05865
244.565 250.886 1.30478
250.886 252.192 0.975644
251.908 253.168 1.1947
252.929 254.364 0.608632
253.953 261.876 1.17938
261.876 268.608 1.25805
268.608 274.858 0.82717
274.857 282.022 1.93449
282.021 287.479 0.724723
287.478 294.352 0.983614
294.352 300.99 0.981068
300.99 307.502 0.803838
307.502 314.839 1.66566
314.839 321.518 0.81711
321.518 322.337 0.657842
322.541 323.145 1.31824
323.562 324.464 0.806757
324.584 325.457 0.914124
325.608 326.439 0.732651
326.628 333.929 1.14738
333.929 335.078 0.747845
334.95 335.827 1.06619
335.972 336.894 0.9252
336.997 344.502 1.05227
344.502 352.459 1.80038
352.459 360.111 1.01102
360.111 361.123 1.35739
361.132 362.481 1.00561
362.156 363.488 0.877596
363.178 364.366 0.711535
364.202 365.079 0.940215
365.223 366.02 0.943083
366.245 366.964 0.938762
367.267 367.904 0.831815
368.292 368.737 1.29136
369.316 370.03 1.24852
370.337 371.279 0.921986
371.36 372.202 1.0996
372.381 373.303 0.978752
373.403 374.283 0.622012
374.426 374.907 1.10657
375.448 376.014 0.891735
376.47 376.907 0.757351
377.494 377.727 0.912445
378.517 378.751 0.496531
379.54 379.763 1.14293
380.561 380.907 0.667811
381.583 386.3 0.70192
386.3 387.003 1.08004
387.322 388.084 0.872448
388.347 388.957 1.61688
389.368 390.575 0.760918
390.39 391.337 1.56249
391.413 392.901 0.744444
392.435 393.646 1.15117
393.456 394.799 1.40023
394.479 396.2 0.963898
395.5 397.165 1.26479
396.522 398.431 0.860468
397.543 404.063 0.848185
404.062 404.912 0.724055
405.085 405.637 0.659997
406.108 406.36 0.763476
407.129 412.628 1.65825
412.628 417.954 0.829685
417.954 418.784 1.50456
418.975 420.29 0.852748
419.997 421.144 1.00124
421.017 422.146 1.47708
422.039 423.624 1.0521
423.062 424.677 1.64485
424.087 426.323 0.655479
425.109 426.979 1.34452
426.134 428.324 1.2871
427.156 429.612 0.629268
428.178 430.243 0.801608
429.202 431.045 1.4373
430.223 432.483 0.893823
431.243 433.378 0.926652
432.263 434.305 0.495452
433.284 434.801 0.840988
434.305 435.643 1.04886
435.327 436.693 0.738958
436.349 437.433 1.08642
437.371 438.52 0.799161
438.392 439.32 0.718652
439.414 440.337 0.779503
440.436 441.291 0.928556
441.456 449.943 0.628743
449.943 456.246 1.18397
456.246 457.431 1.47335
457.266 458.905 0.815663
458.287 465.602 1.51997
465.602 467.122 1.00579
466.623 468.129 0.683717
468.118 474.909 1.12027
474.909 477.464 0.714642
477.464 478.29 0.624701
478.505 480.204 0.897334
480.203 481.102 1.32641
481.226 482.429 0.644502
482.248 483.074 1.2699
483.269 484.345 1.26315
484.293 485.609 1.04683
485.342 486.657 0.817227
486.369 487.475 1.68576
487.398 489.161 0.603033
488.429 489.766 0.708338
489.486 490.475 1.55207
490.511 492.027 1.23546
491.543 493.264 1.29675
492.573 494.561 0.820639
493.598 495.392 1.0116
494.64 496.405 1.12128
495.668 497.527 0.958103
496.694 498.485 1.24975
497.726 499.736 1.09244
498.753 500.829 0.89038
499.777 501.721 0.706218
500.8 502.428 0.601082
501.838 503.029 0.886304
502.86 503.919 1.85565
503.886 505.775 0.890544
504.93 506.666 0.971032
505.951 507.638 0.823028
