113.228 116.494 0.037224
113.228 116.547 0.033271
113.228 116.648 0.028156
113.228 116.749 0.02771
114.252 116.851 0.027123
114.252 116.952 0.026705
114.252 117.053 0.025352
114.252 117.154 0.024794
114.252 117.255 0.023933
114.252 117.356 0.024157
114.252 117.457 0.024023
114.252 117.559 0.026333
114.252 117.66 0.025898
114.252 117.76 0.023243
114.252 117.862 0.023484
114.252 117.963 0.022882
115.279 118.064 0.021965
115.279 118.165 0.021878
115.279 118.266 0.022728
115.279 118.367 0.023839
115.279 118.468 0.026854
115.279 118.569 0.023419
115.279 118.67 0.021917
115.279 118.771 0.022012
115.279 118.872 0.022094
115.279 118.973 0.023528
116.302 119.074 0.021463
116.302 119.175 0.021511
116.302 119.277 0.022751
116.302 119.378 0.023877
116.302 119.479 0.022804
116.302 119.58 0.02544
116.302 119.681 0.025921
116.302 119.782 0.02439
116.302 119.884 0.022437
116.302 119.985 0.021951
117.325 120.086 0.022531
117.325 120.188 0.022574
117.325 120.289 0.026368
117.325 120.39 0.024798
117.325 120.491 0.022542
117.325 120.592 0.02306
117.325 120.693 0.022451
117.325 120.794 0.022642
117.325 120.895 0.02227
118.351 120.996 0.022157
118.351 121.097 0.022547
118.351 121.198 0.022679
118.351 121.299 0.022672
118.351 121.4 0.022768
118.351 121.502 0.024146
118.351 121.603 0.0229
119.379 121.705 0.026372
119.379 121.807 0.02861
119.379 121.908 0.022939
119.379 122.009 0.022912
119.379 122.11 0.023319
119.379 122.212 0.023089
119.379 122.313 0.023204
119.379 122.414 0.022964
120.402 122.515 0.024062
120.402 122.617 0.024412
120.402 122.718 0.025884
120.402 122.819 0.023819
120.402 122.92 0.02373
120.402 123.022 0.02479
120.402 123.123 0.02299
120.402 123.224 0.024036
120.402 123.325 0.022925
120.402 123.426 0.023319
120.402 123.528 0.022809
120.402 123.629 0.026335
121.426 123.73 0.024515
121.426 123.831 0.025271
121.426 123.933 0.023514
121.426 124.034 0.023741
121.426 124.135 0.023095
121.426 124.236 0.023244
121.426 124.338 0.022928
121.426 124.439 0.025062
121.426 124.54 0.023
121.426 124.641 0.025793
121.426 124.743 0.024903
122.45 124.844 0.025294
122.45 124.945 0.023693
122.45 125.046 0.023597
122.45 125.147 0.022888
122.45 125.248 0.023092
122.45 125.349 0.023387
122.45 125.451 0.023402
122.45 125.552 0.023399
122.45 125.654 0.028849
122.45 125.755 0.026324
122.45 125.857 0.024964
122.45 125.958 0.024347
122.45 126.059 0.024243
122.45 126.16 0.022636
122.45 126.261 0.022815
123.473 126.362 0.022908
123.473 126.463 0.022275
123.473 126.564 0.024506
123.473 126.666 0.024105
123.473 126.767 0.023314
124.495 126.868 0.023805
124.495 126.969 0.024167
124.495 127.07 0.024572
124.495 127.172 0.024873
124.495 127.273 0.025426
124.495 127.374 0.023905
124.495 127.476 0.023353
124.495 127.577 0.022778
124.495 127.678 0.02512
125.518 127.779 0.024664
125.518 127.881 0.026586
125.518 127.982 0.023317
125.518 128.083 0.023851
125.518 128.184 0.023406
125.518 128.285 0.023171
125.518 128.386 0.025103
125.518 128.487 0.024236
125.518 128.588 0.022471
125.518 128.689 0.023851
125.518 128.79 0.023863
125.518 128.891 0.023233
126.541 128.993 0.023212
126.541 129.094 0.023207
126.541 129.195 0.023528
126.541 129.296 0.023031
126.541 129.397 0.022813
126.541 129.498 0.023053
126.541 129.599 0.022876
126.541 129.7 0.022755
126.541 129.802 0.02393
126.541 129.903 0.025143
126.541 130.004 0.023502
126.541 130.105 0.029563
127.775 130.206 0.02265
127.775 130.307 0.022543
127.775 130.409 0.023253
127.775 130.51 0.0232
127.775 130.611 0.022551
127.775 130.712 0.023552
127.775 130.813 0.023445
127.775 130.914 0.025032
127.775 131.015 0.022544
127.775 131.115 0.022777
127.775 131.216 0.023854
127.775 131.317 0.02362
128.797 131.418 0.022325
128.797 131.519 0.024018
128.797 131.62 0.022577
128.797 131.722 0.02291
128.797 131.822 0.02326
128.797 131.924 0.024212
128.797 132.025 0.027057
128.797 132.126 0.024957
128.797 132.228 0.023527
128.797 132.328 0.022427
129.82 132.429 0.024087
129.82 132.531 0.024084
129.82 132.632 0.023652
129.82 132.733 0.023584
129.82 132.834 0.023939
129.82 132.935 0.024045
129.82 133.036 0.023932
129.82 133.139 0.028939
129.82 133.239 0.023982
129.82 133.34 0.022722
129.82 133.441 0.022872
129.82 133.543 0.022951
129.82 133.644 0.023575
130.842 133.745 0.024312
130.842 133.846 0.022593
130.842 133.947 0.023381
130.842 134.049 0.024235
130.842 134.149 0.024864
130.842 134.251 0.024296
130.842 134.352 0.024205
130.842 134.453 0.023681
131.865 134.554 0.024364
131.865 134.655 0.02296
131.865 134.756 0.022373
131.865 134.858 0.028062
131.865 134.959 0.023337
131.865 135.06 0.025557
131.865 135.162 0.026847
132.886 135.263 0.024603
132.886 135.364 0.02248
132.886 135.465 0.022579
132.886 135.566 0.023487
132.886 135.667 0.022727
132.886 135.768 0.022501
132.886 135.869 0.022734
132.886 135.97 0.022503
132.886 136.071 0.022501
132.886 136.172 0.022399
132.886 136.273 0.022268
132.886 136.375 0.022446
132.886 136.476 0.022838
132.886 136.577 0.023073
132.886 136.678 0.023325
132.886 136.779 0.024585
132.886 136.88 0.022672
132.886 136.981 0.022045
132.886 137.082 0.024522
132.886 137.184 0.025026
132.886 137.285 0.023248
132.886 137.386 0.022367
132.886 137.488 0.022836
132.886 137.589 0.023005
132.886 137.69 0.022684
132.886 137.791 0.022915
132.886 137.892 0.022404
132.886 137.993 0.022262
132.886 138.094 0.022428
132.886 138.195 0.022561
132.886 138.296 0.022428
132.886 138.397 0.023552
132.886 138.498 0.023287
132.886 138.599 0.022507
132.886 138.7 0.02236
132.886 138.801 0.022624
132.886 138.902 0.022626
132.886 139.003 0.022246
132.886 139.105 0.022916
132.886 139.206 0.023893
132.886 139.307 0.023032
132.886 139.409 0.026622
132.886 139.51 0.023098
132.886 139.611 0.023039
132.886 139.712 0.022423
132.886 139.814 0.023058
132.886 139.915 0.023475
132.886 140.016 0.022929
132.886 140.117 0.02298
132.886 140.219 0.023874
132.886 140.32 0.022928
132.886 140.421 0.025322
132.886 140.523 0.025178
132.886 140.623 0.022499
132.886 140.724 0.022739
132.886 140.825 0.027826
132.886 140.927 0.02285
132.886 141.028 0.024051
132.886 141.13 0.022799
133.908 141.231 0.022972
133.908 141.332 0.022322
133.908 141.433 0.02301
133.908 141.534 0.022753
133.908 141.635 0.022354
133.908 141.736 0.022207
133.908 141.837 0.02268
133.908 141.938 0.022538
133.908 142.039 0.033076
133.908 142.14 0.022605
133.908 142.241 0.0226
133.908 142.342 0.022462
133.908 142.444 0.023302
133.908 142.545 0.023067
133.908 142.646 0.023297
133.908 142.748 0.022654
133.908 142.849 0.022923
133.908 142.95 0.022488
133.908 143.051 0.023538
133.908 143.152 0.023649
133.908 143.254 0.023931
133.908 143.354 0.022831
133.908 143.456 0.023221
133.908 143.557 0.022833
133.908 143.658 0.022722
133.908 143.759 0.022257
133.908 143.86 0.022548
133.908 143.961 0.02261
133.908 144.062 0.023021
133.908 144.163 0.022383
133.908 144.264 0.022641
133.908 144.366 0.022852
133.908 144.467 0.022445
133.908 144.568 0.023995
133.908 144.669 0.024198
133.908 144.77 0.022407
133.908 144.871 0.023051
133.908 144.972 0.023038
133.908 145.073 0.023318
133.908 145.174 0.022384
133.908 145.275 0.02267
133.908 145.376 0.022996
133.908 145.477 0.02223
133.908 145.578 0.022591
133.908 145.679 0.022506
133.908 145.78 0.023809
133.908 145.881 0.023536
133.908 145.982 0.022745
133.908 146.083 0.022331
133.908 146.197 0.028127
133.908 146.286 0.025585
133.908 146.387 0.023836
133.908 146.488 0.024084
133.908 146.589 0.024598
133.908 146.69 0.02292
133.908 146.791 0.023319
140.368 146.892 0.023144
140.368 146.994 0.026467
140.368 147.095 0.024736
140.368 147.196 0.023262
140.368 147.296 0.022989
140.368 147.398 0.02212
140.368 147.499 0.022991
140.368 147.6 0.022445
140.368 147.701 0.022769
140.368 147.802 0.022809
140.368 147.903 0.022466
140.368 148.004 0.02584
140.368 148.105 0.023956
140.368 148.206 0.02447
140.368 148.308 0.023502
140.368 148.409 0.022552
140.368 148.51 0.02294
140.368 148.611 0.022964
140.368 148.712 0.023403
140.368 148.813 0.0247
140.368 148.914 0.022712
140.368 149.015 0.022421
140.368 149.116 0.022276
140.368 149.217 0.022628
140.368 149.318 0.023008
140.368 149.419 0.022772
140.368 149.52 0.022631
140.368 149.621 0.022654
140.368 149.722 0.022488
140.368 149.824 0.02285
140.368 149.925 0.023259
140.368 150.026 0.02395
140.368 150.127 0.023082
140.368 150.228 0.023166
140.368 150.329 0.02298
140.368 150.43 0.023296
140.368 150.531 0.022407
140.368 150.632 0.022329
140.368 150.733 0.022531
140.368 150.834 0.022781
140.368 150.935 0.023312
140.368 151.036 0.023609
140.368 151.137 0.022984
140.368 151.238 0.02263
140.368 151.339 0.022643
140.368 151.44 0.02257
140.368 151.541 0.025661
140.368 151.642 0.022835
140.368 151.743 0.023471
140.368 151.845 0.022424
140.368 151.946 0.024127
140.368 152.047 0.026321
140.368 152.148 0.022465
140.368 152.249 0.027904
140.368 152.35 0.022738
140.368 152.451 0.022828
140.368 152.552 0.025006
140.368 152.653 0.022632
140.368 152.755 0.022367
140.368 152.856 0.023008
140.368 152.957 0.022654
140.368 153.059 0.02487
140.368 153.161 0.022733
140.368 153.262 0.0223
140.368 153.363 0.022639
140.368 153.464 0.022934
140.368 153.565 0.022546
140.368 153.666 0.02277
140.368 153.768 0.022783
140.368 153.869 0.02385
140.368 153.97 0.022801
140.368 154.071 0.023448
140.368 154.173 0.023044
140.368 154.274 0.023051
140.368 154.375 0.023416
140.368 154.476 0.022629
140.368 154.578 0.022712
140.368 154.679 0.023153
140.368 154.78 0.025008
140.368 154.881 0.022316
140.368 154.983 0.023694
140.368 155.084 0.024487
140.368 155.185 0.024446
140.368 155.286 0.026468
140.368 155.388 0.032296
140.368 155.489 0.032828
140.368 155.59 0.025134
140.368 155.691 0.022987
140.368 155.793 0.022763
140.368 155.894 0.022952
140.368 155.995 0.025271
146.18 156.097 0.025091
146.18 156.198 0.022943
146.18 156.299 0.022638
146.18 156.4 0.022644
146.18 156.501 0.022504
146.18 156.603 0.022743
146.18 156.704 0.022595
146.18 156.805 0.022986
146.18 156.907 0.022979
146.18 157.008 0.022596
146.18 157.11 0.022508
146.18 157.211 0.022378
146.18 157.312 0.022467
146.18 157.414 0.022739
146.18 157.515 0.022884
146.18 157.616 0.022357
146.18 157.717 0.022665
146.18 157.819 0.022982
146.18 157.92 0.023113
146.18 158.021 0.023383
146.18 158.122 0.023025
146.18 158.224 0.022597
146.18 158.325 0.02253
146.18 158.426 0.022892
146.18 158.528 0.022461
146.18 158.629 0.022321
146.18 158.73 0.022431
146.18 158.831 0.022789
146.18 158.933 0.022721
146.18 159.034 0.023631
146.18 159.135 0.023427
146.18 159.237 0.022504
146.18 159.338 0.022778
146.18 159.439 0.022297
146.18 159.54 0.022039
146.18 159.642 0.022576
146.18 159.743 0.022265
146.18 159.844 0.021997
146.18 159.945 0.022487
146.18 160.046 0.023787
146.18 160.147 0.022526
146.18 160.249 0.02213
146.18 160.35 0.022566
146.18 160.451 0.0233
146.18 160.552 0.024473
146.18 160.653 0.022732
146.18 160.755 0.022705
146.18 160.856 0.022168
146.18 160.957 0.022814
146.18 161.058 0.022219
146.18 161.16 0.022647
146.18 161.262 0.023198
146.18 161.363 0.022598
146.18 161.464 0.022673
146.18 161.566 0.022416
146.18 161.667 0.022292
146.18 161.768 0.022712
146.18 161.869 0.022382
146.18 161.971 0.022047
146.18 162.072 0.022604
146.18 162.174 0.022656
146.18 162.275 0.022547
146.18 162.376 0.025059
146.18 162.478 0.028142
146.18 162.578 0.023144
146.18 162.679 0.0269
146.18 162.78 0.024143
146.18 162.882 0.02269
146.18 162.982 0.022566
146.18 163.084 0.023578
146.18 163.185 0.022745
146.18 163.286 0.022747
146.18 163.387 0.022706
146.18 163.488 0.023046
146.18 163.589 0.022649
154.719 163.69 0.022694
154.719 163.791 0.022315
154.719 163.893 0.021976
154.719 163.994 0.022145
154.719 164.095 0.022789
154.719 164.196 0.023066
154.719 164.297 0.022192
154.719 164.398 0.022916
154.719 164.499 0.0224
154.719 164.6 0.025548
154.719 164.701 0.022205
154.719 164.802 0.022982
154.719 164.903 0.02261
154.719 165.004 0.022146
154.719 165.105 0.022597
154.719 165.206 0.022135
154.719 165.307 0.022563
154.719 165.408 0.022144
154.719 165.509 0.022279
154.719 165.611 0.022078
154.719 165.712 0.022889
154.719 165.813 0.024013
154.719 165.914 0.025023
154.719 166.015 0.022376
154.719 166.116 0.022361
154.719 166.217 0.022803
154.719 166.318 0.022599
154.719 166.419 0.02209
154.719 166.52 0.02371
154.719 166.621 0.023225
154.719 166.722 0.022116
154.719 166.823 0.022271
154.719 166.924 0.02235
154.719 167.025 0.023501
154.719 167.126 0.023793
154.719 167.227 0.022738
154.719 167.329 0.022266
154.719 167.43 0.022069
154.719 167.531 0.022167
154.719 167.632 0.02328
154.719 167.733 0.023884
154.719 167.834 0.02162
154.719 167.935 0.022261
154.719 168.036 0.022358
154.719 168.137 0.021651
154.719 168.238 0.022756
154.719 168.339 0.021746
154.719 168.44 0.021783
154.719 168.541 0.021498
154.719 168.643 0.022886
154.719 168.744 0.02253
154.719 168.845 0.022099
154.719 168.946 0.02203
154.719 169.047 0.022318
154.719 169.149 0.022002
154.719 169.25 0.022029
154.719 169.351 0.023294
154.719 169.452 0.024422
154.719 169.553 0.022042
154.719 169.654 0.022133
154.719 169.756 0.022869
154.719 169.857 0.022583
154.719 169.958 0.022401
154.719 170.059 0.023417
154.719 170.16 0.02234
154.719 170.261 0.02259
154.719 170.363 0.022955
154.719 170.464 0.022996
154.719 170.564 0.02442
154.719 170.666 0.02486
154.719 170.767 0.024829
154.719 170.868 0.023415
154.719 170.969 0.021866
154.719 171.07 0.023077
154.719 171.171 0.023376
154.719 171.272 0.025817
154.719 171.373 0.023316
162.643 171.474 0.025344
162.643 171.575 0.027758
162.643 171.678 0.02697
162.643 171.778 0.023966
162.643 171.879 0.023045
162.643 171.98 0.022313
162.643 172.082 0.022951
162.643 172.183 0.022456
170.55 172.284 0.022118
170.55 172.385 0.027096
170.55 172.486 0.022226
170.55 172.587 0.024108
170.55 172.688 0.022306
170.55 172.79 0.023429
170.55 172.89 0.022653
170.55 172.991 0.023336
171.571 173.092 0.022308
171.571 173.193 0.022919
171.571 173.295 0.022456
171.571 173.396 0.022702
171.571 173.497 0.022562
171.571 173.598 0.023476
171.571 173.7 0.023165
171.571 173.8 0.023988
171.571 173.901 0.023731
171.571 174.002 0.02234
171.571 174.103 0.022205
172.593 174.204 0.022181
172.593 174.305 0.023578
172.593 174.406 0.024628
172.593 174.507 0.021939
172.593 174.609 0.022547
172.593 174.71 0.022111
172.593 174.811 0.0234
172.593 174.913 0.024154
172.593 175.014 0.021627
173.615 175.114 0.022543
173.615 175.215 0.02218
173.615 175.317 0.021795
173.615 175.418 0.023297
173.615 175.519 0.022961
173.615 175.62 0.022681
173.615 175.721 0.02267
173.615 175.822 0.023023
173.615 175.923 0.024432
174.639 176.024 0.022268
174.639 176.125 0.02184
174.639 176.226 0.022698
174.639 176.327 0.022776
174.639 176.428 0.022803
174.639 176.529 0.022606
175.664 176.63 0.022915
175.664 176.732 0.022698
175.664 176.833 0.023581
175.664 176.934 0.024037
175.664 177.035 0.022146
175.664 177.136 0.024092
175.664 177.238 0.023383
175.664 177.339 0.024826
175.664 177.44 0.023753
175.664 177.541 0.023193
175.664 177.642 0.022549
176.69 177.743 0.023662
176.69 177.844 0.02307
176.69 177.945 0.022909
176.69 178.046 0.022409
176.69 178.147 0.022414
176.69 178.248 0.022055
176.69 178.349 0.023062
176.69 178.451 0.021912
176.69 178.552 0.022071
176.69 178.653 0.02268
176.69 178.754 0.024059
176.69 178.855 0.022728
176.69 178.957 0.024004
176.69 179.058 0.024155
176.69 179.159 0.022416
177.713 179.261 0.021981
177.713 179.362 0.022091
177.713 179.463 0.022964
177.713 179.564 0.022503
177.713 179.665 0.022466
177.713 179.767 0.023862
177.713 179.868 0.024635
177.713 179.969 0.024053
177.713 180.071 0.026184
177.713 180.172 0.022983
177.713 180.273 0.022457
178.734 180.374 0.022107
178.734 180.475 0.02268
178.734 180.576 0.022845
178.734 180.677 0.023455
178.734 180.778 0.023105
178.734 180.88 0.023827
178.734 180.981 0.022884
178.734 181.082 0.025787
179.756 181.184 0.023065
179.756 181.285 0.02253
179.756 181.386 0.025252
179.756 181.487 0.025935
179.756 181.588 0.023868
179.756 181.689 0.022833
179.756 181.79 0.023521
179.756 181.892 0.024845
179.756 181.993 0.022874
179.756 182.094 0.022563
180.778 182.195 0.022698
180.778 182.296 0.022135
180.778 182.398 0.022476
180.778 182.499 0.022745
180.778 182.6 0.021983
180.778 182.701 0.023133
180.778 182.802 0.024705
180.778 182.903 0.023156
180.778 183.004 0.024021
180.778 183.105 0.023882
180.778 183.206 0.023047
180.778 183.308 0.022733
181.802 183.409 0.023429
181.802 183.51 0.022268
181.802 183.611 0.022392
181.802 183.713 0.022057
181.802 183.814 0.024577
181.802 183.915 0.022852
181.802 184.016 0.022092
181.802 184.117 0.023802
182.828 184.218 0.023094
182.828 184.32 0.022537
182.828 184.421 0.023532
182.828 184.522 0.021862
182.828 184.623 0.022553
182.828 184.724 0.022361
182.828 184.825 0.023161
182.828 184.926 0.023242
182.828 185.027 0.024454
182.828 185.128 0.021968
183.853 185.23 0.023974
183.853 185.331 0.023043
183.853 185.432 0.022911
183.853 185.533 0.022983
183.853 185.634 0.022913
183.853 185.735 0.023091
183.853 185.836 0.022976
184.874 185.937 0.023482
184.874 186.039 0.022777
184.874 186.14 0.02183
184.874 186.241 0.023636
184.874 186.343 0.022215
184.874 186.444 0.023438
184.874 186.545 0.02205
184.874 186.647 0.023158
184.874 186.748 0.022552
184.874 186.849 0.022552
184.874 186.95 0.022977
184.874 187.052 0.022687
184.874 187.153 0.022623
184.874 187.254 0.023564
184.874 187.355 0.022156
184.874 187.457 0.021788
184.874 187.558 0.022192
184.874 187.659 0.022512
184.874 187.761 0.023304
184.874 187.862 0.022751
184.874 187.963 0.023223
184.874 188.065 0.022762
184.874 188.166 0.02253
184.874 188.267 0.022287
184.874 188.369 0.022702
184.874 188.47 0.023028
184.874 188.571 0.022731
184.874 188.673 0.021717
184.874 188.774 0.023423
184.874 188.875 0.022629
184.874 188.977 0.022571
184.874 189.078 0.021952
184.874 189.179 0.02227
184.874 189.28 0.022737
184.874 189.382 0.023555
184.874 189.483 0.022829
184.874 189.584 0.022111
184.874 189.686 0.02298
184.874 189.787 0.023001
184.874 189.888 0.021858
184.874 189.989 0.022386
184.874 190.091 0.024044
184.874 190.192 0.022942
184.874 190.293 0.023423
184.874 190.395 0.022963
184.874 190.496 0.022835
184.874 190.597 0.024697
184.874 190.699 0.022085
184.874 190.8 0.021812
184.874 190.901 0.023125
184.874 191.002 0.023942
184.874 191.104 0.026152
184.874 191.205 0.024054
184.874 191.306 0.023828
184.874 191.407 0.022436
184.874 191.509 0.024062
184.874 191.61 0.022611
184.874 191.712 0.022855
184.874 191.813 0.028697
184.874 191.914 0.022913
184.874 192.016 0.022265
184.874 192.117 0.023274
185.897 192.218 0.023543
185.897 192.319 0.022152
185.897 192.421 0.024275
185.897 192.522 0.023234
185.897 192.624 0.023737
185.897 192.725 0.026099
185.897 192.826 0.025107
185.897 192.927 0.02736
185.897 193.029 0.024553
190.616 193.13 0.022198
190.616 193.231 0.022335
190.616 193.332 0.022514
190.616 193.433 0.022618
190.616 193.534 0.022817
191.638 193.636 0.022412
191.638 193.737 0.02358
191.638 193.838 0.022991
191.638 193.944 0.025379
191.638 194.045 0.02376
191.638 194.146 0.023862
191.638 194.248 0.021915
191.638 194.349 0.022337
191.638 194.45 0.023539
191.638 194.551 0.023872
191.638 194.653 0.024043
191.638 194.754 0.025553
192.662 194.855 0.024297
192.662 194.957 0.024152
192.662 195.058 0.022977
192.662 195.159 0.022633
192.662 195.26 0.02217
192.662 195.362 0.021831
192.662 195.463 0.022261
192.662 195.564 0.02212
192.662 195.666 0.022388
192.662 195.767 0.02256
192.662 195.868 0.022741
192.662 195.969 0.022536
192.662 196.071 0.022134
192.662 196.173 0.022326
192.662 196.273 0.022338
192.662 196.375 0.022577
192.662 196.476 0.022865
192.662 196.577 0.025668
192.662 196.679 0.022214
192.662 196.78 0.023738
192.662 196.881 0.02235
192.662 196.983 0.022349
192.662 197.084 0.023414
192.662 197.185 0.02265
192.662 197.287 0.022309
192.662 197.388 0.022824
192.662 197.489 0.022169
192.662 197.59 0.022389
192.662 197.692 0.022248
192.662 197.793 0.023154
192.662 197.894 0.022726
192.662 197.996 0.022466
192.662 198.097 0.022209
192.662 198.198 0.022524
192.662 198.299 0.021811
192.662 198.401 0.022423
192.662 198.502 0.022706
192.662 198.603 0.022572
192.662 198.705 0.02289
192.662 198.806 0.023034
192.662 198.907 0.024271
192.662 199.009 0.022145
192.662 199.11 0.023785
192.662 199.211 0.022374
192.662 199.312 0.022423
192.662 199.414 0.022943
192.662 199.515 0.023652
192.662 199.617 0.026492
192.662 199.718 0.02372
192.662 199.819 0.023275
192.662 199.92 0.021894
192.662 200.022 0.023414
192.662 200.123 0.02337
192.662 200.224 0.023061
192.662 200.325 0.022576
192.662 200.427 0.023107
193.684 200.528 0.022685
193.684 200.63 0.024304
193.684 200.731 0.023952
193.684 200.832 0.023458
193.684 200.933 0.023047
193.684 201.035 0.022848
193.684 201.136 0.024573
193.684 201.237 0.023044
193.684 201.339 0.024748
199.519 201.44 0.021899
199.519 201.541 0.022019
199.519 201.642 0.024831
199.519 201.743 0.026999
199.519 201.845 0.023503
199.519 201.946 0.022397
199.519 202.047 0.024291
199.519 202.149 0.022778
200.54 202.25 0.022448
200.54 202.351 0.022393
200.54 202.452 0.023737
200.54 202.554 0.022929
200.54 202.655 0.023626
200.54 202.756 0.02392
200.54 202.857 0.023351
200.54 202.958 0.023168
200.54 203.059 0.022786
200.54 203.161 0.023464
201.562 203.262 0.022939
201.562 203.363 0.022851
201.562 203.464 0.023072
201.562 203.566 0.023508
201.562 203.667 0.024669
201.562 203.768 0.02368
201.562 203.869 0.023286
201.562 203.971 0.02294
201.562 204.072 0.022983
201.562 204.173 0.023324
201.562 204.275 0.0219
201.562 204.376 0.022727
202.584 204.477 0.022894
202.584 204.579 0.022713
202.584 204.68 0.022984
202.584 204.781 0.024914
202.584 204.883 0.024874
202.584 204.984 0.024905
202.584 205.085 0.023326
203.606 205.186 0.022535
203.606 205.288 0.022999
203.606 205.389 0.023584
203.606 205.49 0.023841
203.606 205.591 0.022951
203.606 205.693 0.025522
203.606 205.794 0.026366
203.606 205.895 0.025899
203.606 205.997 0.024906
203.606 206.098 0.022874
203.606 206.199 0.022753
203.606 206.3 0.022734
204.628 206.401 0.022791
204.628 206.503 0.022237
204.628 206.604 0.023088
204.628 206.705 0.02415
204.628 206.807 0.026014
204.628 206.908 0.024601
204.628 207.009 0.024473
204.628 207.11 0.027865
204.628 207.211 0.022325
204.628 207.313 0.023245
205.649 207.414 0.022377
205.649 207.515 0.022388
205.649 207.616 0.022748
205.649 207.717 0.025975
205.649 207.818 0.023813
205.649 207.92 0.023069
205.649 208.021 0.022925
205.649 208.122 0.023428
205.649 208.223 0.022625
205.649 208.324 0.024016
206.672 208.425 0.022893
206.672 208.526 0.022249
206.672 208.628 0.023687
206.672 208.729 0.023539
206.672 208.83 0.023813
206.672 208.931 0.023987
206.672 209.032 0.023162
206.672 209.133 0.022887
206.672 209.234 0.022662
207.694 209.335 0.022649
207.694 209.436 0.022084
207.694 209.537 0.022476
207.694 209.638 0.022564
207.694 209.739 0.022761
207.694 209.84 0.025413
207.694 209.941 0.022228
207.694 210.042 0.022831
207.694 210.144 0.025836
207.694 210.245 0.022601
208.716 210.346 0.022531
208.716 210.447 0.022591
208.716 210.548 0.02261
208.716 210.65 0.022734
208.716 210.751 0.02314
208.716 210.852 0.023489
208.716 210.953 0.022281
208.716 211.054 0.024145
208.716 211.155 0.026126
208.716 211.256 0.022406
209.738 211.357 0.022256
209.738 211.458 0.022132
209.738 211.559 0.024014
209.738 211.66 0.023856
209.738 211.761 0.02329
210.759 211.863 0.024065
210.759 211.964 0.022478
210.759 212.065 0.02388
210.759 212.166 0.022224
210.759 212.267 0.02293
210.759 212.368 0.022663
210.759 212.469 0.022983
210.759 212.57 0.023152
211.783 212.671 0.023113
211.783 212.772 0.02283
211.783 212.873 0.022928
211.783 212.974 0.023222
211.783 213.075 0.02335
211.783 213.177 0.025443
211.783 213.278 0.025601
211.783 213.379 0.021921
211.783 213.48 0.022574
211.783 213.581 0.022467
211.783 213.682 0.022436
212.806 213.783 0.023421
212.806 213.884 0.022801
212.806 213.986 0.026011
212.806 214.087 0.022057
212.806 214.188 0.022471
212.806 214.289 0.022613
212.806 214.39 0.022743
212.806 214.491 0.022579
212.806 214.593 0.021893
213.829 214.694 0.022326
213.829 214.795 0.022201
213.829 214.896 0.023474
213.829 214.997 0.023748
213.829 215.098 0.022395
213.829 215.199 0.022493
213.829 215.301 0.023583
213.829 215.402 0.022467
213.829 215.503 0.027472
213.829 215.604 0.03288
213.829 215.706 0.024078
213.829 215.807 0.022086
213.829 215.908 0.02177
213.829 216.01 0.024607
213.829 216.111 0.023477
213.829 216.212 0.022522
213.829 216.313 0.023546
214.851 216.414 0.022434
214.851 216.515 0.022597
214.851 216.616 0.02374
214.851 216.717 0.022887
214.851 216.818 0.022589
214.851 216.919 0.024418
214.851 217.021 0.026154
214.851 217.122 0.026001
214.851 217.223 0.02311
215.877 217.324 0.022106
215.877 217.425 0.022593
215.877 217.527 0.022734
215.877 217.628 0.024206
215.877 217.729 0.023031
215.877 217.83 0.022894
215.877 217.931 0.023342
215.877 218.032 0.023318
215.877 218.134 0.021734
216.899 218.235 0.024585
216.899 218.336 0.02451
216.899 218.437 0.022099
216.899 218.538 0.022782
216.899 218.639 0.022512
216.899 218.741 0.022113
216.899 218.842 0.022611
216.899 218.943 0.022637
216.899 219.045 0.02724
216.899 219.146 0.023734
216.899 219.247 0.022422
216.899 219.349 0.023564
216.899 219.45 0.023127
216.899 219.551 0.022963
216.899 219.652 0.022383
216.899 219.753 0.022238
216.899 219.855 0.022718
216.899 219.956 0.022659
216.899 220.057 0.02311
216.899 220.158 0.022338
216.899 220.26 0.022968
216.899 220.361 0.022824
216.899 220.462 0.022701
216.899 220.563 0.022258
216.899 220.665 0.021976
216.899 220.766 0.022103
216.899 220.867 0.022679
216.899 220.969 0.023755
216.899 221.07 0.022968
216.899 221.171 0.023499
216.899 221.272 0.022205
216.899 221.374 0.022692
216.899 221.475 0.023213
216.899 221.576 0.022078
216.899 221.678 0.022601
216.899 221.779 0.023434
216.899 221.88 0.021772
216.899 221.982 0.023573
216.899 222.083 0.022753
216.899 222.184 0.02261
216.899 222.286 0.023593
216.899 222.387 0.022625
216.899 222.488 0.022905
216.899 222.59 0.02199
216.899 222.691 0.022511
216.899 222.793 0.021827
216.899 222.894 0.023273
216.899 222.995 0.022481
216.899 223.096 0.022453
216.899 223.198 0.022881
216.899 223.299 0.02633
216.899 223.4 0.02284
216.899 223.501 0.022734
216.899 223.603 0.022974
216.899 223.704 0.022821
216.899 223.805 0.023334
216.899 223.907 0.022599
216.899 224.008 0.022592
216.899 224.109 0.022882
216.899 224.21 0.02268
216.899 224.312 0.022502
216.899 224.413 0.023254
216.899 224.514 0.02209
216.899 224.616 0.022538
216.899 224.718 0.025617
216.899 224.818 0.024001
216.899 224.919 0.022732
216.899 225.02 0.026398
216.899 225.121 0.026434
216.899 225.222 0.023646
216.899 225.323 0.023918
216.899 225.425 0.02461
217.923 225.526 0.022844
217.923 225.627 0.027669
217.923 225.728 0.022739
217.923 225.829 0.023239
217.923 225.93 0.023289
217.923 226.031 0.024641
224.581 226.133 0.023703
224.581 226.234 0.022693
224.581 226.335 0.023394
224.581 226.436 0.022847
224.581 226.537 0.023078
224.581 226.638 0.023369
224.581 226.739 0.024021
224.581 226.84 0.024318
224.581 226.942 0.023947
224.581 227.042 0.023212
225.602 227.144 0.023202
225.602 227.245 0.022751
225.602 227.346 0.023082
225.602 227.447 0.02286
225.602 227.548 0.022612
225.602 227.649 0.023558
225.602 227.75 0.024752
225.602 227.851 0.028339
225.602 227.952 0.024396
226.624 228.053 0.024469
226.624 228.154 0.022849
226.624 228.255 0.022972
226.624 228.357 0.022662
226.624 228.458 0.022866
226.624 228.559 0.022882
226.624 228.66 0.02303
226.624 228.761 0.02291
227.646 228.862 0.022131
227.646 228.963 0.022986
227.646 229.065 0.023827
227.646 229.165 0.022032
227.646 229.266 0.023718
227.646 229.367 0.022604
227.646 229.468 0.023857
227.646 229.57 0.023248
227.646 229.671 0.023441
227.646 229.772 0.022744
227.646 229.873 0.023417
227.646 229.974 0.024289
227.646 230.075 0.022802
227.646 230.176 0.022743
227.646 230.278 0.022504
227.646 230.379 0.023393
227.646 230.48 0.022063
227.646 230.581 0.022036
228.672 230.683 0.022927
228.672 230.784 0.022968
228.672 230.885 0.024718
228.672 230.987 0.024786
228.672 231.088 0.022745
228.672 231.189 0.022543
228.672 231.29 0.022564
228.672 231.391 0.022405
229.699 231.492 0.022665
229.699 231.593 0.022212
229.699 231.695 0.022632
229.699 231.796 0.022401
229.699 231.897 0.024285
229.699 231.998 0.022217
229.699 232.099 0.022541
229.699 232.201 0.022414
229.699 232.302 0.022647
229.699 232.403 0.024508
229.699 232.505 0.024932
230.723 232.605 0.023338
230.723 232.707 0.023784
230.723 232.808 0.022509
230.723 232.909 0.021998
230.723 233.01 0.022177
230.723 233.111 0.022703
230.723 233.212 0.024073
230.723 233.313 0.021784
230.723 233.414 0.023358
230.723 233.515 0.02319
230.723 233.616 0.022694
230.723 233.717 0.021907
230.723 233.819 0.022229
230.723 233.92 0.022572
230.723 234.021 0.022079
230.723 234.122 0.022093
230.723 234.223 0.022502
230.723 234.324 0.022101
230.723 234.425 0.024545
230.723 234.526 0.022721
230.723 234.627 0.022483
230.723 234.729 0.021976
230.723 234.83 0.022772
230.723 234.931 0.022137
230.723 235.032 0.022339
230.723 235.133 0.024374
230.723 235.234 0.022015
230.723 235.336 0.022035
230.723 235.437 0.022325
230.723 235.538 0.022372
230.723 235.64 0.022472
230.723 235.741 0.022329
230.723 235.842 0.024891
230.723 235.943 0.0219
230.723 236.044 0.022564
230.723 236.145 0.023044
230.723 236.246 0.022034
230.723 236.347 0.022235
230.723 236.448 0.022209
230.723 236.549 0.022081
230.723 236.65 0.02256
230.723 236.751 0.0224
230.723 236.852 0.021971
230.723 236.953 0.02264
230.723 237.054 0.022329
230.723 237.155 0.022622
230.723 237.257 0.022326
230.723 237.358 0.02222
230.723 237.459 0.022124
230.723 237.56 0.02393
230.723 237.662 0.022455
230.723 237.763 0.024017
230.723 237.864 0.021954
230.723 237.966 0.02316
230.723 238.066 0.023777
230.723 238.168 0.022388
230.723 238.269 0.023247
230.723 238.37 0.022955
230.723 238.471 0.022153
230.723 238.572 0.024197
230.723 238.673 0.022733
230.723 238.774 0.024384
230.723 238.875 0.023129
230.723 238.977 0.023238
230.723 239.078 0.02328
230.723 239.18 0.022726
230.723 239.281 0.025227
230.723 239.382 0.022352
230.723 239.483 0.023891
231.747 239.585 0.022261
231.747 239.686 0.022885
231.747 239.787 0.02313
231.747 239.888 0.0228
231.747 239.99 0.023056
231.747 240.091 0.022439
231.747 240.192 0.021881
231.747 240.293 0.022611
231.747 240.394 0.022082
231.747 240.495 0.022018
231.747 240.596 0.023121
231.747 240.697 0.0222
231.747 240.798 0.022018
231.747 240.899 0.022586
231.747 241 0.022834
231.747 241.101 0.022502
231.747 241.202 0.022659
231.747 241.303 0.023425
231.747 241.404 0.02431
231.747 241.505 0.021636
231.747 241.606 0.022431
231.747 241.707 0.022284
231.747 241.808 0.022324
231.747 241.909 0.023766
231.747 242.01 0.022154
231.747 242.111 0.02339
231.747 242.213 0.022585
231.747 242.313 0.023176
231.747 242.414 0.022337
231.747 242.515 0.022784
231.747 242.616 0.021964
231.747 242.717 0.022412
231.747 242.818 0.02228
231.747 242.919 0.022776
231.747 243.02 0.021988
231.747 243.121 0.02206
231.747 243.222 0.022478
231.747 243.323 0.02217
231.747 243.424 0.022373
231.747 243.525 0.022473
231.747 243.626 0.022319
231.747 243.728 0.022441
231.747 243.829 0.022513
231.747 243.93 0.023147
231.747 244.032 0.022275
231.747 244.133 0.022339
231.747 244.234 0.022446
231.747 244.335 0.022759
231.747 244.436 0.022174
231.747 244.537 0.022969
231.747 244.639 0.023076
231.747 244.74 0.022585
231.747 244.842 0.023136
231.747 244.943 0.022934
231.747 245.044 0.024658
231.747 245.145 0.027096
231.747 245.247 0.022827
231.747 245.348 0.022418
231.747 245.449 0.022337
231.747 245.55 0.023032
238.587 245.651 0.022839
238.587 245.753 0.023049
238.587 245.854 0.022992
238.587 245.955 0.022072
238.587 246.057 0.022143
238.587 246.158 0.022799
238.587 246.259 0.022215
238.587 246.36 0.022282
238.587 246.462 0.02249
238.587 246.563 0.022149
238.587 246.664 0.022054
238.587 246.765 0.022732
238.587 246.867 0.021792
238.587 246.968 0.022198
238.587 247.069 0.022682
238.587 247.17 0.022867
238.587 247.271 0.022291
238.587 247.373 0.022441
238.587 247.474 0.024721
238.587 247.575 0.022425
238.587 247.676 0.022222
238.587 247.777 0.022155
238.587 247.878 0.021988
238.587 247.979 0.02227
238.587 248.08 0.02222
238.587 248.181 0.022029
238.587 248.282 0.022255
238.587 248.383 0.02247
238.587 248.484 0.022179
238.587 248.585 0.023218
238.587 248.686 0.022811
238.587 248.787 0.021885
238.587 248.888 0.021845
238.587 248.989 0.024083
238.587 249.09 0.02221
238.587 249.191 0.022237
238.587 249.292 0.023068
238.587 249.393 0.022292
238.587 249.494 0.02219
238.587 249.595 0.023234
238.587 249.696 0.022038
238.587 249.797 0.021531
238.587 249.899 0.024596
238.587 250 0.024143
238.587 250.101 0.022375
238.587 250.202 0.021954
238.587 250.303 0.023564
238.587 250.404 0.02163
238.587 250.505 0.023115
238.587 250.606 0.02278
238.587 250.707 0.022559
238.587 250.808 0.022461
238.587 250.909 0.022762
238.587 251.01 0.024067
238.587 251.111 0.02271
238.587 251.213 0.023862
238.587 251.314 0.022581
238.587 251.414 0.022824
238.587 251.516 0.023275
238.587 251.618 0.023693
238.587 251.719 0.024814
238.587 251.821 0.022732
238.587 251.922 0.022831
238.587 252.023 0.024035
238.587 252.125 0.024278
244.565 252.225 0.024407
244.565 252.327 0.024791
244.565 252.428 0.026647
244.565 252.529 0.022495
244.565 252.63 0.024017
244.565 252.731 0.024195
244.565 252.832 0.022517
244.565 252.933 0.022797
244.565 253.034 0.028769
244.565 253.135 0.02277
250.886 253.236 0.02428
250.886 253.338 0.025309
250.886 253.439 0.022108
250.886 253.54 0.026405
250.886 253.641 0.022768
250.886 253.742 0.022301
250.886 253.843 0.023961
250.886 253.944 0.023114
250.886 254.045 0.02258
250.886 254.146 0.02246
250.886 254.248 0.024416
250.886 254.349 0.026145
251.908 254.45 0.024989
251.908 254.551 0.022172
251.908 254.652 0.022751
251.908 254.753 0.023123
251.908 254.855 0.024878
251.908 254.956 0.026507
252.929 255.057 0.021843
252.929 255.158 0.023864
252.929 255.259 0.022333
252.929 255.36 0.024059
252.929 255.461 0.022143
252.929 255.562 0.022513
252.929 255.664 0.023236
252.929 255.765 0.022388
252.929 255.866 0.023177
252.929 255.967 0.025259
252.929 256.068 0.022184
252.929 256.169 0.022623
252.929 256.27 0.022189
252.929 256.371 0.022698
252.929 256.473 0.022396
252.929 256.574 0.022042
252.929 256.675 0.023041
252.929 256.776 0.022383
252.929 256.878 0.02273
252.929 256.979 0.023266
252.929 257.08 0.022225
252.929 257.181 0.022913
252.929 257.282 0.022347
252.929 257.383 0.022105
252.929 257.484 0.0234
252.929 257.586 0.022441
252.929 257.687 0.022295
252.929 257.788 0.022728
252.929 257.889 0.022028
252.929 257.991 0.024592
252.929 258.092 0.022507
252.929 258.193 0.021962
252.929 258.294 0.021905
252.929 258.395 0.024402
252.929 258.496 0.022365
252.929 258.597 0.022186
252.929 258.698 0.022181
252.929 258.799 0.022368
252.929 258.901 0.024037
252.929 259.002 0.024081
252.929 259.103 0.022492
252.929 259.205 0.023034
252.929 259.306 0.022178
252.929 259.407 0.026552
252.929 259.508 0.02206
252.929 259.609 0.022271
252.929 259.711 0.022381
252.929 259.812 0.022086
252.929 259.913 0.022283
252.929 260.014 0.022713
252.929 260.115 0.022701
252.929 260.216 0.022346
252.929 260.318 0.023202
252.929 260.419 0.022254
252.929 260.52 0.024215
252.929 260.621 0.024898
252.929 260.722 0.022335
252.929 260.823 0.02382
252.929 260.925 0.024256
252.929 261.026 0.024617
252.929 261.127 0.023669
252.929 261.228 0.022307
252.929 261.329 0.024171
252.929 261.43 0.022423
252.929 261.531 0.022283
252.929 261.632 0.022361
252.929 261.734 0.024695
252.929 261.835 0.022864
252.929 261.936 0.021844
252.929 262.037 0.022625
252.929 262.138 0.022347
252.929 262.239 0.023784
252.929 262.341 0.023964
252.929 262.441 0.022925
252.929 262.542 0.02314
252.929 262.643 0.02316
252.929 262.745 0.022607
252.929 262.846 0.023231
252.929 262.947 0.023199
252.929 263.048 0.023138
253.953 263.149 0.022963
253.953 263.25 0.024031
253.953 263.352 0.023061
253.953 263.453 0.022685
253.953 263.554 0.022649
253.953 263.655 0.023076
253.953 263.756 0.023614
253.953 263.857 0.024573
253.953 263.958 0.02338
253.953 264.059 0.023582
253.953 264.16 0.022786
253.953 264.262 0.022932
253.953 264.363 0.024056
253.953 264.464 0.024909
253.953 264.565 0.022846
253.953 264.666 0.022561
253.953 264.767 0.023515
253.953 264.868 0.022337
253.953 264.969 0.023019
253.953 265.07 0.022318
253.953 265.171 0.02557
253.953 265.272 0.022817
253.953 265.373 0.0231
253.953 265.474 0.023557
253.953 265.575 0.02358
253.953 265.676 0.02288
253.953 265.777 0.022475
253.953 265.878 0.023808
253.953 265.982 0.022177
253.953 266.081 0.02293
253.953 266.182 0.023903
253.953 266.283 0.023212
253.953 266.384 0.023202
253.953 266.485 0.022102
253.953 266.586 0.022781
253.953 266.687 0.022598
253.953 266.788 0.022754
253.953 266.889 0.022865
253.953 266.99 0.022956
253.953 267.091 0.022068
253.953 267.192 0.022545
253.953 267.293 0.022471
253.953 267.394 0.021993
253.953 267.496 0.024186
253.953 267.597 0.022836
253.953 267.698 0.023071
253.953 267.799 0.023271
253.953 267.9 0.023792
253.953 268.001 0.023386
253.953 268.102 0.023324
