110.547 1.62373 0.026348 1.45809 0.156865
112.199 0.236602 0.028366 0.104326 0.127342
113.228 0.201911 0.022711 0.081113 0.117789
114.252 0.191092 0.025219 0.071659 0.116559
115.279 0.164736 0.022262 0.061809 0.100126
116.302 0.17282 0.021813 0.061674 0.108393
117.325 0.180914 0.024334 0.061685 0.116345
118.351 0.184368 0.026523 0.065368 0.116174
119.379 0.180867 0.022221 0.069039 0.109098
120.402 0.192299 0.023463 0.067533 0.121662
121.426 0.177522 0.021915 0.070018 0.10463
122.45 0.287034 0.021897 0.067234 0.216825
123.473 0.255052 0.021594 0.066275 0.185909
124.495 0.257099 0.021453 0.074032 0.180273
125.518 0.260969 0.021397 0.059001 0.198918
126.541 1.21289 0.020398 0.060582 1.14949
127.775 0.554186 0.020612 0.061923 0.489507
128.797 0.263897 0.021237 0.07149 0.189615
129.82 0.243502 0.020595 0.058781 0.182004
130.842 0.248066 0.021885 0.05828 0.186907
131.865 0.242791 0.019421 0.063508 0.176589
132.886 0.269079 0.021237 0.064198 0.201783
133.908 6.43877 0.01946 0.061448 6.37456
140.368 5.78782 0.023361 0.05779 5.72725
146.18 8.51644 0.020596 0.074688 8.43903
154.719 7.90179 0.019977 0.09763 7.80144
162.643 7.88383 0.021686 0.090485 7.79059
170.55 0.916717 0.02008 0.119574 0.794346
171.571 0.833024 0.019965 0.059245 0.770975
172.593 0.239805 0.020697 0.0591 0.177858
173.615 0.243164 0.023516 0.056949 0.183461
174.639 0.260934 0.02389 0.060316 0.197195
175.664 0.249518 0.025072 0.060472 0.185773
176.69 0.233419 0.02078 0.052091 0.178459
177.713 0.694056 0.020453 0.047771 0.643551
178.734 0.265546 0.020566 0.057603 0.205163
179.756 0.239295 0.020838 0.059269 0.177339
180.778 0.618405 0.022558 0.059744 0.555489
181.802 0.677107 0.024832 0.059857 0.614156
182.828 0.624287 0.023119 0.061166 0.559792
183.853 0.646905 0.019943 0.056778 0.587283
184.874 0.217634 0.019787 0.05603 0.158873
185.897 4.69541 0.022178 0.049494 4.64316
190.616 0.641826 0.021209 0.062308 0.576816
191.638 0.169643 0.022949 0.061681 0.104643
192.662 0.158244 0.020214 0.058655 0.096719
193.684 5.81048 0.023262 0.057465 5.75026
199.519 0.145633 0.020108 0.061814 0.081082
200.54 0.138672 0.0213 0.055907 0.080064
201.562 0.232076 0.020345 0.057928 0.171386
202.584 0.14504 0.020889 0.061296 0.080908
203.606 0.15269 0.020678 0.058459 0.091418
204.628 0.14565 0.02019 0.057816 0.08515
205.649 0.152108 0.020951 0.058393 0.090908
206.672 0.760815 0.021017 0.056696 0.701527
207.694 0.153937 0.020946 0.059943 0.091195
208.716 0.140659 0.020735 0.05757 0.080508
209.738 0.157181 0.019903 0.05695 0.097626
210.759 0.154525 0.022152 0.059941 0.09178
211.783 0.131127 0.022129 0.046957 0.081393
212.806 0.131242 0.020992 0.047232 0.081334
213.829 0.128569 0.021261 0.048514 0.07737
214.851 0.137237 0.024198 0.047553 0.086992
215.877 0.151511 0.021447 0.057829 0.090986
216.899 0.14845 0.022444 0.059036 0.086643
217.923 6.63141 0.024856 0.060147 6.56813
224.581 0.71035 0.020494 0.091538 0.616146
225.602 0.231744 0.020227 0.062668 0.1663
226.624 0.225472 0.021218 0.057843 0.165027
227.646 0.221619 0.024351 0.059515 0.15945
228.672 0.759209 0.025189 0.056058 0.700573
229.699 0.272233 0.022829 0.063359 0.205647
230.723 0.21543 0.022426 0.057359 0.155483
231.747 6.81835 0.020591 0.063027 6.75264
238.587 5.9578 0.019902 0.079587 5.87558
244.565 6.2983 0.020766 0.066458 6.22907
250.886 0.697109 0.020462 0.068178 0.626297
251.908 0.723337 0.019923 0.063803 0.65684
252.929 0.659083 0.02336 0.063835 0.592456
253.953 7.9025 0.018713 0.063112 7.8367
261.876 6.71138 0.019775 0.10231 6.60646
268.608 6.22847 0.020081 0.114315 6.11142
274.857 7.14095 0.022378 0.066604 7.07172
282.021 5.43542 0.020256 0.117462 5.31529
287.478 6.85263 0.019775 0.069142 6.7808
294.352 6.61276 0.024184 0.068577 6.54153
300.99 6.49057 0.02057 0.063039 6.42488
307.502 7.31606 0.020316 0.062442 7.25083
314.839 6.65757 0.020155 0.107414 6.54752
321.518 0.688218 0.021047 0.064324 0.621042
322.541 0.583322 0.019978 0.063055 0.517608
323.562 0.574407 0.020495 0.057327 0.514443
324.584 0.849574 0.021642 0.058951 0.787957
325.608 0.810986 0.019453 0.060069 0.748213
326.628 7.27758 0.022068 0.064204 7.2106
333.929 0.755872 0.01963 0.093351 0.659915
334.95 0.781639 0.020416 0.066439 0.712565
335.972 0.855751 0.022607 0.071531 0.781256
336.997 7.48248 0.02162 0.066672 7.41297
344.502 7.93519 0.020274 0.062012 7.8705
352.459 7.63109 0.019846 0.106006 7.52245
360.111 0.782765 0.020089 0.067206 0.712918
361.132 0.220621 0.022694 0.063686 0.154319
362.156 0.213927 0.020861 0.055896 0.155336
363.178 0.207068 0.022169 0.057497 0.146854
364.202 0.208702 0.019943 0.06263 0.143336
365.223 0.269451 0.020136 0.057928 0.20879
366.245 0.205881 0.020543 0.056308 0.146949
367.267 0.228205 0.024293 0.063534 0.161432
368.292 0.217891 0.021715 0.063218 0.151852
369.316 0.210472 0.020724 0.062602 0.145283
370.337 0.214459 0.020861 0.060178 0.151659
371.36 0.210861 0.020391 0.055835 0.152183
372.381 0.203612 0.020461 0.057461 0.143365
373.403 0.217122 0.02137 0.055829 0.158557
374.426 0.223518 0.020632 0.057805 0.163084
375.448 0.204843 0.020901 0.06017 0.141898
376.47 0.213597 0.022892 0.059895 0.15058
377.494 0.209949 0.021265 0.060145 0.147191
378.517 0.211164 0.021653 0.057363 0.151131
379.54 0.201674 0.02006 0.048278 0.15077
380.561 0.20443 0.02049 0.058391 0.143415
381.583 4.6951 0.020005 0.043733 4.64868
386.3 0.202652 0.020773 0.055144 0.144804
387.322 0.215369 0.023495 0.059534 0.152505
388.347 0.218672 0.019863 0.061176 0.154846
389.368 0.202535 0.020402 0.058761 0.141079
390.39 0.218828 0.021789 0.059959 0.156197
391.413 0.202807 0.02009 0.057214 0.142948
392.435 0.205766 0.020379 0.057632 0.145475
393.456 0.20846 0.021049 0.058234 0.147447
394.479 0.217212 0.020164 0.060574 0.154016
395.5 0.216887 0.020397 0.058227 0.155963
396.522 0.214043 0.019722 0.056974 0.154431
397.543 6.49795 0.02022 0.058913 6.43635
404.062 0.229352 0.021164 0.060055 0.166647
405.085 0.237742 0.021154 0.056613 0.17832
406.108 0.231136 0.020301 0.057108 0.171299
407.129 5.47711 0.020485 0.050387 5.42406
412.628 5.30367 0.020303 0.064889 5.23617
417.954 0.211031 0.019755 0.059709 0.148736
418.975 0.205636 0.0205 0.060335 0.142662
419.997 0.213954 0.019576 0.061029 0.150314
421.017 0.204221 0.020261 0.060089 0.141477
422.039 0.209662 0.022071 0.062648 0.144238
423.062 0.198058 0.023573 0.059239 0.136124
424.087 0.200163 0.020738 0.059066 0.13843
425.109 0.197556 0.023463 0.058106 0.136798
426.134 0.203211 0.020343 0.061609 0.138986
427.156 0.195439 0.020269 0.056004 0.136762
428.178 0.214126 0.022678 0.05922 0.151948
429.202 0.203413 0.019967 0.057768 0.143021
430.223 0.194244 0.018829 0.055218 0.136426
431.243 0.192871 0.018859 0.055157 0.134981
432.263 0.204629 0.019157 0.057397 0.144514
433.284 0.2043 0.019998 0.057999 0.14338
434.305 0.188557 0.020357 0.057789 0.128165
435.327 0.196901 0.021031 0.057563 0.136646
436.349 0.200326 0.019979 0.056502 0.14124
437.371 0.190802 0.019959 0.059751 0.128405
438.392 0.19344 0.020612 0.059503 0.131237
439.414 0.901524 0.020823 0.060068 0.838097
440.436 0.83516 0.019111 0.057201 0.775345
441.456 8.46432 0.020535 0.059102 8.40263
449.943 6.28213 0.019902 0.068755 6.21059
456.246 0.641549 0.018744 0.055796 0.583023
457.266 0.728192 0.020292 0.062277 0.66315
458.287 7.29337 0.019712 0.059059 7.23162
465.602 0.878388 0.020013 0.057148 0.818429
466.623 1.4731 0.019886 0.056337 1.41409
468.118 6.77013 0.020049 0.055269 6.7121
474.909 2.53417 0.019416 0.060974 2.47058
477.464 0.785113 0.039985 0.056458 0.725991
478.505 1.66582 0.031851 0.071102 1.5873
480.203 0.204876 0.020912 0.05823 0.143857
481.226 0.23831 0.020755 0.060239 0.17522
482.248 0.209431 0.020445 0.061366 0.145368
483.269 0.231963 0.022219 0.059645 0.169609
484.293 0.266867 0.046847 0.085742 0.170596
485.342 0.278329 0.025784 0.06556 0.210038
486.369 0.219216 0.026574 0.071393 0.145047
487.398 0.347803 0.029638 0.164135 0.180873
488.429 0.285715 0.055966 0.097175 0.183757
489.486 0.260244 0.02242 0.062228 0.195004
490.511 0.279223 0.030427 0.087398 0.189068
491.543 0.318983 0.02779 0.064074 0.250756
492.573 0.201799 0.022557 0.055241 0.14277
493.598 0.425828 0.036948 0.125265 0.294283
494.64 0.228439 0.026948 0.057016 0.168069
495.668 0.251284 0.024047 0.081654 0.166408
496.694