3879.58 3881.69 1.23623
3881.69 3882.92 0.890326
3882.73 3883.81 1.06402
3883.75 3884.88 1.35489
3884.78 3886.24 1.07128
3885.8 3887.31 0.981663
3886.83 3888.29 1.00439
3887.85 3889.3 0.861024
3888.88 3890.16 0.658811
3889.9 3890.82 0.909929
3890.92 3891.73 1.14669
3891.95 3892.88 1.22134
3892.97 3894.11 1.46496
3893.99 3895.57 0.545182
3895.01 3896.14 0.901066
3896.03 3897.27 1.21332
3897.27 3898.49 1.13771
3898.3 3899.63 1.25618
3899.32 3900.89 0.998295
3900.34 3901.89 1.41311
3901.36 3903.31 0.897963
3902.39 3904.2 0.683431
3903.41 3910.07 0.905085
3910.07 3916.16 0.76133
3916.16 3925.06 1.2631
3925.06 3933.22 1.03317
3933.22 3941.07 0.889434
3941.07 3942.01 0.736536
3942.1 3942.95 0.586972
3943.12 3943.54 1.14888
3944.14 3944.69 0.852166
3945.16 3945.55 0.903986
3946.19 3946.97 0.713924
3947.21 3947.68 0.878467
3948.23 3949 0.704872
3949.26 3949.71 1.15394
3950.28 3950.86 0.810113
3951.3 3951.67 0.760714
3952.32 3953.04 0.829088
3953.34 3954 0.699392
3954.36 3955.07 0.699453
3955.39 3955.77 0.746517
3956.41 3961.25 1.55312
3961.25 3962.81 0.898591
3962.27 3963.71 0.593702
3963.3 3964.3 1.22069
3964.33 3970.21 0.957018
3970.21 3976.38 1.03222
3976.38 3977.41 0.867444
3977.4 3978.28 0.988701
3978.42 3979.27 1.23765
3979.44 3985.37 0.843188
3985.37 3991.34 1.32825
3991.34 3997.68 1.1571
3997.68 3998.83 0.903493
3998.7 3999.74 0.889748
3999.72 4000.63 1.04135
4000.74 4001.67 0.995536
4001.76 4002.67 0.590176
4002.78 4003.5 0.801648
4003.8 4004.48 0.852723
4004.82 4005.33 0.619854
4005.84 4006.08 1.20259
4006.87 4007.29 0.950681
4007.89 4008.24 0.929404
4008.92 4015.3 0.970569
4015.3 4016.27 0.562734
4016.33 4016.84 0.997251
4017.35 4017.84 0.922029
4018.38 4018.76 0.845686
4019.4 4019.64 1.14089
4020.42 4020.78 0.773521
4021.46 4021.69 1.08091
4022.48 4022.78 0.886254
4023.53 4029.22 1.12677
4029.22 4035.19 1.31052
4035.19 4036.51 0.94599
4036.21 4037.45 1.1258
4037.24 4038.58 0.632814
4038.26 4045.94 1.19627
4045.94 4052.46 1.15339
4052.46 4058.54 0.864157
4058.54 4065.52 1.65834
4065.52 4070.86 0.655149
4070.86 4077.62 1.01367
4077.62 4084.21 0.956497
4084.21 4090.77 0.874432
4090.77 4091.64 1.54757
4091.88 4098.44 0.999642
4098.43 4099.44 0.690712
4099.51 4100.13 1.35281
4100.53 4101.48 0.818128
4101.55 4102.41 0.912334
4102.58 4103.39 0.739743
4103.6 4110.98 1.06774
4110.98 4112.08 0.805423
4112.05 4112.89 1.0597
4113.2 4113.95 0.902958
4114.22 4114.85 0.966908
4115.24 4115.82 1.61163
4116.26 4117.43 0.879463
4117.28 4118.31 1.2733
4118.31 4119.59 1.00133
4119.33 4120.59 0.915954
4120.35 4121.51 0.661407
4121.38 4122.17 0.858571
4122.55 4123.03 0.921048
4123.58 4123.96 0.965007
4124.6 4124.92 0.726324
4125.65 4125.86 1.20436
4126.67 4127.1 1.25241
4128.07 4128.35 0.930356
4129.09 4129.31 1.05267
4130.11 4130.37 0.874143
4131.13 4131.36 0.520042
4132.16 4132.36 1.02998
4133.18 4133.4 0.804857
4134.2 4134.41 0.713492
4135.23 4135.43 0.922481
4136.25 4136.47 0.504877
4137.27 4137.48 1.04971
4138.29 4138.53 0.670615
4139.32 4139.52 0.643259
4140.34 4140.55 1.06968
4141.36 4141.74 0.814983
4142.54 4142.75 1.55929
4143.56 4144.31 0.849918
4144.58 4145.16 1.49222
4145.6 4146.65 0.751223
4146.63 4147.72 1.22106
4147.72 4148.94 1.36689
4148.82 4150.31 0.936987
4150.01 4151.25 1.18709
4151.02 4152.44 0.824807
4152.05 4158.02 0.869479
4158.02 4158.89 0.731965
4159.1 4159.62 0.664088
4160.12 4167.47 1.30348
4167.47 4168.77 1.58798
4168.49 4170.36 0.646115
4170.07 4171.01 1.38556
4171.09 4172.4 0.832357
4172.11 4173.23 0.913167
4173.13 4174.15 1.53837
4174.15 4175.69 1.05942
4175.27 4176.75 1.63704
4176.29 4178.39 0.650483
4177.55 4179.04 1.25989
4178.58 4180.3 1.3423
4179.6 4181.65 0.738941
4180.62 4182.39 0.849117
4181.66 4183.24 1.43528
4182.68 4184.68 0.944483
4183.7 4185.62 0.950828
4184.72 4192.35 0.536584
4192.35 4200.48 0.77479
4200.47 4201.25 0.93916
4201.5 4202.19 0.708773
4202.52 4202.9 0.937667
4203.54 4203.84 0.738405
4204.56 4204.72 0.602956
4205.58 4205.77 0.654362
4206.61 4206.79 0.766983
4207.63 4207.81 0.508822
4208.66 4208.82 0.883591
4209.68 4209.84 1.21394
4210.7 4211.05 0.617857
4211.72 4211.88 1.24162
4212.75 4213.12 0.951322
4213.77 4214.07 0.541668
4214.79 4214.94 0.896986
4215.82 4215.98 0.627325
4216.84 4217.01 0.483986
4217.86 4218 0.697425
4218.88 4219.02 1.13829
4219.9 4220.16 0.629101
4220.92 4221.06 1.04437
4221.94 4222.11 0.952758
4222.97 4223.13 0.786692
4223.99 4224.14 0.542043
4225.02 4225.18 1.11854
4226.05 4226.3 0.418058
4227.07 4227.21 0.567763
4228.09 4228.24 1.1649
4229.11 4229.41 1.0085
4230.13 4230.41 1.00057
4231.15 4231.42 0.543038
4232.17 4232.36 0.714164
4233.21 4233.38 0.935114
4234.24 4234.39 0.725225
4235.26 4235.4 1.09192
4236.28 4236.5 0.931698
4237.31 4237.46 0.728589
4238.33 4238.5 0.582366
4239.36 4239.51 0.445216
4240.38 4240.56 0.772855
4241.41 4241.59 1.60658
4242.43 4243.19 0.792229
4243.45 4243.99 0.814941
4244.47 4244.8 0.691731
