3883.75 3886.47 0.03819
3883.75 3886.53 0.033263
3883.75 3886.63 0.0281
3883.75 3886.73 0.026482
3883.75 3886.83 0.02609
3883.75 3886.93 0.035011
3883.75 3887.03 0.02592
3883.75 3887.13 0.025722
3883.75 3887.24 0.023705
3884.78 3887.34 0.023917
3884.78 3887.44 0.025722
3884.78 3887.54 0.024729
3884.78 3887.64 0.023703
3884.78 3887.74 0.024928
3884.78 3887.84 0.02478
3884.78 3887.95 0.032123
3884.78 3888.05 0.022632
3884.78 3888.15 0.023975
3884.78 3888.25 0.023962
3885.8 3888.35 0.022993
3885.8 3888.45 0.023768
3885.8 3888.56 0.024072
3885.8 3888.66 0.023125
3885.8 3888.76 0.021368
3885.8 3888.86 0.023964
3885.8 3888.96 0.025999
3885.8 3889.06 0.022156
3885.8 3889.16 0.02221
3885.8 3889.26 0.024807
3886.83 3889.36 0.023272
3886.83 3889.47 0.022039
3886.83 3889.57 0.023453
3886.83 3889.67 0.023618
3886.83 3889.77 0.023558
3886.83 3889.87 0.021561
3886.83 3889.97 0.025035
3886.83 3890.07 0.024952
3887.85 3890.17 0.022652
3887.85 3890.27 0.023665
3887.85 3890.38 0.023937
3887.85 3890.48 0.021582
3887.85 3890.58 0.02204
3887.85 3890.68 0.023258
3887.85 3890.78 0.023516
3888.88 3890.88 0.022068
3888.88 3890.98 0.023462
3888.88 3891.09 0.024055
3888.88 3891.19 0.022456
3888.88 3891.29 0.021379
3888.88 3891.39 0.023463
3888.88 3891.49 0.02363
3888.88 3891.59 0.022328
3888.88 3891.69 0.024831
3889.9 3891.8 0.023149
3889.9 3891.9 0.022594
3889.9 3892 0.021909
3889.9 3892.1 0.023149
3889.9 3892.22 0.023644
3889.9 3892.32 0.023724
3889.9 3892.42 0.022911
3889.9 3892.52 0.024717
3889.9 3892.62 0.024775
3889.9 3892.72 0.024589
3889.9 3892.82 0.022742
3890.92 3892.92 0.023719
3890.92 3893.03 0.02341
3890.92 3893.13 0.021299
3890.92 3893.23 0.021709
3890.92 3893.33 0.024053
3890.92 3893.43 0.024046
3890.92 3893.53 0.022543
3890.92 3893.63 0.024071
3890.92 3893.73 0.024002
3890.92 3893.83 0.022551
3890.92 3893.94 0.022383
3890.92 3894.04 0.025375
3891.95 3894.14 0.023292
3891.95 3894.24 0.022259
3891.95 3894.34 0.024881
3891.95 3894.44 0.024102
3891.95 3894.54 0.022831
3891.95 3894.64 0.023421
3891.95 3894.74 0.023851
3891.95 3894.85 0.021193
3891.95 3894.95 0.02293
3891.95 3895.05 0.023068
3891.95 3895.15 0.022124
3891.95 3895.25 0.023594
3891.95 3895.35 0.024077
3891.95 3895.45 0.022315
3891.95 3895.55 0.022009
3892.97 3895.66 0.023564
3892.97 3895.76 0.023857
3892.97 3895.86 0.022228
3892.97 3895.96 0.024822
3892.97 3896.06 0.023656
3893.99 3896.16 0.021947
3893.99 3896.26 0.024266
3893.99 3896.36 0.023426
3893.99 3896.46 0.021641
3893.99 3896.56 0.024192
3893.99 3896.67 0.023485
3893.99 3896.77 0.022911
3893.99 3896.88 0.02243
3893.99 3896.98 0.02426
3895.01 3897.08 0.023662
3895.01 3897.18 0.022201
3895.01 3897.28 0.02401
3895.01 3897.39 0.026493
3895.01 3897.49 0.031468
3895.01 3897.59 0.021593
3895.01 3897.69 0.024177
3895.01 3897.79 0.023412
3895.01 3897.9 0.022095
3895.01 3898 0.023708
3895.01 3898.1 0.023727
3895.01 3898.2 0.022021
3895.01 3898.3 0.022778
3895.01 3898.41 0.024392
3896.03 3898.51 0.032617
3896.03 3898.61 0.021973
3896.03 3898.71 0.022119
3896.03 3898.81 0.024344
3896.03 3898.91 0.023628
3896.03 3899.01 0.021556
3896.03 3899.12 0.024088
3896.03 3899.22 0.023879
3896.03 3899.32 0.022276
3896.03 3899.42 0.029968
3896.03 3899.52 0.031732
3896.03 3899.62 0.023787
3897.27 3899.72 0.022276
3897.27 3899.82 0.025402
3897.27 3899.92 0.023523
3897.27 3900.03 0.022051
3897.27 3900.13 0.023909
3897.27 3900.23 0.023637
3897.27 3900.33 0.022082
3897.27 3900.43 0.030371
3897.27 3900.53 0.025198
3897.27 3900.63 0.023463
3897.27 3900.73 0.022055
3897.27 3900.83 0.023552
3898.3 3900.94 0.023915
3898.3 3901.04 0.02189
3898.3 3901.14 0.023905
3898.3 3901.24 0.022837
3898.3 3901.34 0.021166
3898.3 3901.44 0.030309
3898.3 3901.54 0.023195
3898.3 3901.64 0.023313
3898.3 3901.75 0.022341
3898.3 3901.85 0.023338
3899.32 3901.95 0.023133
3899.32 3902.05 0.021881
3899.32 3902.15 0.023505
3899.32 3902.25 0.023898
3899.32 3902.35 0.021826
3899.32 3902.45 0.025447
3899.32 3902.55 0.023049
3899.32 3902.66 0.021813
3899.32 3902.78 0.023003
3899.32 3902.88 0.022111
3899.32 3902.99 0.021254
3899.32 3903.09 0.02406
3899.32 3903.19 0.023816
3899.32 3903.29 0.021772
3900.34 3903.39 0.022786
3900.34 3903.5 0.028949
3900.34 3903.6 0.023065
3900.34 3903.7 0.022022
3900.34 3903.8 0.024147
3900.34 3903.9 0.024096
3900.34 3904 0.022821
3900.34 3904.1 0.023976
3900.34 3904.2 0.023362
3901.36 3904.3 0.023043
3901.36 3904.41 0.021326
3901.36 3904.51 0.023156
3901.36 3904.61 0.021674
3901.36 3904.71 0.021654
3901.36 3904.81 0.023239
3902.39 3904.91 0.021639
3902.39 3905.01 0.021801
3902.39 3905.11 0.022886
3902.39 3905.22 0.023241
3902.39 3905.32 0.02153
3902.39 3905.42 0.02322
3902.39 3905.52 0.023314
3902.39 3905.62 0.021642
3902.39 3905.72 0.023439
3902.39 3905.82 0.023459
3902.39 3905.92 0.021527
3902.39 3906.02 0.021682
3902.39 3906.13 0.023454
3902.39 3906.23 0.023101
3902.39 3906.33 0.022031
3902.39 3906.43 0.023546
3902.39 3906.53 0.023218
3902.39 3906.63 0.021781
3902.39 3906.73 0.021802
3902.39 3906.83 0.023458
3902.39 3906.93 0.022497
3902.39 3907.03 0.021282
3902.39 3907.14 0.023473
3902.39 3907.24 0.023402
3902.39 3907.34 0.020911
3902.39 3907.44 0.023112
3902.39 3907.54 0.023422
3902.39 3907.64 0.021671
3902.39 3907.74 0.022227
3902.39 3907.84 0.023194
3902.39 3907.94 0.023865
3902.39 3908.04 0.021394
3902.39 3908.15 0.023455
3902.39 3908.25 0.023168
3902.39 3908.35 0.021722
3902.39 3908.45 0.021704
3902.39 3908.55 0.023724
3902.39 3908.65 0.023422
3902.39 3908.75 0.020902
3902.39 3908.85 0.023935
3902.39 3908.96 0.023828
3902.39 3909.06 0.022465
3902.39 3909.16 0.021942
3902.39 3909.26 0.023413
3902.39 3909.36 0.02345
3902.39 3909.46 0.021771
3902.39 3909.57 0.023216
3902.39 3909.67 0.023612
3902.39 3909.77 0.021889
3902.39 3909.87 0.022007
3902.39 3909.97 0.025321
3902.39 3910.07 0.022552
3902.39 3910.18 0.02185
3902.39 3910.28 0.024134
3902.39 3910.38 0.022376
3902.39 3910.48 0.021846
3902.39 3910.58 0.021629
3902.39 3910.68 0.023346
3902.39 3910.78 0.022773
3902.39 3910.88 0.022455
3903.41 3910.99 0.023466
3903.41 3911.09 0.023048
3903.41 3911.19 0.021815
3903.41 3911.29 0.022226
3903.41 3911.39 0.023452
3903.41 3911.49 0.023312
3903.41 3911.59 0.02103
3903.41 3911.69 0.021641
3903.41 3911.79 0.023572
3903.41 3911.9 0.023369
3903.41 3912 0.020988
3903.41 3912.1 0.023563
3903.41 3912.2 0.023215
3903.41 3912.3 0.021335
3903.41 3912.4 0.021101
3903.41 3912.5 0.023584
3903.41 3912.6 0.023328
3903.41 3912.7 0.021297
3903.41 3912.81 0.023405
3903.41 3912.91 0.023014
3903.41 3913.01 0.022833
3903.41 3913.11 0.021358
3903.41 3913.21 0.023272
3903.41 3913.31 0.024359
3903.41 3913.41 0.021486
3903.41 3913.51 0.020505
3903.41 3913.61 0.022727
3903.41 3913.72 0.022287
3903.41 3913.82 0.021618
3903.41 3913.92 0.021235
3903.41 3914.02 0.023618
3903.41 3914.12 0.02371
3903.41 3914.22 0.021162
3903.41 3914.33 0.021432
3903.41 3914.43 0.024873
3903.41 3914.53 0.023476
3903.41 3914.63 0.020961
3903.41 3914.73 0.023556
3903.41 3914.83 0.02296
3903.41 3914.93 0.021537
3903.41 3915.03 0.021028
3903.41 3915.14 0.023445
3903.41 3915.24 0.023109
3903.41 3915.34 0.021649
3903.41 3915.44 0.023045
3903.41 3915.54 0.023471
3903.41 3915.64 0.021423
3903.41 3915.74 0.021418
3903.41 3915.84 0.023516
3903.41 3915.94 0.023075
3903.41 3916.05 0.021269
3903.41 3916.15 0.022108
3903.41 3916.25 0.022272
3903.41 3916.35 0.021553
3903.41 3916.45 0.021557
3903.41 3916.55 0.022743
3903.41 3916.65 0.023589
3903.41 3916.75 0.021402
3903.41 3916.85 0.022005
3910.07 3916.95 0.022996
3910.07 3917.06 0.021252
3910.07 3917.16 0.021328
3910.07 3917.26 0.022765
3910.07 3917.36 0.023071
3910.07 3917.46 0.021078
3910.07 3917.56 0.021198
3910.07 3917.67 0.023706
3910.07 3917.77 0.022722
3910.07 3917.87 0.020899
3910.07 3917.97 0.021767
3910.07 3918.07 0.022895
3910.07 3918.17 0.023055
3910.07 3918.27 0.022257
3910.07 3918.38 0.022936
3910.07 3918.48 0.023214
3910.07 3918.58 0.023276
3910.07 3918.68 0.021316
3910.07 3918.78 0.023151
3910.07 3918.88 0.023106
3910.07 3918.98 0.022362
3910.07 3919.08 0.021673
3910.07 3919.18 0.02349
3910.07 3919.28 0.02353
3910.07 3919.39 0.021263
3910.07 3919.49 0.023309
3910.07 3919.59 0.022822
3910.07 3919.69 0.023368
3910.07 3919.79 0.021569
3910.07 3919.89 0.023514
3910.07 3919.99 0.023286
3910.07 3920.09 0.021295
3910.07 3920.19 0.021372
3910.07 3920.3 0.023445
3910.07 3920.4 0.022672
3910.07 3920.5 0.020871
3910.07 3920.6 0.021583
3910.07 3920.7 0.023262
3910.07 3920.8 0.022574
3910.07 3920.91 0.02175
3910.07 3921.01 0.021804
3910.07 3921.11 0.023235
3910.07 3921.21 0.023218
3910.07 3921.31 0.021795
3910.07 3921.41 0.023475
3910.07 3921.51 0.022884
3910.07 3921.61 0.022667
3910.07 3921.72 0.021619
3910.07 3921.82 0.023133
3910.07 3921.92 0.023563
3910.07 3922.02 0.021883
3910.07 3922.12 0.021985
3910.07 3922.22 0.023109
3910.07 3922.32 0.022816
3910.07 3922.43 0.020948
3910.07 3922.53 0.02336
3910.07 3922.63 0.025395
3910.07 3922.73 0.021179
3910.07 3922.83 0.021597
3910.07 3922.93 0.023763
3910.07 3923.03 0.023844
3910.07 3923.13 0.022281
3910.07 3923.24 0.022393
3910.07 3923.34 0.023564
3910.07 3923.44 0.022618
3910.07 3923.54 0.021078
3910.07 3923.64 0.025277
3910.07 3923.74 0.023532
3910.07 3923.84 0.021554
3910.07 3923.94 0.022246
3910.07 3924.04 0.024327
3910.07 3924.15 0.023903
3910.07 3924.25 0.021912
3910.07 3924.35 0.023527
3910.07 3924.45 0.023436
3910.07 3924.55 0.023497
3910.07 3924.65 0.02196
3910.07 3924.75 0.023215
3910.07 3924.85 0.023777
3910.07 3924.95 0.0218
3910.07 3925.05 0.0214
3910.07 3925.16 0.023744
3910.07 3925.26 0.022869
3910.07 3925.36 0.021788
3910.07 3925.46 0.022814
3910.07 3925.56 0.023507
3910.07 3925.66 0.023101
3910.07 3925.76 0.022345
3910.07 3925.86 0.022948
3910.07 3925.97 0.022372
3910.07 3926.07 0.023387
3910.07 3926.17 0.02183
3910.07 3926.27 0.023254
3916.16 3926.37 0.023211
3916.16 3926.47 0.021406
3916.16 3926.57 0.022127
3916.16 3926.67 0.023108
3916.16 3926.77 0.023082
3916.16 3926.88 0.02131
3916.16 3926.98 0.023048
3916.16 3927.08 0.024208
3916.16 3927.18 0.023122
3916.16 3927.28 0.021035
3916.16 3927.38 0.022367
3916.16 3927.48 0.021998
3916.16 3927.58 0.020557
3916.16 3927.68 0.021626
3916.16 3927.78 0.023004
3916.16 3927.89 0.022626
3916.16 3927.99 0.021105
3916.16 3928.09 0.02154
3916.16 3928.19 0.023747
3916.16 3928.29 0.023491
3916.16 3928.39 0.021069
3916.16 3928.49 0.021119
3916.16 3928.59 0.022911
3916.16 3928.69 0.022154
3916.16 3928.8 0.021174
3916.16 3928.9 0.021235
3916.16 3929 0.022996
3916.16 3929.1 0.022911
3916.16 3929.2 0.020875
3916.16 3929.3 0.022317
3916.16 3929.4 0.022839
3916.16 3929.5 0.022316
3916.16 3929.6 0.021095
3916.16 3929.71 0.023735
3916.16 3929.81 0.023255
3916.16 3929.91 0.021139
3916.16 3930.01 0.02126
3916.16 3930.11 0.023047
3916.16 3930.21 0.023389
3916.16 3930.31 0.021556
3916.16 3930.41 0.02188
3916.16 3930.51 0.023291
3916.16 3930.62 0.02233
3916.16 3930.72 0.020544
3916.16 3930.82 0.021882
3916.16 3930.92 0.025679
3916.16 3931.02 0.022222
3916.16 3931.12 0.022384
3916.16 3931.22 0.023436
3916.16 3931.32 0.02283
3916.16 3931.42 0.021392
3916.16 3931.53 0.022539
3916.16 3931.63 0.022317
3916.16 3931.73 0.02073
3916.16 3931.83 0.021871
3916.16 3931.93 0.023339
3916.16 3932.03 0.023481
3916.16 3932.13 0.021433
3916.16 3932.23 0.0227
3916.16 3932.33 0.024822
3916.16 3932.43 0.020905
3916.16 3932.54 0.021565
3916.16 3932.64 0.023619
3916.16 3932.74 0.023027
3916.16 3932.84 0.021019
3916.16 3932.94 0.021589
3916.16 3933.04 0.02356
3916.16 3933.14 0.02304
3916.16 3933.25 0.022684
3916.16 3933.36 0.024545
3916.16 3933.46 0.020979
3916.16 3933.56 0.021732
3916.16 3933.66 0.022239
3916.16 3933.76 0.021008
3916.16 3933.86 0.020873
3916.16 3933.97 0.021862
3916.16 3934.07 0.022682
3916.16 3934.17 0.021272
3925.06 3934.27 0.02217
3925.06 3934.37 0.022727
3925.06 3934.47 0.020899
3925.06 3934.57 0.020741
3925.06 3934.67 0.022406
3925.06 3934.77 0.023677
3925.06 3934.87 0.021064
3925.06 3934.98 0.021071
3925.06 3935.08 0.023712
3925.06 3935.18 0.023283
3925.06 3935.28 0.021245
3925.06 3935.38 0.021322
3925.06 3935.48 0.022857
3925.06 3935.58 0.022645
3925.06 3935.68 0.021183
3925.06 3935.78 0.021355
3925.06 3935.89 0.023354
3925.06 3935.99 0.023315
3925.06 3936.09 0.021018
3925.06 3936.19 0.021457
3925.06 3936.29 0.022601
3925.06 3936.39 0.022631
3925.06 3936.49 0.020833
3925.06 3936.6 0.021586
3925.06 3936.7 0.02262
3925.06 3936.8 0.022718
3925.06 3936.9 0.021618
3925.06 3937 0.021607
3925.06 3937.1 0.023569
3925.06 3937.2 0.022738
3925.06 3937.3 0.021761
3925.06 3937.4 0.02325
3925.06 3937.5 0.022478
3925.06 3937.6 0.023174
3925.06 3937.71 0.021042
3925.06 3937.81 0.022947
3925.06 3937.91 0.02291
3925.06 3938.01 0.022304
3925.06 3938.11 0.021161
3925.06 3938.21 0.023166
3925.06 3938.31 0.022957
3925.06 3938.41 0.021053
3925.06 3938.51 0.020941
3925.06 3938.61 0.022762
3925.06 3938.72 0.022884
3925.06 3938.82 0.02071
3925.06 3938.92 0.02157
3925.06 3939.02 0.02305
3925.06 3939.12 0.022827
3925.06 3939.22 0.02149
3925.06 3939.32 0.021601
3925.06 3939.42 0.022997
3925.06 3939.52 0.02292
3925.06 3939.62 0.021229
3925.06 3939.73 0.021781
3925.06 3939.83 0.022561
3925.06 3939.93 0.022854
3925.06 3940.03 0.02159
3925.06 3940.13 0.021292
3925.06 3940.23 0.023623
3925.06 3940.33 0.023502
3925.06 3940.43 0.021008
3925.06 3940.54 0.021147
3925.06 3940.64 0.024688
3925.06 3940.74 0.022581
3925.06 3940.84 0.020983
3925.06 3940.94 0.021769
3925.06 3941.04 0.029263
3925.06 3941.14 0.022775
3925.06 3941.25 0.021678
3925.06 3941.35 0.022677
3925.06 3941.45 0.022861
3925.06 3941.55 0.022833
3925.06 3941.65 0.021753
3925.06 3941.75 0.023378
3925.06 3941.85 0.023164
3925.06 3941.95 0.029066
3933.22 3942.05 0.021874
3933.22 3942.16 0.024166
3933.22 3942.26 0.02303
3933.22 3942.36 0.022272
3933.22 3942.46 0.023101
3933.22 3942.56 0.022607
3933.22 3942.66 0.020886
3941.07 3942.77 0.020767
3941.07 3942.87 0.022862
3941.07 3942.97 0.022315
3941.07 3943.07 0.021299
3941.07 3943.17 0.022453
3941.07 3943.28 0.022902
3941.07 3943.38 0.021564
3941.07 3943.48 0.023486
3942.1 3943.58 0.022578
3942.1 3943.68 0.021173
3942.1 3943.78 0.023736
3942.1 3943.88 0.02382
3942.1 3943.98 0.022339
3942.1 3944.08 0.0228
3942.1 3944.18 0.022973
3942.1 3944.29 0.021491
3942.1 3944.39 0.023173
3942.1 3944.49 0.023238
3942.1 3944.59 0.021479
3942.1 3944.69 0.022804
3943.12 3944.79 0.022897
3943.12 3944.89 0.021528
3943.12 3944.99 0.022035
3943.12 3945.09 0.023004
3943.12 3945.19 0.022341
3943.12 3945.3 0.021131
3943.12 3945.4 0.022281
3943.12 3945.5 0.021689
3944.14 3945.6 0.021206
3944.14 3945.7 0.022965
3944.14 3945.8 0.023026
3944.14 3945.9 0.020853
3944.14 3946 0.022769
3944.14 3946.1 0.02149
3944.14 3946.21 0.021861
3944.14 3946.31 0.022653
3944.14 3946.41 0.023167
3945.16 3946.51 0.021877
3945.16 3946.61 0.022729
3945.16 3946.71 0.022869
3945.16 3946.81 0.021433
3945.16 3946.91 0.030738
3945.16 3947.01 0.023362
3945.16 3947.12 0.021364
3945.16 3947.22 0.021866
3945.16 3947.32 0.023633
3945.16 3947.42 0.032023
3945.16 3947.52 0.02127
3945.16 3947.62 0.022906
3946.19 3947.72 0.021631
3946.19 3947.82 0.023565
3946.19 3947.93 0.022868
3946.19 3948.03 0.021451
3946.19 3948.13 0.022769
3946.19 3948.23 0.022659
3946.19 3948.33 0.030252
3946.19 3948.43 0.024202
3946.19 3948.53 0.022768
3947.21 3948.63 0.021528
3947.21 3948.74 0.021483
3947.21 3948.84 0.022978
3947.21 3948.94 0.021486
3947.21 3949.04 0.02147
3947.21 3949.14 0.023234
3947.21 3949.24 0.021297
3947.21 3949.34 0.030719
3947.21 3949.45 0.02391
3947.21 3949.55 0.021376
3947.21 3949.65 0.023225
3948.23 3949.75 0.023461
3948.23 3949.85 0.021617
3948.23 3949.95 0.023641
3948.23 3950.05 0.02328
3948.23 3950.15 0.021948
3948.23 3950.25 0.023779
3948.23 3950.36 0.033102
3948.23 3950.46 0.022725
3948.23 3950.56 0.022998
3948.23 3950.66 0.023056
3948.23 3950.76 0.021332
3948.23 3950.86 0.023061
3949.26 3950.96 0.021285
3949.26 3951.06 0.021219
3949.26 3951.16 0.022696
3949.26 3951.27 0.021789
3949.26 3951.37 0.023627
3949.26 3951.47 0.023714
3949.26 3951.57 0.021137
3949.26 3951.67 0.022965
3950.28 3951.77 0.023066
3950.28 3951.87 0.021391
3950.28 3951.97 0.022702
3950.28 3952.08 0.022773
3950.28 3952.19 0.0235
3950.28 3952.3 0.021346
3950.28 3952.4 0.03208
3951.3 3952.5 0.023423
3951.3 3952.6 0.021604
3951.3 3952.7 0.022616
3951.3 3952.8 0.022628
3951.3 3952.91 0.021543
3951.3 3953.01 0.024168
3951.3 3953.28 0.021482
3951.3 3953.38 0.022672
3951.3 3953.48 0.023175
3951.3 3953.58 0.021588
3951.3 3953.69 0.023679
3951.3 3953.79 0.023075
3952.32 3953.89 0.021422
3952.32 3953.99 0.022822
3952.32 3954.09 0.022933
3952.32 3954.19 0.021475
3952.32 3954.29 0.022561
3952.32 3954.39 0.022759
3952.32 3954.49 0.021427
3952.32 3954.6 0.023155
3952.32 3954.7 0.022694
3953.34 3954.8 0.021487
3953.34 3954.9 0.021948
3953.34 3955 0.022708
3953.34 3955.1 0.021427
3953.34 3955.2 0.021425
3953.34 3955.3 0.022826
3953.34 3955.41 0.023538
3953.34 3955.51 0.021666
3953.34 3955.61 0.022733
3953.34 3955.71 0.02323
3954.36 3955.81 0.021874
3954.36 3955.91 0.022842
3954.36 3956.01 0.022759
3954.36 3956.11 0.021273
3954.36 3956.22 0.023418
3954.36 3956.32 0.023319
3954.36 3956.42 0.021274
3955.39 3956.52 0.023351
3955.39 3956.62 0.023147
3955.39 3956.72 0.021732
3955.39 3956.82 0.022921
3955.39 3956.92 0.022846
3955.39 3957.02 0.021842
3955.39 3957.13 0.021547
3955.39 3957.23 0.023237
3955.39 3957.33 0.021546
3955.39 3957.43 0.021748
3955.39 3957.53 0.023003
3955.39 3957.63 0.023049
3955.39 3957.73 0.020766
3955.39 3957.84 0.022412
3955.39 3957.94 0.022291
3955.39 3958.04 0.021844
3955.39 3958.14 0.023343
3955.39 3958.24 0.02245
3955.39 3958.34 0.020683
3955.39 3958.44 0.022511
3955.39 3958.54 0.022058
3955.39 3958.64 0.021225
3955.39 3958.75 0.022474
3955.39 3958.85 0.022449
3955.39 3958.95 0.020882
3955.39 3959.05 0.022497
3955.39 3959.15 0.022143
3955.39 3959.25 0.020802
3955.39 3959.35 0.021281
3955.39 3959.45 0.023944
3955.39 3959.55 0.022059
3955.39 3959.66 0.021775
3955.39 3959.76 0.023383
3955.39 3959.86 0.021411
3955.39 3959.96 0.021067
3955.39 3960.06 0.023009
3955.39 3960.16 0.020968
3955.39 3960.26 0.021782
3955.39 3960.36 0.022858
3955.39 3960.46 0.022581
3955.39 3960.57 0.021092
3955.39 3960.67 0.022304
3955.39 3960.77 0.022535
3955.39 3960.87 0.021341
3955.39 3960.97 0.022454
3955.39 3961.07 0.024659
3955.39 3961.17 0.021814
3955.39 3961.27 0.02215
3955.39 3961.37 0.022583
3955.39 3961.48 0.020941
3955.39 3961.58 0.02349
3955.39 3961.68 0.023241
3955.39 3961.78 0.022382
3955.39 3961.88 0.02166
3955.39 3961.98 0.022963
3955.39 3962.08 0.023382
3955.39 3962.18 0.021734
3955.39 3962.28 0.023395
3955.39 3962.39 0.023215
3955.39 3962.49 0.02223
3955.39 3962.59 0.023117
3955.39 3962.69 0.023153
3955.39 3962.79 0.021223
3956.41 3962.89 0.021233
3956.41 3963 0.022546
3956.41 3963.1 0.023725
3956.41 3963.2 0.021562
3956.41 3963.3 0.022928
3956.41 3963.41 0.02278
3956.41 3963.51 0.021319
3956.41 3963.61 0.021279
3961.25 3963.71 0.023355
3961.25 3963.81 0.020673
3961.25 3963.91 0.020992
3961.25 3964.01 0.022718
3961.25 3964.11 0.022062
3961.25 3964.22 0.02183
3962.27 3964.32 0.022725
3962.27 3964.42 0.029833
3962.27 3964.52 0.021246
3962.27 3964.62 0.02363
3962.27 3964.72 0.023126
3962.27 3964.82 0.022622
3962.27 3964.92 0.022773
3962.27 3965.02 0.023427
3962.27 3965.12 0.021641
3962.27 3965.23 0.022761
3962.27 3965.33 0.02282
3962.27 3965.43 0.021173
3963.3 3965.53 0.021032
3963.3 3965.63 0.023129
3963.3 3965.74 0.023259
3963.3 3965.84 0.022081
3963.3 3965.94 0.02243
3963.3 3966.04 0.023347
3963.3 3966.14 0.02145
3963.3 3966.24 0.02174
3963.3 3966.34 0.023258
3963.3 3966.44 0.023165
3963.3 3966.55 0.021555
3963.3 3966.65 0.022755
3963.3 3966.75 0.022706
3963.3 3966.85 0.020863
3963.3 3966.95 0.023623
3963.3 3967.05 0.022579
3963.3 3967.15 0.020768
3963.3 3967.25 0.022154
3963.3 3967.35 0.021705
3963.3 3967.45 0.021225
3963.3 3967.56 0.023226
3963.3 3967.66 0.022664
3963.3 3967.76 0.020834
3963.3 3967.86 0.020848
3963.3 3967.96 0.022744
3963.3 3968.06 0.022453
3963.3 3968.16 0.021265
3963.3 3968.26 0.022683
3963.3 3968.37 0.022597
3963.3 3968.47 0.021268
3963.3 3968.57 0.022375
3963.3 3968.67 0.022676
3963.3 3968.77 0.021078
3963.3 3968.87 0.023194
3963.3 3968.97 0.022747
3963.3 3969.07 0.021185
3963.3 3969.18 0.021514
3963.3 3969.28 0.022941
3963.3 3969.38 0.0211
3963.3 3969.48 0.021487
3963.3 3969.58 0.023952
3963.3 3969.68 0.022591
3963.3 3969.78 0.021644
3963.3 3969.88 0.023085
3963.3 3969.98 0.022538
3963.3 3970.08 0.021047
3963.3 3970.19 0.030484
3963.3 3970.29 0.022943
3963.3 3970.39 0.021229
3963.3 3970.49 0.022601
3963.3 3970.59 0.022517
3963.3 3970.69 0.022601
3963.3 3970.79 0.02194
3963.3 3970.89 0.022497
3963.3 3970.99 0.022546
3963.3 3971.09 0.023013
3964.33 3971.2 0.022858
3964.33 3971.3 0.02136
3964.33 3971.4 0.023048
3964.33 3971.5 0.022803
3964.33 3971.6 0.021086
3964.33 3971.7 0.020988
3964.33 3971.8 0.022916
3964.33 3971.91 0.021342
3964.33 3972.01 0.021386
3964.33 3972.11 0.023051
3964.33 3972.21 0.023028
3964.33 3972.31 0.021539
3964.33 3972.41 0.023038
3964.33 3972.51 0.023079
3964.33 3972.61 0.02093
3964.33 3972.72 0.022754
3964.33 3972.82 0.023132
3964.33 3972.92 0.021105
3964.33 3973.02 0.022145
3964.33 3973.12 0.022851
3964.33 3973.22 0.021056
3964.33 3973.32 0.020843
3964.33 3973.42 0.022915
3964.33 3973.52 0.023082
3964.33 3973.62 0.021247
3964.33 3973.73 0.022762
3964.33 3973.83 0.023444
3964.33 3973.93 0.020974
3964.33 3974.03 0.023051
3964.33 3974.13 0.023418
3964.33 3974.23 0.02082
3964.33 3974.33 0.02318
3964.33 3974.43 0.023254
3964.33 3974.53 0.02154
3964.33 3974.64 0.021659
3964.33 3974.74 0.0243
3964.33 3974.84 0.021482
3964.33 3974.94 0.021729
3964.33 3975.04 0.023301
3964.33 3975.14 0.023299
3964.33 3975.24 0.02184
3964.33 3975.34 0.024264
3964.33 3975.45 0.023524
3964.33 3975.55 0.021586
3964.33 3975.65 0.023803
3964.33 3975.75 0.023599
3964.33 3975.85 0.021543
3964.33 3975.95 0.020932
3964.33 3976.05 0.02378
3964.33 3976.15 0.023651
3964.33 3976.26 0.022321
3964.33 3976.36 0.022824
3964.33 3976.46 0.023008
3964.33 3976.56 0.02143
3964.33 3976.66 0.029206
3964.33 3976.76 0.022529
3964.33 3976.86 0.021426
3964.33 3976.96 0.022533
3964.33 3977.06 0.023049
3964.33 3977.17 0.021139
3964.33 3977.27 0.022382
3964.33 3977.37 0.022734
3970.21 3977.47 0.022653
3970.21 3977.57 0.023557
3970.21 3977.68 0.022894
3970.21 3977.78 0.021768
3970.21 3977.88 0.021198
3970.21 3977.98 0.022516
3970.21 3978.08 0.021045
3970.21 3978.18 0.021119
3976.38 3978.29 0.023016
3976.38 3978.39 0.021191
3976.38 3978.49 0.030512
3976.38 3978.59 0.022745
3976.38 3978.69 0.022563
3976.38 3978.79 0.02166
3976.38 3978.89 0.022924
3976.38 3978.99 0.023005
3976.38 3979.09 0.02109
3976.38 3979.19 0.022984
3977.4 3979.3 0.022896
3977.4 3979.4 0.021519
3977.4 3979.5 0.023601
3977.4 3979.6 0.023799
3977.4 3979.7 0.021572
3977.4 3979.8 0.022815
3977.4 3979.9 0.02252
3977.4 3980 0.022516
3977.4 3980.11 0.020698
3977.4 3980.21 0.022461
3977.4 3980.31 0.022851
3977.4 3980.41 0.021617
3978.42 3980.51 0.023673
3978.42 3980.61 0.023639
3978.42 3980.71 0.021341
3978.42 3980.81 0.023118
3978.42 3980.91 0.023294
3978.42 3981.01 0.021531
3978.42 3981.11 0.023172
3978.42 3981.22 0.023465
3978.42 3981.32 0.021506
3978.42 3981.42 0.023087
3978.42 3981.52 0.022806
3978.42 3981.62 0.021424
3978.42 3981.72 0.021299
3978.42 3981.82 0.022292
3978.42 3981.92 0.022363
3978.42 3982.02 0.020821
3978.42 3982.12 0.022329
3978.42 3982.23 0.023123
3978.42 3982.33 0.020933
3978.42 3982.43 0.022496
3978.42 3982.53 0.022679
3978.42 3982.63 0.021003
3978.42 3982.73 0.021105
3978.42 3982.83 0.02317
3978.42 3982.93 0.020944
3978.42 3983.03 0.021232
3978.42 3983.14 0.023192
3978.42 3983.24 0.021159
3978.42 3983.34 0.020992
3978.42 3983.44 0.022474
3978.42 3983.54 0.022537
3978.42 3983.64 0.021261
3978.42 3983.74 0.022904
3978.42 3983.84 0.022475
3978.42 3983.94 0.021305
3978.42 3984.04 0.022716
3978.42 3984.15 0.023461
3978.42 3984.25 0.021151
3978.42 3984.35 0.022808
3978.42 3984.45 0.022481
3978.42 3984.55 0.020837
3978.42 3984.65 0.021271
3978.42 3984.75 0.02297
3978.42 3984.85 0.023647
3978.42 3984.95 0.021845
3978.42 3985.06 0.022809
3978.42 3985.16 0.023068
3978.42 3985.26 0.02115
3978.42 3985.36 0.022877
3978.42 3985.46 0.022404
3978.42 3985.56 0.021241
3978.42 3985.66 0.022896
3978.42 3985.76 0.023877
3978.42 3985.87 0.021369
3978.42 3985.97 0.021358
3978.42 3986.07 0.02357
3978.42 3986.18 0.023725
3979.44 3986.28 0.021716
3979.44 3986.39 0.021449
3979.44 3986.49 0.023388
3979.44 3986.59 0.022777
3979.44 3986.69 0.021463
3979.44 3986.79 0.023443
3979.44 3986.89 0.022979
3979.44 3986.99 0.020908
3979.44 3987.09 0.023099
3979.44 3987.19 0.023158
3979.44 3987.29 0.021322
3979.44 3987.39 0.023086
3979.44 3987.5 0.02352
3979.44 3987.6 0.020966
3979.44 3987.7 0.021208
3979.44 3987.8 0.02393
3979.44 3987.9 0.021794
3979.44 3988 0.021177
3979.44 3988.1 0.022632
3979.44 3988.2 0.022638
3979.44 3988.3 0.021829
3979.44 3988.41 0.023619
3979.44 3988.51 0.023007
3979.44 3988.61 0.021478
3979.44 3988.71 0.022761
3979.44 3988.81 0.023474
3979.44 3988.91 0.02182
3979.44 3989.01 0.023221
3979.44 3989.11 0.023572
3979.44 3989.21 0.021555
3979.44 3989.31 0.022606
3979.44 3989.42 0.023014
3979.44 3989.52 0.021389
3979.44 3989.62 0.021358
3979.44 3989.72 0.023621
3979.44 3989.82 0.023305
3979.44 3989.92 0.021018
3979.44 3990.02 0.022892
3979.44 3990.12 0.022597
3979.44 3990.23 0.020799
3979.44 3990.33 0.022579
3979.44 3990.43 0.022924
3979.44 3990.53 0.020784
3979.44 3990.63 0.023119
3979.44 3990.73 0.02353
3979.44 3990.83 0.020878
3979.44 3990.94 0.021277
3979.44 3991.04 0.0256
3979.44 3991.14 0.021554
3979.44 3991.24 0.021213
3979.44 3991.34 0.022728
3979.44 3991.44 0.022636
3979.44 3991.54 0.021947
3979.44 3991.65 0.022886
3979.44 3991.75 0.023175
3979.44 3991.85 0.02268
3979.44 3991.95 0.023461
3979.44 3992.05 0.023176
3979.44 3992.15 0.021552
3979.44 3992.25 0.022636
3979.44 3992.35 0.022518
3979.44 3992.46 0.021648
3979.44 3992.56 0.022869
3979.44 3992.66 0.022462
3985.37 3992.76 0.021173
3985.37 3992.86 0.02311
3985.37 3992.96 0.022911
3985.37 3993.06 0.021436
3985.37 3993.16 0.021467
3985.37 3993.27 0.023057
3985.37 3993.37 0.022855
3985.37 3993.47 0.021512
3985.37 3993.57 0.023
3985.37 3993.67 0.022907
3985.37 3993.77 0.02124
3985.37 3993.87 0.022184
3985.37 3993.97 0.022763
3985.37 3994.07 0.021156
3985.37 3994.18 0.021171
3985.37 3994.28 0.02274
3985.37 3994.38 0.022267
3985.37 3994.48 0.021263
3985.37 3994.58 0.023439
3985.37 3994.68 0.023114
3985.37 3994.78 0.021809
3985.37 3994.89 0.023645
3985.37 3994.99 0.02317
3985.37 3995.09 0.021664
3985.37 3995.2 0.021805
3985.37 3995.3 0.023754
3985.37 3995.41 0.023652
3985.37 3995.51 0.023708
3985.37 3995.61 0.021512
3985.37 3995.71 0.023052
3985.37 3995.81 0.023417
3985.37 3995.91 0.020957
3985.37 3996.02 0.023121
3985.37 3996.12 0.022828
3985.37 3996.22 0.020866
3985.37 3996.32 0.021773
3985.37 3996.42 0.023176
3985.37 3996.52 0.021639
3985.37 3996.62 0.021737
3985.37 3996.73 0.0236
3985.37 3996.83 0.023433
3985.37 3996.93 0.021496
3985.37 3997.03 0.022963
3985.37 3997.13 0.023869
3985.37 3997.23 0.02229
3985.37 3997.33 0.02261
3985.37 3997.43 0.022785
3985.37 3997.54 0.020685
3985.37 3997.64 0.028455
3985.37 3997.74 0.022
3985.37 3997.84 0.022722
3985.37 3997.94 0.021843
3985.37 3998.05 0.023704
3985.37 3998.15 0.023411
3985.37 3998.25 0.021102
3985.37 3998.35 0.023416
3985.37 3998.45 0.023607
3985.37 3998.55 0.021574
3985.37 3998.66 0.022269
3985.37 3998.77 0.025077
3991.34 3998.87 0.023533
3991.34 3998.97 0.021838
3991.34 3999.07 0.021281
3991.34 3999.17 0.023145
3991.34 3999.27 0.022482
3991.34 3999.37 0.02192
3991.34 3999.48 0.021497
3991.34 3999.59 0.023385
3991.34 3999.69 0.023022
3997.68 3999.79 0.022901
3997.68 3999.89 0.022868
3997.68 3999.99 0.022614
3997.68 4000.09 0.02314
3997.68 4000.19 0.022014
3997.68 4000.29 0.023534
3997.68 4000.39 0.023761
3997.68 4000.49 0.021211
3997.68 4000.6 0.022848
3998.7 4000.7 0.023644
3998.7 4000.8 0.023035
3998.7 4000.9 0.021374
3998.7 4001 0.022852
3998.7 4001.1 0.022457
3998.7 4001.2 0.021672
3998.7 4001.3 0.023349
3998.7 4001.41 0.029841
3998.7 4001.51 0.021788
3998.7 4001.61 0.021648
3999.72 4001.71 0.023133
3999.72 4001.81 0.023436
3999.72 4001.91 0.021943
3999.72 4002.01 0.022913
3999.72 4002.11 0.022585
3999.72 4002.21 0.02105
3999.72 4002.32 0.03048
3999.72 4002.42 0.02285
3999.72 4002.52 0.021212
3999.72 4002.62 0.021536
4000.74 4002.72 0.02303
4000.74 4002.82 0.022606
4000.74 4002.92 0.021388
4000.74 4003.02 0.02413
4000.74 4003.12 0.022956
4000.74 4003.23 0.021375
4001.76 4003.33 0.021737
4001.76 4003.43 0.023571
4001.76 4003.53 0.022664
4001.76 4003.63 0.021484
4001.76 4003.73 0.023144
4001.76 4003.83 0.022774
4001.76 4003.93 0.021167
4001.76 4004.04 0.022923
4001.76 4004.14 0.02267
4001.76 4004.24 0.021541
4002.78 4004.34 0.023041
4002.78 4004.44 0.030034
4002.78 4004.54 0.021411
4002.78 4004.64 0.021455
4002.78 4004.74 0.023106
4002.78 4004.84 0.023907
4002.78 4004.94 0.021519
4002.78 4005.05 0.022846
4002.78 4005.15 0.022945
4002.78 4005.25 0.02117
4003.8 4005.35 0.02331
4003.8 4005.45 0.023299
4003.8 4005.55 0.021383
4003.8 4005.65 0.021712
4003.8 4005.75 0.023766
4003.8 4005.86 0.024348
4004.82 4005.96 0.021596
4004.82 4006.06 0.022746
4004.82 4006.16 0.023045
4004.82 4006.26 0.021566
4004.82 4006.36 0.021181
4004.82 4006.46 0.023254
4004.82 4006.56 0.022557
4004.82 4006.67 0.021398
4004.82 4006.77 0.02325
4004.82 4006.87 0.023502
4004.82 4006.97 0.029046
4004.82 4007.07 0.031557
4004.82 4007.21 0.02265
4005.84 4007.31 0.02139
4005.84 4007.41 0.022765
4005.84 4007.51 0.022663
4005.84 4007.61 0.020718
4005.84 4007.71 0.020874
4005.84 4007.81 0.022769
4005.84 4007.92 0.023268
4005.84 4008.02 0.021917
4005.84 4008.12 0.023165
4005.84 4008.22 0.023099
4006.87 4008.32 0.021627
4006.87 4008.42 0.022992
4006.87 4008.52 0.022304
4006.87 4008.62 0.021662
4006.87 4008.72 0.022847
4006.87 4008.83 0.022392
4006.87 4008.93 0.021274
4006.87 4009.03 0.022121
4006.87 4009.13 0.022617
4007.89 4009.23 0.021379
4007.89 4009.33 0.02237
4007.89 4009.43 0.022835
4007.89 4009.53 0.02157
4007.89 4009.63 0.021638
4007.89 4009.74 0.023506
4007.89 4009.84 0.0238
4007.89 4009.94 0.021597
4007.89 4010.05 0.022129
4007.89 4010.15 0.023822
4007.89 4010.25 0.022559
4007.89 4010.36 0.02173
4007.89 4010.46 0.023658
4007.89 4010.56 0.023177
4007.89 4010.66 0.020921
4007.89 4010.76 0.022618
4007.89 4010.86 0.022605
4007.89 4010.96 0.021053
4007.89 4011.06 0.02134
4007.89 4011.16 0.022492
4007.89 4011.27 0.02097
4007.89 4011.37 0.020886
4007.89 4011.47 0.022271
4007.89 4011.57 0.022092
4007.89 4011.67 0.020955
4007.89 4011.77 0.022415
4007.89 4011.87 0.022748
4007.89 4011.97 0.021953
4007.89 4012.09 0.022114
4007.89 4012.2 0.021621
4007.89 4012.3 0.023443
4007.89 4012.41 0.025468
4007.89 4012.51 0.022075
4007.89 4012.61 0.023713
4007.89 4012.71 0.022775
4007.89 4012.81 0.021622
4007.89 4012.91 0.02426
4007.89 4013.01 0.023798
4007.89 4013.11 0.021942
4007.89 4013.21 0.021904
4007.89 4013.32 0.023276
4007.89 4013.42 0.021529
4007.89 4013.52 0.023718
4007.89 4013.62 0.023422
4007.89 4013.72 0.022905
4007.89 4013.82 0.022117
4007.89 4013.92 0.023328
4007.89 4014.02 0.026754
4007.89 4014.12 0.021833
4007.89 4014.23 0.023554
4007.89 4014.33 0.02372
4007.89 4014.43 0.021564
4007.89 4014.53 0.023643
4007.89 4014.63 0.023313
4007.89 4014.73 0.021768
4007.89 4014.83 0.023589
4007.89 4014.93 0.023195
4007.89 4015.04 0.021542
4007.89 4015.14 0.023354
4007.89 4015.24 0.023388
4007.89 4015.34 0.020989
4007.89 4015.44 0.032282
4007.89 4015.54 0.023751
4007.89 4015.64 0.022412
4007.89 4015.74 0.022403
4007.89 4015.85 0.023974
4007.89 4015.95 0.024159
4007.89 4016.05 0.022393
4007.89 4016.15 0.022869
4007.89 4016.25 0.023054
4008.92 4016.35 0.020935
4008.92 4016.45 0.022289
4008.92 4016.55 0.022592
4008.92 4016.65 0.021634
4008.92 4016.76 0.021241
4015.3 4016.86 0.022887
4015.3 4016.96 0.023529
4015.3 4017.06 0.021693
4015.3 4017.16 0.023929
4015.3 4017.26 0.022452
4015.3 4017.36 0.022345
4015.3 4017.47 0.023371
4015.3 4017.57 0.023465
4015.3 4017.67 0.021708
4015.3 4017.77 0.023094
4016.33 4017.87 0.022786
4016.33 4017.97 0.021771
4016.33 4018.07 0.023191
4016.33 4018.17 0.024549
4016.33 4018.27 0.023458
4016.33 4018.38 0.023111
4016.33 4018.48 0.029911
4016.33 4018.58 0.031159
4016.33 4018.68 0.023007
4017.35 4018.78 0.023121
4017.35 4018.88 0.021704
4017.35 4018.98 0.023493
4017.35 4019.08 0.023881
4017.35 4019.18 0.022318
4017.35 4019.28 0.023332
4017.35 4019.39 0.023719
4017.35 4019.49 0.029059
4017.35 4019.61 0.023808
4018.38 4019.71 0.021588
4018.38 4019.82 0.02278
4018.38 4019.92 0.022761
4018.38 4020.02 0.021921
4018.38 4020.12 0.023262
4018.38 4020.24 0.021326
4018.38 4020.35 0.023197
4018.38 4020.45 0.022558
4018.38 4020.55 0.021829
4018.38 4020.65 0.021045
4018.38 4020.75 0.022309
4019.4 4020.85 0.020765
4019.4 4020.96 0.021406
4019.4 4021.06 0.023071
4019.4 4021.16 0.022791
4019.4 4021.26 0.022775
4019.4 4021.36 0.023919
4019.4 4021.46 0.024436
4019.4 4021.57 0.021632
4020.42 4021.67 0.023101
4020.42 4021.77 0.023571
4020.42 4021.87 0.021897
4020.42 4021.97 0.021684
4020.42 4022.07 0.023046
4020.42 4022.17 0.021501
4020.42 4022.28 0.021394
4020.42 4022.38 0.023638
4020.42 4022.48 0.024333
4020.42 4022.58 0.030334
4020.42 4022.68 0.029714
4021.46 4022.78 0.022869
4021.46 4022.88 0.021434
4021.46 4022.98 0.023307
4021.46 4023.08 0.022804
4021.46 4023.19 0.02169
4021.46 4023.29 0.022846
4021.46 4023.39 0.022916
4021.46 4023.49 0.021994
4021.46 4023.6 0.024417
4022.48 4023.69 0.023209
4022.48 4023.8 0.021281
4022.48 4023.9 0.021322
4022.48 4024 0.022603
4022.48 4024.1 0.022908
4022.48 4024.2 0.021335
4022.48 4024.31 0.02366
4022.48 4024.41 0.023186
4022.48 4024.51 0.021164
4022.48 4024.61 0.023054
4022.48 4024.71 0.022599
4022.48 4024.81 0.021176
4022.48 4024.93 0.023102
4022.48 4025.04 0.021655
4022.48 4025.14 0.021719
4022.48 4025.24 0.022769
4022.48 4025.35 0.02302
4022.48 4025.46 0.023114
4022.48 4025.57 0.022561
4022.48 4025.67 0.020963
4022.48 4025.77 0.022941
4022.48 4025.87 0.022987
4022.48 4025.97 0.020934
4022.48 4026.07 0.022667
4022.48 4026.17 0.022334
4022.48 4026.27 0.021206
4022.48 4026.38 0.021365
4022.48 4026.48 0.022454
4022.48 4026.58 0.020916
4022.48 4026.68 0.021197
4022.48 4026.78 0.023072
4022.48 4026.88 0.022495
4022.48 4026.99 0.021126
4022.48 4027.09 0.022464
4022.48 4027.19 0.023074
4022.48 4027.29 0.020973
4022.48 4027.39 0.022566
4022.48 4027.49 0.022656
4022.48 4027.59 0.02104
4022.48 4027.69 0.023092
4022.48 4027.8 0.023154
4022.48 4027.9 0.021591
4022.48 4028 0.021757
4022.48 4028.1 0.023254
4022.48 4028.53 0.020783
4022.48 4028.64 0.021143
4022.48 4028.74 0.022067
4022.48 4028.84 0.024492
4022.48 4028.94 0.021729
4022.48 4029.04 0.022629
4022.48 4029.14 0.022641
4022.48 4029.25 0.021742
4022.48 4029.36 0.021547
4022.48 4029.53 0.02262
4022.48 4029.63 0.022002
4022.48 4029.73 0.021423
4022.48 4029.83 0.022888
4022.48 4029.93 0.023101
4022.48 4030.03 0.02186
4022.48 4030.13 0.023122
4022.48 4030.23 0.022578
4022.48 4030.33 0.021198
4023.53 4030.44 0.022576
4023.53 4030.54 0.022816
4023.53 4030.64 0.021392
4023.53 4030.74 0.021276
4023.53 4030.84 0.023324
4023.53 4030.94 0.023088
4023.53 4031.04 0.021648
4023.53 4031.15 0.023101
4023.53 4031.25 0.02333
4023.53 4031.35 0.021256
4023.53 4031.45 0.022936
4023.53 4031.55 0.022873
4023.53 4031.65 0.021421
4023.53 4031.76 0.021424
4023.53 4031.86 0.023658
4023.53 4031.96 0.023178
4023.53 4032.06 0.021514
4023.53 4032.16 0.023415
4023.53 4032.26 0.022586
4023.53 4032.36 0.020966
4023.53 4032.47 0.021667
4023.53 4032.57 0.023717
4023.53 4032.67 0.023673
4023.53 4032.77 0.021566
4023.53 4032.87 0.023399
4023.53 4032.97 0.023485
4023.53 4033.07 0.021108
4023.53 4033.18 0.023381
4023.53 4033.28 0.022633
4023.53 4033.38 0.021849
4023.53 4033.48 0.021628
4023.53 4033.58 0.023177
4023.53 4033.68 0.023526
4023.53 4033.78 0.021228
4023.53 4033.88 0.022238
4023.53 4033.98 0.022258
4023.53 4034.09 0.020835
4023.53 4034.19 0.023027
4023.53 4034.29 0.022277
4023.53 4034.39 0.021214
4023.53 4034.49 0.020855
4023.53 4034.59 0.022368
4023.53 4034.69 0.0222
4023.53 4034.79 0.021637
4023.53 4034.89 0.023081
4023.53 4035 0.023449
4023.53 4035.1 0.021015
4023.53 4035.2 0.02281
4023.53 4035.3 0.02373
4023.53 4035.4 0.022268
4023.53 4035.5 0.021358
4023.53 4035.61 0.024256
4023.53 4035.71 0.024896
4023.53 4035.81 0.021262
4023.53 4035.91 0.02317
4023.53 4036.08 0.022872
4023.53 4036.23 0.021895
4023.53 4036.33 0.021676
4023.53 4036.44 0.022947
4029.22 4036.54 0.022116
4029.22 4036.64 0.02138
4029.22 4036.74 0.02328
4029.22 4036.84 0.022738
4029.22 4036.94 0.021377
4029.22 4037.04 0.023455
4029.22 4037.15 0.022943
4029.22 4037.25 0.021752
4029.22 4037.35 0.02198
4035.19 4037.46 0.022826
4035.19 4037.56 0.022488
4035.19 4037.66 0.022955
4035.19 4037.76 0.021747
4035.19 4037.86 0.030462
4035.19 4037.97 0.022949
4035.19 4038.07 0.021977
4035.19 4038.17 0.02295
4035.19 4038.27 0.022702
4035.19 4038.37 0.02152
4035.19 4038.47 0.023054
4035.19 4038.57 0.021981
4036.21 4038.67 0.022011
4036.21 4038.77 0.022738
4036.21 4038.88 0.022523
4036.21 4038.98 0.021028
4036.21 4039.08 0.023028
4036.21 4039.18 0.023073
