3879.58 2.07443 0.02874 1.90088 0.164367
3881.69 0.252364 0.043878 0.111815 0.130013
3882.73 0.196569 0.021284 0.078454 0.115462
3883.75 0.180909 0.023626 0.068605 0.109634
3884.78 0.16717 0.022517 0.062316 0.102223
3885.8 0.168136 0.023449 0.058039 0.10745
3886.83 0.181152 0.021411 0.060126 0.118346
3887.85 0.170011 0.025187 0.061957 0.105424
3888.88 0.175917 0.022233 0.067324 0.105966
3889.9 0.176872 0.021343 0.066974 0.107253
3890.92 0.169343 0.020556 0.067126 0.099575
3891.95 0.275299 0.021539 0.065221 0.20743
3892.97 0.251426 0.021094 0.067557 0.181222
3893.99 0.24067 0.019654 0.065193 0.172785
3895.01 0.242769 0.021027 0.064871 0.175264
3896.03 1.2144 0.022546 0.059264 1.15247
3897.27 0.242422 0.023023 0.064922 0.174806
3898.3 0.228477 0.021921 0.058645 0.167187
3899.32 0.243902 0.019847 0.063984 0.177258
3900.34 0.239686 0.020683 0.057677 0.179391
3901.36 0.230478 0.022639 0.05761 0.170281
3902.39 0.240428 0.019114 0.058829 0.179
3903.41 6.64051 0.018202 0.060661 6.57724
3910.07 5.95556 0.1368 0.090839 5.86184
3916.16 8.87938 0.0206 0.119805 8.75691
3925.06 8.12902 0.028401 0.093745 8.03263
3933.22 7.82632 0.020821 0.089472 7.73418
3941.07 0.909283 0.026007 0.113734 0.792905
3942.1 0.835619 0.018583 0.059334 0.773711
3943.12 0.230219 0.01868 0.057827 0.169728
3944.14 0.236195 0.023865 0.058619 0.174747
3945.16 0.230823 0.0206 0.05872 0.169445
3946.19 0.755968 0.021684 0.058045 0.695291
3947.21 0.233372 0.019985 0.056004 0.174752
3948.23 0.742125 0.021818 0.060635 0.678742
3949.26 0.240493 0.019101 0.059131 0.178677
3950.28 0.242195 0.018732 0.059581 0.179712
3951.3 0.227382 0.019248 0.055452 0.169336
3952.32 0.695607 0.022113 0.055377 0.637555
3953.34 0.6386 0.020128 0.058163 0.577657
3954.36 0.678352 0.025421 0.059046 0.61664
3955.39 0.222702 0.020816 0.056815 0.163245
3956.41 4.82048 0.020181 0.055688 4.76218
3961.25 0.745834 0.020647 0.071113 0.672071
3962.27 0.159488 0.025191 0.057928 0.098903
3963.3 0.131267 0.02444 0.054454 0.074233
3964.33 5.86685 0.019517 0.055284 5.80892
3970.21 6.1295 0.020429 0.07411 6.05275
3976.38 0.291654 0.019309 0.126592 0.162374
3977.4 0.15798 0.019096 0.061397 0.093969
3978.42 0.133316 0.019112 0.052766 0.077968
3979.44 5.91263 0.019833 0.056941 5.85297
3985.37 5.94937 0.019065 0.103695 5.84303
3991.34 6.31458 0.018897 0.11864 6.19335
3997.68 0.864242 0.020602 0.086152 0.775489
3998.7 0.730826 0.019544 0.056768 0.671413
3999.72 0.669252 0.019426 0.059415 0.607232
4000.74 0.707345 0.020026 0.056569 0.648094
4001.76 0.596911 0.018186 0.056278 0.538015
4002.78 0.695879 0.019839 0.058159 0.635045
4003.8 0.656313 0.019498 0.058937 0.594734
4004.82 0.214678 0.019503 0.05658 0.15546
4005.84 0.216846 0.023726 0.058196 0.156082
4006.87 0.226868 0.022597 0.059792 0.164471
4007.89 0.226115 0.02248 0.059054 0.164457
4008.92 6.36474 0.020844 0.058611 6.30356
4015.3 0.704293 0.022136 0.11931 0.582383
4016.33 0.221911 0.01942 0.061422 0.157891
4017.35 0.217953 0.020389 0.055722 0.159428
4018.38 0.224438 0.022884 0.058025 0.163603
4019.4 0.219161 0.0211 0.056962 0.159554
4020.42 0.212439 0.020748 0.05779 0.152009
4021.46 0.21218 0.019284 0.057355 0.151859
4022.48 0.221918 0.021592 0.058207 0.161053
4023.53 5.66521 0.020648 0.058221 5.60436
4029.22 5.95361 0.020078 0.083852 5.86704
4035.19 0.73227 0.019807 0.113971 0.615499
4036.21 0.705412 0.020457 0.056843 0.645933
4037.24 0.650731 0.020322 0.056562 0.591552
4038.26 7.6617 0.020018 0.059061 7.6
4045.94 6.4944 0.020254 0.153393 6.33839
4052.46 6.06084 0.021757 0.108756 5.94932
4058.54 6.95552 0.021345 0.07548 6.87736
4065.52 5.3167 0.019447 0.108459 5.20551
4070.86 6.7473 0.019664 0.05764 6.687
4077.62 6.5476 0.032904 0.093603 6.45135
4084.21 6.53704 0.022913 0.087761 6.44663
4090.77 0.287838 0.017486 0.100206 0.184972
4091.88 6.53321 0.020844 0.061104 6.46943
4098.43 0.298784 0.0305 0.13015 0.165956
4099.51 0.454328 0.021109 0.061255 0.390377
4100.53 0.534148 0.019492 0.057666 0.473833
4101.55 0.830598 0.022683 0.057851 0.770086
4102.58 0.790833 0.022304 0.057153 0.731055
4103.6 7.36195 0.020543 0.061689 7.29763
4110.98 0.703445 0.019674 0.088829 0.611858
4112.05 0.214739 0.020955 0.059817 0.152102
4113.2 0.217395 0.022036 0.05883 0.155957
4114.22 0.219756 0.021217 0.058709 0.158391
4115.24 0.211976 0.021526 0.061444 0.147886
4116.26 0.214239 0.01973 0.056673 0.154918
4117.28 0.207739 0.020461 0.056792 0.148329
4118.31 0.203281 0.02318 0.055359 0.145255
4119.33 0.207361 0.021054 0.057547 0.147159
4120.35 0.205997 0.02702 0.05785 0.145474
4121.38 0.203129 0.023168 0.059885 0.140535
4122.55 0.2183 0.022919 0.056917 0.158388
4123.58 0.209434 0.021681 0.05955 0.147102
4124.6 0.203132 0.019894 0.056332 0.144151
4125.65 0.188575 0.021385 0.047018 0.138913
4126.67 0.202835 0.020982 0.058695 0.141409
4128.07 0.196426 0.020565 0.057639 0.136089
4129.09 0.19992 0.021051 0.057237 0.140045
4130.11 0.206015 0.021857 0.059506 0.143777
4131.13 0.199549 0.020523 0.058688 0.138113
4132.16 0.183572 0.020729 0.046021 0.134962
4133.18 0.196335 0.01965 0.058451 0.135142
4134.2 0.18459 0.023087 0.048045 0.133759
4135.23 0.18529 0.020833 0.047519 0.135054
4136.25 0.196777 0.019997 0.055457 0.138599
4137.27 0.183621 0.021771 0.047076 0.133941
4138.29 0.199938 0.021189 0.05751 0.139773
4139.32 0.182907 0.023847 0.045032 0.135231
4140.34 0.184809 0.019258 0.045494 0.136667
4141.36 0.197846 0.021516 0.05438 0.140805
4142.54 0.189189 0.018657 0.04657 0.140005
4143.56 0.205926 0.018012 0.059063 0.14416
4144.58 0.209453 0.020343 0.057023 0.149773
4145.6 0.202392 0.020618 0.057486 0.142255
4146.63 1.06759 0.019176 0.054509 1.01046
4147.72 0.217665 0.01678 0.055786 0.159254
4148.82 0.216951 0.020005 0.059942 0.154376
4150.01 0.216012 0.016257 0.055879 0.157474
4151.02 0.216235 0.021607 0.059374 0.154263
4152.05 5.94626 0.017805 0.05499 5.88864
4158.02 0.235597 0.026979 0.074253 0.158703
4159.1 0.20415 0.017302 0.055986 0.14554
4160.12 7.33043 0.019656 0.055448 7.27239
4167.47 0.301181 0.017906 0.158038 0.140506
4168.49 0.722475 0.017992 0.072546 0.64735
4170.07 0.211868 0.018572 0.062958 0.146185
4171.09 0.193133 0.018111 0.0553 0.135244
4172.11 0.19744 0.019189 0.058484 0.136352
4173.13 0.19421 0.018052 0.054308 0.137274
4174.15 0.196171 0.020115 0.056979 0.136585
4175.27 0.195252 0.019131 0.056963 0.135668
4176.29 0.19604 0.020969 0.056137 0.137259
4177.55 0.194351 0.019326 0.059913 0.131816
4178.58 0.186688 0.017965 0.054665 0.12941
4179.6 0.192306 0.020895 0.057795 0.131923
4180.62 0.190974 0.01786 0.058372 0.129934
4181.66 0.191907 0.018931 0.056572 0.132715
4182.68 0.203623 0.018654 0.059463 0.14149
4183.7 0.190632 0.019931 0.058106 0.129889
4184.72 7.60938 0.021245 0.060942 7.54574
4192.35 8.09915 0.021824 0.091562 8.00492
4200.47 0.214773 0.021528 0.068199 0.143834
4201.5 0.13349 0.019011 0.055379 0.075411
4202.52 0.135471 0.01964 0.054152 0.078636
4203.54 0.134298 0.018492 0.052554 0.079094
4204.56 0.141022 0.021771 0.052108 0.086274
4205.58 0.156859 0.024552 0.052887 0.099951
4206.61 0.153678 0.023414 0.055895 0.095126
4207.63 0.151637 0.022458 0.051777 0.095934
4208.66 0.14001 0.020392 0.049104 0.088224
4209.68 0.13401 0.019544 0.044647 0.086707
4210.7 0.131787 0.021935 0.055729 0.073289
4211.72 0.125089 0.025405 0.043316 0.078003
4212.75 0.133521 0.019396 0.056088 0.074654
4213.77 0.138294 0.020296 0.055138 0.08043
4214.79 0.124937 0.020186 0.043642 0.078354
4215.82 0.145445 0.02104 0.049463 0.093303
4216.84 0.146484 0.019815 0.047925 0.095659
4217.86 0.123548 0.020488 0.044894 0.075413
4218.88 0.121598 0.019142 0.043616 0.075353
4219.9 0.130334 0.019381 0.053143 0.074561
4220.92 0.119154 0.021766 0.045025 0.071416
4221.94 0.128809 0.02045 0.055295 0.070898
4222.97 0.134409 0.019102 0.053269 0.078507
4223.99 0.122081 0.026618 0.0451 0.074122
4225.02 0.136253 0.027586 0.050454 0.082604
4226.05 0.130087 0.019216 0.053531 0.073915
4227.07 0.115595 0.024228 0.042788 0.070097
4228.09 0.12724 0.018163 0.047648 0.076895
4229.11 0.129935 0.018308 0.053347 0.073957
4230.13 0.126784 0.018135 0.053803 0.070317
4231.15 0.128071 0.019176 0.053162 0.071893
4232.17 0.15536 0.035653 0.055425 0.096852
4233.21 0.144191 0.029356 0.047201 0.092153
4234.24 0.13066 0.017608 0.056096 0.071906
4235.26 