108.268 110.026 1.35739
110.026 111.385 0.985032
111.053 112.371 1.09791
112.077 113.47 1.44409
113.104 114.915 1.21602
114.128 116.132 1.12301
115.15 117.257 1.16847
116.172 118.426 0.964437
117.195 119.394 0.699225
118.218 120.094 1.01507
119.24 121.111 1.37587
120.263 122.488 1.2827
121.287 123.771 1.6164
122.307 125.389 0.634491
123.328 126.025 1.00987
124.35 127.035 1.23889
125.526 128.275 1.21385
126.546 129.49 1.38514
127.566 130.885 1.06108
128.585 131.952 1.39529
129.606 133.348 0.927713
130.626 134.277 0.719968
131.648 137.937 0.834849
137.937 143.999 0.858135
143.997 153.236 1.42432
153.236 161.597 1.15582
161.597 169.967 0.927393
169.966 170.896 0.761668
170.995 171.844 0.645261
172.014 172.49 1.2223
173.037 173.714 0.924691
174.056 174.639 0.959309
175.077 175.828 0.72784
176.096 176.557 0.929846
177.117 177.841 0.733233
178.139 178.575 1.20858
179.158 179.785 0.893629
180.18 180.679 0.79406
181.2 181.855 0.85236
182.22 182.831 0.737085
183.239 183.896 0.741299
184.26 184.638 0.782249
185.28 189.67 1.64033
189.669 191.311 1.00467
190.688 192.316 0.734088
191.708 193.052 1.38312
192.731 194.436 0.986426
193.753 195.424 0.926988
194.773 196.352 0.917171
195.794 197.27 1.08043
196.814 198.351 1.31528
197.834 199.668 0.807824
198.855 200.476 1.24084
199.876 201.718 1.09108
200.896 202.81 1.00022
201.92 203.811 0.971438
202.942 204.785 1.07181
203.963 205.857 1.05798
204.984 206.916 0.632251
206.004 207.55 0.849312
207.026 208.4 0.893148
208.046 209.294 0.600355
209.066 209.895 1.38817
210.086 211.284 1.04048
211.106 212.326 0.938345
212.128 213.265 0.77648
213.151 214.043 0.603777
214.172 214.647 1.05025
215.192 215.7 1.03118
216.215 216.732 0.93412
217.236 217.667 1.25779
218.256 218.926 0.893659
219.278 219.821 1.16789
220.299 220.99 1.00245
221.32 221.993 1.12886
222.34 223.125 1.25249
223.361 224.378 1.01315
224.381 225.392 1.34212
225.402 226.735 0.701334
226.422 227.438 1.17453
227.441 228.613 1.18036
228.462 229.795 0.837289
229.482 236.293 1.89888
236.292 238.193 0.643133
237.311 243.915 1.23705
243.914 245.153 0.924444
244.934 251.34 0.973126
251.34 252.317 1.77192
252.376 258.758 0.95618
258.758 259.715 0.787991
259.778 260.504 1.55859
260.797 262.104 0.948606
261.816 263.054 1.031
262.837 264.085 0.776463
263.856 270.962 1.36361
270.961 272.328 0.903371
271.98 273.232 1.1119
273.001 274.345 0.893295
274.021 281.653 1.21084
281.653 290.075 2.18356
290.074 298.281 1.36817
298.281 299.651 1.23051
299.3 304.608 1.20396
304.608 305.819 0.923972
305.627 306.744 0.673859
306.649 313.568 1.24133
313.567 318.523 1.13337
318.523 319.658 0.938192
319.542 320.605 0.834125
320.561 321.575 1.41778
321.583 322.994 1.258
322.603 329.139 1.02774
329.139 335.185 1.10929
335.184 339.821 1.01975
339.821 346.041 0.664934
346.041 352.798 1.34611
352.797 359.833 1.00095
359.833 361.238 0.85752
361.238 368.53 1.24807
368.53 369.779 0.57986
369.548 370.36 1.18935
370.567 377.633 0.967494
377.633 383.779 0.887619
383.779 384.668 1.26758
384.797 385.937 0.891959
385.816 386.83 1.70338
386.834 388.535 0.818725
387.853 393.23 1.68468
393.23 399.836 0.872746
399.836 406.109 1.42768
406.109 407.538 1.46211
407.127 409.001 1.00354
408.146 410.006 1.45705
409.172 411.464 1.05781
410.19 412.523 0.989749
411.212 413.513 0.776259
412.231 414.291 0.784058
413.251 415.076 0.921645
414.272 415.998 1.76819
415.297 417.768 0.840352
416.317 418.609 1.47708
417.337 420.087 0.782504
418.361 420.871 0.870624
419.38 421.742 1.39064
420.406 423.134 1.01758
421.426 424.152 1.64105
422.446 425.794 0.558631
423.468 426.353 1.32097
424.495 427.675 1.30638
425.516 428.982 0.636994
426.536 429.62 0.826125
427.556 430.447 1.41553
428.575 431.864 0.918505
429.595 432.783 0.874889
430.614 433.659 0.485347
431.633 434.145 0.815168
432.653 434.961 1.05113
433.673 436.013 0.748784
434.695 436.762 1.13281
435.716 437.896 0.765056
436.741 438.662 0.648546
437.761 441.3 0.804284
441.299 444.989 0.922525
444.989 453.263 0.737983
453.263 456.936 1.10528
456.935 458.042 1.2348
457.955 462.046 0.799127
462.045 468.863 1.37015
468.863 472.302 1.07395
472.301 473.74 0.662941
473.739 474.404 1.03955
474.758 478.582 0.749439
478.582 481.678 0.594382
481.678 482.381 0.854262
482.696 483.237 1.25046
483.714 484.488 0.698869
484.734 485.188 1.1356
485.752 486.324 1.06761
486.77 487.393 0.918821
487.79 488.312 0.669354
488.809 488.991 1.27333
489.829 490.265 0.439062
490.85 491.098 0.633691
491.881 492.142 1.34081
492.912 493.484 1.11357
493.932 494.598 1.08683
494.952 495.685 0.651982
495.972 496.338 0.830995
496.993 497.452 1.05442
498.284 498.508 0.794878
499.302 499.565 1.24392
500.327 500.81 1.04788
501.348 501.859 0.870229
502.495 502.73 0.590015
503.516 503.756 0.484699
504.54 505.189 0.931788
505.562 506.122 1.81137
506.58 507.934 0.854766
507.6 508.79 0.763038
508.62 509.554 0.797128
