111.053 114.616 0.039927
111.053 114.664 0.035841
111.053 114.766 0.029764
111.053 114.866 0.031442
112.077 114.968 0.027493
112.077 115.069 0.030089
112.077 115.17 0.031823
112.077 115.271 0.034511
112.077 115.373 0.02664
112.077 115.474 0.03139
112.077 115.575 0.028976
112.077 115.676 0.0303
112.077 115.781 0.025067
112.077 115.882 0.030521
112.077 115.983 0.02787
112.077 116.084 0.024821
113.104 116.185 0.027546
113.104 116.295 0.023986
113.104 116.391 0.029273
113.104 116.492 0.028193
113.104 116.593 0.024219
113.104 116.694 0.026794
113.104 116.795 0.0257
113.104 116.896 0.025529
113.104 116.997 0.023745
113.104 117.098 0.025822
113.104 117.199 0.025472
114.128 117.3 0.035002
114.128 117.403 0.023651
114.128 117.504 0.029576
114.128 117.605 0.02689
114.128 117.706 0.02441
114.128 117.81 0.024926
114.128 117.911 0.027499
114.128 118.012 0.028788
114.128 118.113 0.023798
114.128 118.216 0.025341
114.128 118.317 0.032401
114.128 118.418 0.029661
115.15 118.52 0.02415
115.15 118.622 0.023737
115.15 118.724 0.027526
115.15 118.825 0.027404
115.15 118.926 0.026827
115.15 119.027 0.023771
115.15 119.128 0.02917
115.15 119.229 0.028507
115.15 119.332 0.032751
116.172 119.433 0.023854
116.172 119.534 0.026024
116.172 119.635 0.025902
116.172 119.737 0.026476
116.172 119.838 0.025237
116.172 119.939 0.026946
116.172 120.04 0.026555
117.195 120.141 0.027465
117.195 120.242 0.024546
117.195 120.343 0.028625
117.195 120.445 0.026283
117.195 120.547 0.027952
117.195 120.652 0.026402
117.195 120.753 0.029
117.195 120.854 0.029769
117.195 120.955 0.024575
117.195 121.057 0.024143
118.218 121.159 0.026048
118.218 121.26 0.025312
118.218 121.363 0.025476
118.218 121.496 0.035715
118.218 121.597 0.025532
118.218 121.698 0.025722
118.218 121.799 0.024325
118.218 121.9 0.025967
118.218 122.001 0.025673
118.218 122.102 0.024006
118.218 122.205 0.027614
118.218 122.306 0.02872
118.218 122.407 0.044583
119.24 122.512 0.032186
119.24 122.613 0.026126
119.24 122.714 0.029954
119.24 122.815 0.025772
119.24 122.917 0.027526
119.24 123.018 0.02809
119.24 123.119 0.028672
119.24 123.22 0.027951
119.24 123.323 0.026494
119.24 123.424 0.031723
119.24 123.526 0.034275
119.24 123.627 0.026437
119.24 123.729 0.027442
120.263 123.83 0.025365
120.263 123.931 0.025561
120.263 124.032 0.023741
120.263 124.133 0.026902
120.263 124.234 0.024955
120.263 124.336 0.023245
120.263 124.438 0.032144
120.263 124.539 0.026354
120.263 124.641 0.027733
120.263 124.742 0.023874
120.263 124.843 0.027854
120.263 124.945 0.026359
120.263 125.046 0.025753
120.263 125.147 0.026481
120.263 125.249 0.028772
120.263 125.35 0.025965
121.287 125.451 0.023573
121.287 125.553 0.027656
121.287 125.656 0.026763
121.287 125.756 0.029657
121.287 125.857 0.028262
121.287 125.958 0.0283
122.307 126.059 0.025999
122.307 126.16 0.02379
122.307 126.262 0.024318
122.307 126.364 0.029155
122.307 126.465 0.026339
122.307 126.567 0.024501
122.307 126.668 0.026181
122.307 126.769 0.028431
122.307 126.871 0.02813
122.307 126.973 0.026931
123.328 127.074 0.0282
123.328 127.175 0.025066
123.328 127.276 0.023058
123.328 127.378 0.027449
123.328 127.479 0.028415
123.328 127.58 0.026809
123.328 127.682 0.023282
123.328 127.784 0.026297
123.328 127.884 0.026478
123.328 127.985 0.027916
123.328 128.087 0.024283
123.328 128.188 0.027383
124.35 128.289 0.025585
124.35 128.391 0.02776
124.35 128.492 0.024079
124.35 128.593 0.027083
124.35 128.697 0.027393
124.35 128.799 0.034449
124.35 128.902 0.025472
124.35 129.003 0.027885
124.35 129.105 0.027438
124.35 129.206 0.027685
124.35 129.309 0.026821
124.35 129.41 0.027182
125.526 129.511 0.025139
125.526 129.612 0.022783
125.526 129.713 0.026068
125.526 129.819 0.02729
125.526 129.921 0.04519
125.526 130.022 0.023351
125.526 130.123 0.025793
125.526 130.225 0.026572
125.526 130.326 0.028126
125.526 130.429 0.025209
125.526 130.53 0.026093
125.526 130.631 0.025672
125.526 130.736 0.025274
125.526 130.837 0.034145
126.546 130.938 0.027163
126.546 131.039 0.023262
126.546 131.142 0.025829
126.546 131.242 0.026624
126.546 131.344 0.026749
126.546 131.445 0.0234
126.546 131.547 0.02561
126.546 131.648 0.024658
126.546 131.749 0.035645
126.546 131.851 0.028485
126.546 131.952 0.025505
127.566 132.053 0.028747
127.566 132.156 0.024133
127.566 132.257 0.025881
127.566 132.358 0.025374
127.566 132.46 0.024234
127.566 132.562 0.027662
127.566 132.663 0.027021
127.566 132.764 0.027609
127.566 132.865 0.02765
127.566 132.967 0.027692
127.566 133.068 0.027105
127.566 133.17 0.025683
127.566 133.271 0.027857
128.585 133.372 0.027221
128.585 133.473 0.023263
128.585 133.575 0.02662
128.585 133.676 0.0285
128.585 133.778 0.028628
128.585 133.881 0.026242
128.585 133.982 0.028694
128.585 134.083 0.02873
128.585 134.185 0.026175
129.606 134.286 0.026007
129.606 134.387 0.024624
129.606 134.488 0.022906
129.606 134.591 0.025855
129.606 134.693 0.028588
129.606 134.794 0.027654
129.606 134.895 0.026364
129.606 134.997 0.02501
130.626 135.098 0.025293
130.626 135.199 0.022793
130.626 135.301 0.024032
130.626 135.401 0.025566
130.626 135.502 0.025777
130.626 135.603 0.023469
130.626 135.704 0.025309
130.626 135.805 0.025305
130.626 135.906 0.022704
130.626 136.009 0.024052
130.626 136.109 0.024821
130.626 136.21 0.025211
130.626 136.312 0.022705
130.626 136.413 0.02545
130.626 136.514 0.025368
130.626 136.615 0.02276
130.626 136.717 0.023423
130.626 136.818 0.025634
130.626 136.919 0.025453
130.626 137.02 0.022704
130.626 137.123 0.02519
130.626 137.224 0.025436
130.626 137.325 0.02502
130.626 137.426 0.024153
130.626 137.527 0.024953
130.626 137.628 0.024116
130.626 137.729 0.023072
130.626 137.83 0.024378
130.626 137.931 0.025247
130.626 138.034 0.03281
130.626 138.134 0.024117
130.626 138.235 0.026804
130.626 138.336 0.02579
130.626 138.438 0.02856
130.626 138.541 0.026274
130.626 138.642 0.027126
130.626 138.743 0.027513
131.648 138.845 0.02254
131.648 138.946 0.024403
131.648 139.048 0.024311
131.648 139.149 0.026027
131.648 139.25 0.022824
131.648 139.359 0.022768
131.648 139.46 0.025484
131.648 139.561 0.024345
131.648 139.662 0.022803
131.648 139.763 0.024215
131.648 139.864 0.025227
131.648 139.965 0.022579
131.648 140.069 0.023807
131.648 140.17 0.025755
131.648 140.271 0.024602
131.648 140.372 0.02295
131.648 140.473 0.025122
131.648 140.574 0.02458
131.648 140.675 0.025563
131.648 140.777 0.02265
131.648 140.878 0.025758
131.648 140.979 0.025369
131.648 141.081 0.024043
131.648 141.182 0.023065
131.648 141.283 0.025511
131.648 141.384 0.02534
131.648 141.485 0.022659
131.648 141.588 0.023751
131.648 141.689 0.025358
131.648 141.789 0.025356
131.648 141.89 0.022884
131.648 141.991 0.025583
131.648 142.093 0.028675
131.648 142.193 0.025135
131.648 142.295 0.022639
131.648 142.396 0.02541
131.648 142.497 0.025009
131.648 142.598 0.022489
131.648 142.699 0.025222
131.648 142.8 0.025308
131.648 142.901 0.024351
131.648 143.002 0.022629
131.648 143.103 0.025286
131.648 143.204 0.025189
131.648 143.305 0.022386
131.648 143.407 0.023705
131.648 143.508 0.025324
131.648 143.61 0.024589
131.648 143.711 0.023247
131.648 143.812 0.024137
131.648 143.913 0.025394
131.648 144.014 0.025727
131.648 144.116 0.024122
131.648 144.217 0.023848
131.648 144.318 0.023635
131.648 144.419 0.022718
131.648 144.52 0.026136
131.648 144.621 0.025319
131.648 144.722 0.026432
131.648 144.823 0.022477
137.937 144.924 0.024019
137.937 145.025 0.024357
137.937 145.126 0.022676
137.937 145.229 0.023566
137.937 145.33 0.02529
137.937 145.431 0.025619
137.937 145.532 0.022885
137.937 145.634 0.023412
137.937 145.735 0.025293
137.937 145.836 0.02598
137.937 145.937 0.022696
137.937 146.039 0.023922
137.937 146.14 0.02545
137.937 146.241 0.025792
137.937 146.342 0.022567
137.937 146.443 0.025673
137.937 146.544 0.023541
137.937 146.645 0.024663
137.937 146.746 0.022831
137.937 146.847 0.025909
137.937 146.948 0.025244
137.937 147.049 0.024526
137.937 147.151 0.023052
137.937 147.251 0.025484
137.937 147.352 0.025419
137.937 147.453 0.022769
137.937 147.555 0.022623
137.937 147.656 0.025306
137.937 147.757 0.025368
137.937 147.858 0.023211
137.937 147.96 0.024737
137.937 148.061 0.025184
137.937 148.162 0.02515
137.937 148.263 0.022715
137.937 148.364 0.022771
137.937 148.465 0.024553
137.937 148.566 0.024067
137.937 148.667 0.02312
137.937 148.769 0.024005
137.937 148.869 0.024053
137.937 148.97 0.024085
137.937 149.072 0.028805
137.937 149.174 0.023806
137.937 149.274 0.024796
137.937 149.374 0.024257
137.937 149.475 0.022933
137.937 149.576 0.025132
137.937 149.677 0.024696
137.937 149.778 0.024494
137.937 149.879 0.022984
137.937 149.981 0.02461
137.937 150.081 0.025906
137.937 150.182 0.02479
137.937 150.283 0.023557
137.937 150.384 0.024612
137.937 150.485 0.025209
137.937 150.586 0.025374
137.937 150.687 0.02327
137.937 150.788 0.025087
137.937 150.889 0.024506
137.937 150.99 0.024668
137.937 151.091 0.024445
137.937 151.193 0.02478
137.937 151.294 0.024054
137.937 151.395 0.025085
137.937 151.496 0.023988
137.937 151.598 0.024433
137.937 151.699 0.024352
137.937 151.8 0.024389
137.937 151.905 0.022883
137.937 152.008 0.024891
137.937 152.109 0.025229
137.937 152.21 0.024271
137.937 152.311 0.023034
137.937 152.413 0.023251
137.937 152.514 0.025231
137.937 152.615 0.024574
137.937 152.716 0.023179
137.937 152.817 0.025273
137.937 152.918 0.024392
137.937 153.019 0.024771
137.937 153.12 0.023579
137.937 153.222 0.02479
137.937 153.322 0.026885
137.937 153.424 0.027034
137.937 153.525 0.025901
137.937 153.626 0.025138
137.937 153.727 0.02603
137.937 153.829 0.028841
137.937 153.931 0.024358
137.937 154.032 0.028178
137.937 154.133 0.028348
137.937 154.235 0.025369
137.937 154.338 0.026352
137.937 154.439 0.027128
137.937 154.54 0.027548
137.937 154.642 0.029108
143.997 154.744 0.024417
143.997 154.844 0.023987
143.997 154.945 0.024727
143.997 155.047 0.023658
143.997 155.149 0.023615
143.997 155.249 0.026066
143.997 155.35 0.02562
143.997 155.451 0.023317
143.997 155.553 0.023809
143.997 155.654 0.026046
143.997 155.755 0.025774
143.997 155.856 0.023503
143.997 155.957 0.023474
143.997 156.058 0.025724
143.997 156.159 0.025613
143.997 156.26 0.02321
143.997 156.361 0.023798
143.997 156.462 0.023993
143.997 156.563 0.025252
143.997 156.664 0.022854
143.997 156.767 0.024402
143.997 156.868 0.024276
143.997 156.969 0.024967
143.997 157.071 0.023171
143.997 157.173 0.024933
143.997 157.275 0.025562
143.997 157.376 0.025489
143.997 157.477 0.023195
143.997 157.58 0.023619
143.997 157.681 0.025436
143.997 157.782 0.026243
143.997 157.883 0.023384
143.997 157.984 0.023827
143.997 158.085 0.025713
143.997 158.186 0.026017
143.997 158.287 0.023297
143.997 158.389 0.023803
143.997 158.49 0.025489
143.997 158.591 0.025735
143.997 158.692 0.0229
143.997 158.794 0.024878
143.997 158.895 0.025639
143.997 158.996 0.025845
143.997 159.097 0.024586
143.997 159.2 0.02341
143.997 159.301 0.026324
143.997 159.401 0.025621
143.997 159.502 0.023534
143.997 159.606 0.024043
143.997 159.707 0.025732
143.997 159.808 0.025471
143.997 159.909 0.023095
143.997 160.01 0.024033
143.997 160.111 0.02429
143.997 160.212 0.025518
143.997 160.313 0.023439
143.997 160.415 0.023248
143.997 160.515 0.025494
143.997 160.617 0.025818
143.997 160.718 0.022956
143.997 160.82 0.024091
143.997 160.921 0.025828
143.997 161.022 0.025573
143.997 161.123 0.023043
143.997 161.226 0.024651
143.997 161.327 0.025372
143.997 161.428 0.025687
143.997 161.529 0.022845
143.997 161.631 0.021832
143.997 161.732 0.028291
143.997 161.833 0.026388
143.997 161.934 0.023821
143.997 162.036 0.024048
143.997 162.137 0.027209
143.997 162.239 0.027913
143.997 162.34 0.02804
143.997 162.442 0.025969
143.997 162.543 0.028131
143.997 162.645 0.027502
143.997 162.746 0.027733
153.236 162.848 0.023483
153.236 162.949 0.025152
153.236 163.05 0.025443
153.236 163.151 0.024728
153.236 163.252 0.023043
153.236 163.353 0.025612
153.236 163.454 0.024257
153.236 163.555 0.026219
153.236 163.656 0.023258
153.236 163.757 0.025792
153.236 163.858 0.025868
153.236 163.959 0.024052
153.236 164.06 0.022711
153.236 164.161 0.024612
153.236 164.262 0.025017
153.236 164.363 0.025013
153.236 164.465 0.022573
153.236 164.566 0.02535
153.236 164.667 0.025481
153.236 164.768 0.025441
153.236 164.869 0.023065
153.236 164.973 0.023903
153.236 165.074 0.024099
153.236 165.175 0.025753
153.236 165.276 0.024343
153.236 165.378 0.023362
153.236 165.479 0.025677
153.236 165.58 0.025613
153.236 165.681 0.023676
153.236 165.782 0.023104
153.236 165.884 0.025955
153.236 165.985 0.025521
153.236 166.086 0.024716
153.236 166.188 0.023287
153.236 166.289 0.025406
153.236 166.39 0.025505
153.236 166.491 0.025291
153.236 166.593 0.023029
153.236 166.696 0.023835
153.236 166.797 0.025514
153.236 166.898 0.024068
153.236 166.999 0.023038
153.236 167.101 0.023732
153.236 167.202 0.025706
153.236 167.304 0.024379
153.236 167.405 0.022976
153.236 167.506 0.023648
153.236 167.607 0.025655
153.236 167.708 0.025499
153.236 167.809 0.0231
153.236 167.911 0.023729
153.236 168.012 0.025294
153.236 168.114 0.02554
153.236 168.215 0.024297
153.236 168.317 0.023062
153.236 168.418 0.025101
153.236 168.519 0.025146
153.236 168.62 0.025394
153.236 168.721 0.023058
153.236 168.824 0.023976
153.236 168.925 0.025163
153.236 169.027 0.02581
153.236 169.128 0.022643
153.236 169.229 0.022943
153.236 169.33 0.025
153.236 169.431 0.025474
153.236 169.531 0.024179
153.236 169.633 0.023622
153.236 169.734 0.025202
153.236 169.835 0.025332
153.236 169.936 0.032962
153.236 170.037 0.024703
153.236 170.138 0.024652
153.236 170.24 0.024238
153.236 170.341 0.024742
153.236 170.443 0.026245
153.236 170.547 0.02632
153.236 170.648 0.027823
153.236 170.75 0.02869
153.236 170.857 0.027007
161.597 170.958 0.022964
161.597 171.059 0.02681
161.597 171.16 0.025169
161.597 171.262 0.030539
161.597 171.364 0.025417
161.597 171.465 0.028527
161.597 171.567 0.028241
169.966 171.668 0.024465
169.966 171.769 0.024994
169.966 171.87 0.025687
169.966 171.971 0.022919
169.966 172.072 0.026728
169.966 172.173 0.026909
169.966 172.278 0.027913
169.966 172.38 0.025608
169.966 172.481 0.02683
170.995 172.582 0.025219
170.995 172.683 0.022823
170.995 172.786 0.024828
170.995 172.887 0.024363
170.995 172.989 0.026804
170.995 173.09 0.024743
170.995 173.191 0.027625
170.995 173.292 0.024389
170.995 173.394 0.022667
170.995 173.496 0.022892
170.995 173.598 0.026088
170.995 173.699 0.028055
172.014 173.801 0.023081
172.014 173.902 0.025969
172.014 174.003 0.026127
172.014 174.104 0.023259
172.014 174.206 0.023303
172.014 174.307 0.027966
172.014 174.408 0.025679
172.014 174.51 0.023311
172.014 174.611 0.026344
173.037 174.712 0.028913
173.037 174.813 0.022953
173.037 174.916 0.026301
173.037 175.018 0.025283
173.037 175.119 0.02777
173.037 175.221 0.026321
173.037 175.322 0.027219
173.037 175.423 0.027733
173.037 175.525 0.026963
174.056 175.626 0.024886
174.056 175.727 0.025152
174.056 175.83 0.024363
174.056 175.929 0.023366
174.056 176.031 0.025676
174.056 176.132 0.027192
174.056 176.233 0.027949
174.056 176.336 0.02659
174.056 176.437 0.028045
174.056 176.539 0.030321
175.077 176.641 0.025584
175.077 176.741 0.027843
175.077 176.843 0.028271
175.077 176.944 0.02597
175.077 177.045 0.02699
175.077 177.146 0.026191
175.077 177.248 0.028626
175.077 177.349 0.027951
175.077 177.45 0.027851
176.096 177.552 0.022557
176.096 177.653 0.023385
176.096 177.754 0.025285
176.096 177.855 0.025143
176.096 177.957 0.023503
176.096 178.058 0.025442
176.096 178.159 0.026396
176.096 178.261 0.026192
176.096 178.366 0.025891
176.096 178.467 0.027927
176.096 178.569 0.027051
177.117 178.67 0.023273
177.117 178.771 0.025185
177.117 178.873 0.024831
177.117 178.974 0.025422
177.117 179.076 0.027991
177.117 179.177 0.027141
177.117 179.278 0.027458
177.117 179.381 0.033352
177.117 179.483 0.02807
177.117 179.584 0.026366
177.117 179.685 0.025095
178.139 179.786 0.02618
178.139 179.887 0.02426
178.139 179.988 0.023395
178.139 180.09 0.025964
178.139 180.191 0.025675
178.139 180.293 0.024577
178.139 180.394 0.025099
178.139 180.495 0.02613
178.139 180.597 0.024005
179.158 180.698 0.02525
179.158 180.799 0.025629
179.158 180.9 0.022338
179.158 181.003 0.023357
179.158 181.104 0.027096
179.158 181.205 0.023922
179.158 181.306 0.022917
179.158 181.408 0.027404
180.18 181.509 0.02554
180.18 181.61 0.022906
180.18 181.711 0.024082
180.18 181.812 0.031003
180.18 181.913 0.023742
180.18 182.017 0.026075
180.18 182.116 0.026173
180.18 182.218 0.030508
180.18 182.323 0.023807
180.18 182.424 0.031015
180.18 182.525 0.028627
180.18 182.627 0.028233
181.2 182.728 0.026005
181.2 182.829 0.026863
181.2 182.93 0.024624
181.2 183.031 0.024358
181.2 183.133 0.02431
181.2 183.234 0.027507
181.2 183.336 0.034438
181.2 183.437 0.027707
181.2 183.538 0.02641
182.22 183.639 0.022949
182.22 183.741 0.023771
182.22 183.841 0.032716
182.22 183.942 0.024251
182.22 184.044 0.0233
182.22 184.145 0.027497
182.22 184.247 0.026874
182.22 184.348 0.032447
182.22 184.449 0.031273
182.22 184.551 0.024351
183.239 184.652 0.027042
183.239 184.754 0.022776
183.239 184.856 0.025237
183.239 184.957 0.026716
183.239 185.058 0.023455
183.239 185.159 0.029353
183.239 185.26 0.028951
183.239 185.418 0.026806
184.26 185.519 0.024367
184.26 185.621 0.022533
184.26 185.721 0.026338
184.26 185.822 0.025241
184.26 185.923 0.022599
184.26 186.025 0.02535
184.26 186.126 0.025233
184.26 186.227 0.02412
184.26 186.329 0.022982
184.26 186.43 0.025369
184.26 186.531 0.024454
184.26 186.632 0.02282
184.26 186.733 0.025261
184.26 186.834 0.025059
184.26 186.935 0.022666
184.26 187.036 0.025536
184.26 187.137 0.024832
184.26 187.238 0.02263
184.26 187.34 0.024023
184.26 187.44 0.025366
184.26 187.541 0.024344
184.26 187.642 0.023252
184.26 187.743 0.025644
184.26 187.843 0.025096
184.26 187.945 0.022604
184.26 188.046 0.025018
184.26 188.147 0.025739
184.26 188.248 0.022948
184.26 188.349 0.02533
184.26 188.45 0.025054
184.26 188.551 0.022701
184.26 188.652 0.025273
184.26 188.753 0.025032
184.26 188.854 0.022719
184.26 188.955 0.023385
184.26 189.056 0.025747
184.26 189.157 0.024543
184.26 189.258 0.022832
184.26 189.359 0.02508
184.26 189.46 0.024413
184.26 189.561 0.023066
184.26 189.663 0.024754
184.26 189.771 0.026128
184.26 189.872 0.025591
184.26 189.973 0.02565
184.26 190.074 0.026023
184.26 190.176 0.027173
184.26 190.277 0.027315
184.26 190.378 0.022746
184.26 190.48 0.025613
184.26 190.581 0.026665
184.26 190.683 0.022988
184.26 190.784 0.032868
184.26 190.89 0.02788
184.26 190.992 0.027099
184.26 191.093 0.026565
184.26 191.194 0.027934
184.26 191.296 0.025966
185.28 191.397 0.022653
185.28 191.498 0.025689
185.28 191.6 0.027329
185.28 191.701 0.026199
185.28 191.803 0.034733
185.28 191.904 0.026011
185.28 192.005 0.024184
185.28 192.107 0.022795
185.28 192.208 0.024331
185.28 192.309 0.024891
189.669 192.414 0.025256
189.669 192.515 0.022456
189.669 192.617 0.024468
189.669 192.718 0.02421
189.669 192.819 0.029971
189.669 192.922 0.022859
189.669 193.023 0.024589
190.688 193.124 0.02438
190.688 193.226 0.02326
190.688 193.327 0.024176
190.688 193.431 0.024199
190.688 193.532 0.024364
190.688 193.633 0.022545
190.688 193.735 0.024553
190.688 193.836 0.030739
190.688 193.937 0.022921
190.688 194.038 0.027003
190.688 194.139 0.024124
190.688 194.24 0.022509
190.688 194.342 0.024864
191.708 194.442 0.026537
191.708 194.544 0.02531
191.708 194.645 0.022865
191.708 194.746 0.024569
191.708 194.848 0.031348
191.708 194.949 0.024361
191.708 195.05 0.023347
191.708 195.151 0.024736
191.708 195.253 0.024073
191.708 195.354 0.022759
192.731 195.455 0.024217
192.731 195.557 0.024083
192.731 195.658 0.025428
192.731 195.759 0.023221
192.731 195.86 0.039872
192.731 195.961 0.031935
192.731 196.062 0.022687
192.731 196.164 0.027364
192.731 196.265 0.024268
193.753 196.366 0.023225
193.753 196.469 0.023639
193.753 196.57 0.026642
193.753 196.672 0.029272
193.753 196.773 0.022973
193.753 196.875 0.025926
193.753 196.976 0.024199
193.753 197.077 0.027973
193.753 197.179 0.027079
194.773 197.279 0.02449
194.773 197.381 0.02452
194.773 197.482 0.022668
194.773 197.583 0.024894
194.773 197.684 0.027945
194.773 197.785 0.027565
194.773 197.887 0.025771
194.773 197.988 0.028337
194.773 198.09 0.028596
194.773 198.191 0.025991
194.773 198.293 0.024216
195.794 198.394 0.024314
195.794 198.495 0.023962
195.794 198.596 0.02291
195.794 198.697 0.024604
195.794 198.798 0.024625
195.794 198.899 0.022661
195.794 199 0.024813
195.794 199.102 0.027033
195.794 199.204 0.025774
195.794 199.305 0.022857
195.794 199.406 0.025754
195.794 199.508 0.026748
195.794 199.609 0.022617
196.814 199.71 0.02645
196.814 199.813 0.025622
196.814 199.917 0.026473
196.814 200.019 0.023422
196.814 200.12 0.026209
196.814 200.222 0.024179
196.814 200.323 0.025626
196.814 200.425 0.024573
197.834 200.526 0.026319
197.834 200.627 0.024569
197.834 200.728 0.02463
197.834 200.829 0.024352
197.834 200.931 0.025688
197.834 201.032 0.036254
197.834 201.134 0.028743
197.834 201.235 0.027862
197.834 201.336 0.022839
197.834 201.438 0.023838
197.834 201.539 0.026437
197.834 201.641 0.024433
198.855 201.742 0.02433
198.855 201.843 0.0242
198.855 201.945 0.02628
198.855 202.046 0.035626
198.855 202.149 0.027005
198.855 202.25 0.027694
198.855 202.352 0.028028
198.855 202.453 0.028425
198.855 202.554 0.027922
198.855 202.656 0.028819
198.855 202.757 0.027463
199.876 202.858 0.023489
199.876 202.96 0.02662
199.876 203.061 0.032193
199.876 203.162 0.029609
199.876 203.265 0.02708
199.876 203.366 0.027534
199.876 203.468 0.028809
199.876 203.569 0.025049
199.876 203.671 0.025929
199.876 203.772 0.026076
200.896 203.873 0.024652
200.896 203.975 0.024373
200.896 204.076 0.032904
200.896 204.177 0.029351
200.896 204.278 0.027214
200.896 204.379 0.028058
200.896 204.481 0.027169
200.896 204.582 0.030497
200.896 204.683 0.023513
200.896 204.784 0.030512
201.92 204.885 0.024491
201.92 204.987 0.022506
201.92 205.088 0.026789
201.92 205.189 0.026737
201.92 205.29 0.026201
201.92 205.391 0.02628
201.92 205.493 0.027403
201.92 205.594 0.02983
201.92 205.695 0.022754
201.92 205.796 0.025958
202.942 205.897 0.02513
202.942 205.998 0.022565
202.942 206.1 0.029185
202.942 206.201 0.024682
202.942 206.303 0.026586
202.942 206.404 0.023224
202.942 206.506 0.024402
202.942 206.607 0.02455
202.942 206.708 0.024613
202.942 206.81 0.023953
202.942 206.911 0.025092
203.963 207.012 0.026025
203.963 207.113 0.031134
203.963 207.215 0.024931
203.963 207.316 0.024724
203.963 207.417 0.026983
203.963 207.519 0.026625
204.984 207.62 0.025689
204.984 207.721 0.024851
204.984 207.823 0.023643
204.984 207.924 0.02402
204.984 208.025 0.026777
204.984 208.127 0.030972
204.984 208.228 0.024084
204.984 208.33 0.024796
206.004 208.431 0.030077
206.004 208.533 0.023007
206.004 208.634 0.024542
206.004 208.736 0.026185
206.004 208.837 0.026464
206.004 208.939 0.023361
206.004 209.04 0.026547
206.004 209.141 0.032608
206.004 209.243 0.023477
207.026 209.344 0.025623
207.026 209.445 0.025467
207.026 209.545 0.028941
207.026 209.647 0.026595
207.026 209.748 0.027977
207.026 209.849 0.027884
208.046 209.951 0.0237
208.046 210.052 0.024941
208.046 210.153 0.026599
208.046 210.254 0.025912
208.046 210.356 0.025312
208.046 210.457 0.024831
208.046 210.558 0.024032
208.046 210.66 0.022666
208.046 210.761 0.025819
208.046 210.862 0.02579
208.046 210.964 0.022842
208.046 211.066 0.023369
208.046 211.167 0.026544
208.046 211.268 0.028047
209.066 211.37 0.02348
209.066 211.471 0.025022
209.066 211.573 0.027149
209.066 211.674 0.022392
209.066 211.775 0.022817
209.066 211.876 0.024219
209.066 211.977 0.025736
209.066 212.079 0.02249
209.066 212.18 0.024721
209.066 212.282 0.026005
210.086 212.383 0.022733
210.086 212.485 0.024045
210.086 212.586 0.027863
210.086 212.688 0.027597
210.086 212.789 0.026429
210.086 212.89 0.027914
210.086 212.992 0.027371
210.086 213.093 0.027869
210.086 213.195 0.025422
211.106 213.296 0.025272
211.106 213.397 0.027321
211.106 213.499 0.022528
211.106 213.6 0.024448
211.106 213.701 0.024261
211.106 213.803 0.0282
211.106 213.904 0.023161
211.106 214.006 0.024585
212.128 214.107 0.026064
212.128 214.208 0.023221
212.128 214.316 0.024911
212.128 214.417 0.025499
212.128 214.518 0.025906
212.128 214.619 0.024077
213.151 214.72 0.025494
213.151 214.822 0.025247
213.151 214.923 0.030151
213.151 215.025 0.023389
213.151 215.126 0.026095
213.151 215.228 0.024135
213.151 215.335 0.024371
213.151 215.437 0.02266
213.151 215.539 0.028175
213.151 215.64 0.02396
214.172 215.741 0.022777
214.172 215.844 0.022909
214.172 215.945 0.025658
214.172 216.046 0.025407
214.172 216.147 0.022694
214.172 216.249 0.024895
214.172 216.357 0.025264
214.172 216.458 0.026558
214.172 216.559 0.022896
214.172 216.66 0.024156
215.192 216.761 0.024573
215.192 216.862 0.024163
215.192 216.963 0.022592
215.192 217.065 0.0245
215.192 217.166 0.024622
215.192 217.267 0.022871
215.192 217.368 0.030674
215.192 217.47 0.026752
215.192 217.571 0.024564
216.215 217.672 0.022653
216.215 217.773 0.026772
216.215 217.874 0.024676
216.215 217.975 0.023827
216.215 218.076 0.024652
216.215 218.177 0.02454
216.215 218.278 0.0243
216.215 218.38 0.033601
216.215 218.481 0.028035
216.215 218.582 0.028061
216.215 218.683 0.025698
216.215 218.784 0.024507
216.215 218.885 0.024634
217.236 218.987 0.023255
217.236 219.089 0.022719
217.236 219.19 0.02684
217.236 219.292 0.025663
217.236 219.393 0.029123
217.236 219.494 0.024755
217.236 219.595 0.024371
217.236 219.697 0.023594
217.236 219.798 0.024064
218.256 219.899 0.025566
218.256 220 0.024242
218.256 220.101 0.023364
218.256 220.202 0.026138
218.256 220.304 0.027289
218.256 220.404 0.03196
218.256 220.505 0.027904
218.256 220.606 0.027705
218.256 220.707 0.022474
218.256 220.809 0.022887
218.256 220.91 0.024494
219.278 221.011 0.024565
219.278 221.112 0.022989
219.278 221.213 0.025194
219.278 221.314 0.02794
219.278 221.422 0.024784
219.278 221.518 0.023065
219.278 221.617 0.027071
219.278 221.718 0.023984
219.278 221.819 0.022955
219.278 221.92 0.024213
220.299 222.021 0.024707
220.299 222.123 0.02309
220.299 222.225 0.024123
220.299 222.326 0.028134
220.299 222.427 0.034394
220.299 222.528 0.02323
220.299 222.629 0.024378
220.299 222.731 0.024777
220.299 222.832 0.023434
220.299 222.933 0.025088
220.299 223.034 0.028445
221.32 223.135 0.022674
221.32 223.237 0.022909
221.32 223.338 0.028952
221.32 223.441 0.030509
221.32 223.542 0.024931
221.32 223.645 0.022641
221.32 223.746 0.025785
221.32 223.846 0.027872
221.32 223.948 0.026506
221.32 224.049 0.027158
221.32 224.15 0.025189
221.32 224.251 0.026488
221.32 224.353 0.025407
222.34 224.454 0.034158
222.34 224.555 0.024805
222.34 224.656 0.02326
222.34 224.757 0.027769
222.34 224.858 0.027518
222.34 224.959 0.02468
222.34 225.062 0.023884
222.34 225.163 0.028656
222.34 225.264 0.026938
222.34 225.365 0.02604
223.361 225.466 0.027324
223.361 225.567 0.028699
223.361 225.668 0.022551
223.361 225.769 0.024327
223.361 225.87 0.024364
223.361 225.971 0.024474
223.361 226.073 0.023415
223.361 226.174 0.024556
223.361 226.275 0.024561
223.361 226.377 0.023614
223.361 226.479 0.024927
223.361 226.581 0.024576
223.361 226.682 0.024735
224.381 226.783 0.023166
224.381 226.884 0.024242
224.381 226.986 0.024145
224.381 227.087 0.023136
224.381 227.189 0.024428
224.381 227.29 0.025319
224.381 227.391 0.024911
225.402 227.492 0.022771
225.402 227.594 0.025168
225.402 227.695 0.024838
225.402 227.796 0.023288
225.402 227.897 0.022511
225.402 227.998 0.024554
225.402 228.1 0.026251
225.402 228.201 0.022617
225.402 228.302 0.027871
225.402 228.403 0.027772
225.402 228.504 0.026808
225.402 228.605 0.026647
226.422 228.706 0.026544
226.422 228.807 0.025041
226.422 228.908 0.025212
226.422 229.009 0.024141
226.422 229.111 0.024375
226.422 229.212 0.023038
226.422 229.314 0.024018
226.422 229.415 0.024298
226.422 229.516 0.024164
226.422 229.617 0.022732
226.422 229.719 0.024778
227.441 229.82 0.026393
227.441 229.921 0.024358
227.441 230.024 0.02308
227.441 230.125 0.024375
227.441 230.226 0.02463
227.441 230.328 0.022868
227.441 230.429 0.024233
227.441 230.53 0.024803
227.441 230.632 0.026091
228.462 230.733 0.022274
228.462 230.834 0.026494
228.462 230.935 0.02505
228.462 231.036 0.023046
228.462 231.137 0.025661
228.462 231.238 0.025539
228.462 231.339 0.02447
228.462 231.44 0.023405
228.462 231.541 0.024221
228.462 231.642 0.025034
228.462 231.743 0.022819
228.462 231.844 0.025236
228.462 231.945 0.024447
228.462 232.046 0.024365
228.462 232.148 0.023919
228.462 232.249 0.024734
228.462 232.35 0.02484
228.462 232.451 0.022948
228.462 232.553 0.023083
228.462 232.654 0.024426
228.462 232.755 0.025579
228.462 232.856 0.023195
228.462 232.957 0.024328
228.462 233.058 0.024566
228.462 233.159 0.024531
228.462 233.26 0.023593
228.462 233.361 0.025228
228.462 233.462 0.025675
228.462 233.563 0.022983
228.462 233.666 0.023605
228.462 233.767 0.024186
228.462 233.868 0.024309
228.462 233.969 0.023444
228.462 234.07 0.024704
228.462 234.171 0.024242
228.462 234.272 0.024118
228.462 234.373 0.023113
228.462 234.474 0.024606
228.462 234.575 0.024653
228.462 234.676 0.02305
228.462 234.777 0.025379
228.462 234.878 0.025242
228.462 234.979 0.024238
228.462 235.08 0.023042
228.462 235.181 0.024665
228.462 235.282 0.02414
228.462 235.383 0.022819
228.462 235.484 0.023463
228.462 235.586 0.024418
228.462 235.687 0.025128
228.462 235.788 0.022975
228.462 235.889 0.025823
228.462 235.99 0.024637
228.462 236.09 0.022926
228.462 236.192 0.023123
228.462 236.3 0.025182
228.462 236.394 0.027451
228.462 236.495 0.024073
228.462 236.597 0.026149
228.462 236.698 0.025271
228.462 236.799 0.023088
228.462 236.901 0.024655
228.462 237.002 0.02466
228.462 237.104 0.024315
228.462 237.205 0.023319
228.462 237.306 0.027431
228.462 237.413 0.02729
228.462 237.515 0.027873
228.462 237.616 0.026236
228.462 237.718 0.028052
228.462 237.819 0.026927
228.462 237.92 0.026448
228.462 238.022 0.02587
228.462 238.123 0.026658
229.482 238.224 0.024618
229.482 238.326 0.023141
229.482 238.427 0.025895
229.482 238.528 0.027594
229.482 238.63 0.027182
229.482 238.731 0.025923
229.482 238.832 0.02723
236.292 238.934 0.025368
236.292 239.035 0.022989
236.292 239.135 0.025595
236.292 239.236 0.025186
236.292 239.338 0.023142
236.292 239.439 0.024087
236.292 239.54 0.025121
236.292 239.642 0.023969
236.292 239.743 0.022709
236.292 239.844 0.023787
236.292 239.945 0.023925
236.292 240.046 0.02444
236.292 240.147 0.02333
236.292 240.248 0.024748
236.292 240.349 0.024357
236.292 240.45 0.022915
236.292 240.552 0.024876
236.292 240.653 0.024691
236.292 240.754 0.024644
236.292 240.856 0.023138
236.292 240.957 0.025284
236.292 241.058 0.024499
236.292 241.159 0.0227
236.292 241.26 0.024833
236.292 241.362 0.024604
236.292 241.463 0.024666
236.292 241.564 0.023289
236.292 241.665 0.025464
236.292 241.766 0.024814
236.292 241.867 0.022915
236.292 241.969 0.022434
236.292 242.07 0.025024
236.292 242.171 0.024265
236.292 242.272 0.022354
236.292 242.373 0.024691
236.292 242.474 0.025093
236.292 242.575 0.022495
236.292 242.677 0.023473
236.292 242.778 0.024364
236.292 242.879 0.024285
236.292 242.98 0.022967
236.292 243.082 0.024118
236.292 243.183 0.024739
236.292 243.284 0.024402
236.292 243.385 0.023258
236.292 243.486 0.024062
236.292 243.588 0.024205
236.292 243.689 0.022614
236.292 243.79 0.025251
236.292 243.891 0.030698
236.292 243.992 0.022327
236.292 244.094 0.031049
236.292 244.195 0.024157
236.292 244.296 0.0245
236.292 244.397 0.023299
236.292 244.499 0.025385
236.292 244.6 0.024186
236.292 244.701 0.027072
236.292 244.802 0.022518
236.292 244.903 0.028183
236.292 245.004 0.026646
236.292 245.105 0.02571
237.311 245.206 0.025299
237.311 245.308 0.024891
237.311 245.409 0.025117
237.311 245.51 0.026221
237.311 245.612 0.025249
237.311 245.713 0.025103
237.311 245.814 0.022801
237.311 245.916 0.025979
237.311 246.018 0.027639
243.914 246.119 0.025464
243.914 246.22 0.022586
243.914 246.321 0.025199
243.914 246.422 0.025031
243.914 246.523 0.024307
243.914 246.625 0.02295
243.914 246.725 0.025779
243.914 246.826 0.025097
243.914 246.927 0.022737
243.914 247.03 0.024271
243.914 247.131 0.025043
243.914 247.232 0.024964
243.914 247.333 0.022526
243.914 247.434 0.024112
243.914 247.535 0.024133
243.914 247.636 0.022733
243.914 247.737 0.022788
243.914 247.838 0.024648
243.914 247.939 0.024515
243.914 248.041 0.024251
243.914 248.141 0.025249
243.914 248.243 0.024694
243.914 248.344 0.023528
243.914 248.446 0.023674
243.914 248.548 0.025545
243.914 248.649 0.024367
243.914 248.75 0.02345
243.914 248.851 0.025154
243.914 248.952 0.025289
243.914 249.053 0.022926
243.914 249.154 0.023676
243.914 249.255 0.024294
243.914 249.356 0.024315
243.914 249.458 0.022792
243.914 249.558 0.02467
243.914 249.659 0.024568
243.914 249.761 0.024837
243.914 249.862 0.02283
243.914 249.963 0.024167
243.914 250.064 0.029025
243.914 250.165 0.023461
243.914 250.267 0.023631
243.914 250.368 0.024337
243.914 250.469 0.024129
243.914 250.57 0.022966
243.914 250.671 0.024558
243.914 250.772 0.024609
243.914 250.873 0.022832
243.914 250.975 0.023503
243.914 251.076 0.024475
243.914 251.177 0.024384
243.914 251.278 0.023654
243.914 251.383 0.022966
243.914 251.484 0.025893
243.914 251.585 0.026818
243.914 251.686 0.023348
243.914 251.788 0.026591
243.914 251.889 0.028092
243.914 251.99 0.023872
243.914 252.092 0.024533
243.914 252.193 0.02773
243.914 252.294 0.028265
244.934 252.395 0.023248
244.934 252.497 0.025041
244.934 252.598 0.024458
244.934 252.699 0.023199
244.934 252.802 0.025857
244.934 252.903 0.025848
244.934 253.005 0.025469
244.934 253.106 0.023751
244.934 253.207 0.024377
244.934 253.309 0.025542
244.934 253.41 0.022984
244.934 253.513 0.023484
244.934 253.614 0.024934
244.934 253.715 0.025308
244.934 253.817 0.023369
244.934 253.918 0.025315
244.934 254.02 0.025173
251.34 254.12 0.022386
251.34 254.223 0.022497
251.34 254.325 0.024907
251.34 254.426 0.023947
251.34 254.527 0.021976
251.34 254.628 0.024214
251.34 254.729 0.024932
251.34 254.831 0.02379
251.34 254.934 0.023666
251.34 255.034 0.024746
251.34 255.135 0.024949
251.34 255.237 0.023716
251.34 255.338 0.024999
251.34 255.439 0.024631
251.34 255.54 0.022985
251.34 255.641 0.024565
251.34 255.742 0.025254
251.34 255.844 0.025267
251.34 255.944 0.02237
251.34 256.046 0.02422
251.34 256.147 0.024366
251.34 256.248 0.024362
251.34 256.349 0.022892
251.34 256.451 0.023746
251.34 256.552 0.024087
251.34 256.653 0.02268
251.34 256.757 0.024069
251.34 256.858 0.025062
251.34 256.959 0.024763
251.34 257.06 0.023406
251.34 257.161 0.025579
251.34 257.262 0.025146
251.34 257.363 0.022656
251.34 257.465 0.023446
251.34 257.566 0.02488
251.34 257.667 0.024211
251.34 257.769 0.02411
251.34 257.87 0.02435
251.34 257.972 0.024332
251.34 258.073 0.02296
251.34 258.174 0.022826
251.34 258.275 0.024319
251.34 258.376 0.024897
251.34 258.477 0.022725
251.34 258.58 0.023563
251.34 258.681 0.025246
251.34 258.782 0.024412
251.34 258.883 0.022284
251.34 258.984 0.024938
251.34 259.085 0.024682
251.34 259.187 0.023632
251.34 259.288 0.024622
251.34 259.389 0.024495
251.34 259.49 0.02462
251.34 259.591 0.023456
251.34 259.693 0.024722
252.376 259.794 0.02534
252.376 259.895 0.022946
252.376 259.996 0.024682
252.376 260.097 0.025502
252.376 260.2 0.029808
252.376 260.303 0.027109
252.376 260.404 0.027563
252.376 260.505 0.02942
258.758 260.606 0.024786
258.758 260.707 0.026391
258.758 260.81 0.031314
258.758 260.912 0.02446
258.758 261.019 0.023859
258.758 261.121 0.025696
258.758 261.222 0.027142
258.758 261.327 0.024015
258.758 261.428 0.024802
258.758 261.529 0.02516
258.758 261.63 0.024984
258.758 261.734 0.025394
258.758 261.835 0.026776
258.758 261.937 0.028722
258.758 262.037 0.022824
259.778 262.138 0.028348
259.778 262.239 0.027676
259.778 262.341 0.023379
259.778 262.442 0.026333
259.778 262.543 0.025733
259.778 262.644 0.032681
259.778 262.745 0.025857
259.778 262.846 0.026106
259.778 262.948 0.025257
259.778 263.049 0.023673
260.797 263.151 0.024834
260.797 263.252 0.024624
260.797 263.353 0.026817
260.797 263.454 0.027146
260.797 263.555 0.027038
260.797 263.656 0.024557
260.797 263.757 0.025303
260.797 263.859 0.025006
260.797 263.964 0.024772
260.797 264.065 0.023379
261.816 264.166 0.024606
261.816 264.268 0.028526
261.816 264.369 0.025195
261.816 264.47 0.024918
261.816 264.571 0.02623
261.816 264.672 0.025171
261.816 264.774 0.026581
262.837 264.875 0.0247
262.837 264.976 0.025321
262.837 265.081 0.023674
262.837 265.182 0.024944
262.837 265.284 0.024282
262.837 265.385 0.022925
262.837 265.486 0.02463
262.837 265.587 0.024304
262.837 265.688 0.023014
262.837 265.79 0.02315
262.837 265.89 0.024644
262.837 265.991 0.024572
262.837 266.093 0.023141
262.837 266.194 0.024554
262.837 266.295 0.024054
262.837 266.396 0.02256
262.837 266.498 0.022787
262.837 266.598 0.02456
