108.268 1.73387 0.022336 1.56861 0.15536
110.026 0.246416 0.026229 0.107725 0.133837
111.053 0.186358 0.022284 0.077476 0.106021
112.077 0.170204 0.025976 0.065609 0.10183
113.104 0.158585 0.022745 0.06155 0.094218
114.128 0.159175 0.021001 0.059203 0.097324
115.15 0.164684 0.020815 0.058295 0.103657
116.172 0.164346 0.021868 0.064204 0.09735
117.195 0.16461 0.02194 0.065196 0.096642
118.218 0.15626 0.021268 0.062271 0.091214
119.24 0.154543 0.021594 0.063689 0.088074
120.263 0.271131 0.022716 0.062034 0.206387
121.287 0.24815 0.019536 0.068296 0.177162
122.307 0.240583 0.019645 0.057191 0.1806
123.328 0.235061 0.019894 0.063436 0.168926
124.35 1.15351 0.021838 0.060307 1.09044
125.526 0.223695 0.017925 0.063443 0.157584
126.546 0.227224 0.019557 0.061904 0.16262
127.566 0.225988 0.017927 0.057584 0.165813
128.585 0.229445 0.018935 0.058841 0.167995
129.606 0.22607 0.019055 0.055782 0.16767
130.626 0.236819 0.020872 0.059232 0.174997
131.648 6.26787 0.019516 0.064655 6.20061
137.937 6.03729 0.02135 0.059481 5.97521
143.997 9.21712 0.020592 0.116506 9.09805
153.236 8.34195 0.017944 0.115925 8.2234
161.597 8.35005 0.018276 0.136275 8.21119
169.966 0.901383 0.016171 0.114928 0.783847
170.995 0.829524 0.017623 0.058004 0.768943
172.014 0.226311 0.02146 0.058384 0.165311
173.037 0.231165 0.018336 0.064253 0.164309
174.056 0.215795 0.019057 0.056078 0.157117
175.077 0.731966 0.018133 0.058923 0.670437
176.096 0.239519 0.019336 0.057882 0.17904
177.117 0.702426 0.020942 0.056832 0.642998
178.139 0.236874 0.018166 0.055826 0.178429
179.158 0.237524 0.018865 0.062011 0.172933
180.18 0.21583 0.019018 0.057708 0.155474
181.2 0.635226 0.018371 0.058511 0.574135
182.22 0.591988 0.018306 0.056314 0.533095
183.239 0.635684 0.020319 0.059971 0.573115
184.26 0.210404 0.018717 0.060849 0.146935
185.28 4.36988 0.016987 0.05907 4.30824
189.669 0.138259 0.018203 0.055757 0.079886
190.688 0.136414 0.018296 0.05751 0.076299
191.708 0.135002 0.02236 0.056341 0.076045
192.731 0.136046 0.020421 0.057347 0.075958
193.753 0.136261 0.01868 0.056574 0.077051
194.773 0.128855 0.019833 0.056413 0.069865
195.794 0.134049 0.019287 0.05455 0.076942
196.814 0.134606 0.018615 0.057339 0.074679
197.834 0.132622 0.019463 0.057544 0.072447
198.855 0.133637 0.019954 0.055795 0.075253
199.876 0.135275 0.018429 0.058968 0.073664
200.896 0.137466 0.022763 0.058128 0.07671
201.92 0.134456 0.021312 0.05774 0.074096
202.942 0.13696 0.018835 0.055778 0.078585
203.963 0.134381 0.020109 0.057437 0.074344
204.984 0.13554 0.01863 0.055497 0.077471
206.004 0.132942 0.020826 0.056084 0.074272
207.026 0.135445 0.018761 0.054901 0.077962
208.046 0.133353 0.018369 0.056651 0.074138
209.066 0.133605 0.018885 0.05802 0.072874
210.086 0.131384 0.019315 0.056745 0.072077
211.106 0.135037 0.020541 0.05571 0.076719
212.128 0.137499 0.021107 0.058668 0.07623
213.151 0.133266 0.020219 0.057427 0.073247
214.172 0.140356 0.018551 0.058633 0.07901
215.192 0.133266 0.021746 0.057218 0.073417
216.215 0.136383 0.019225 0.054434 0.079323
217.236 0.138808 0.01932 0.056731 0.07948
218.256 0.133693 0.021185 0.05578 0.075339
219.278 0.135044 0.019605 0.0537 0.078744
220.299 0.131701 0.019742 0.055066 0.074036
221.32 0.133504 0.019155 0.056051 0.07486
222.34 0.134687 0.020169 0.054999 0.077128
223.361 0.135013 0.018437 0.055999 0.076414
224.381 0.132178 0.020549 0.055361 0.074256
225.402 0.134984 0.018301 0.057133 0.075321
226.422 0.138782 0.01792 0.05765 0.078333
227.441 0.137392 0.019306 0.055207 0.079615
228.462 0.139146 0.0191 0.054886 0.081692
229.482 6.78828 0.020421 0.05632 6.72937
236.292 0.173991 0.017059 0.093233 0.078181
237.311 6.58474 0.017743 0.057616 6.52456
243.914 0.186689 0.017953 0.109315 0.074813
244.934 6.38518 0.020355 0.060847 6.32161
251.34 0.209976 0.018119 0.097799 0.109574
252.376 6.3618 0.01942 0.05647 6.30272
258.758 0.220424 0.018186 0.057032 0.160837
259.778 0.514589 0.017861 0.057643 0.454344
260.797 0.538868 0.018278 0.063016 0.473196
261.816 0.842172 0.019064 0.064974 0.7746
262.837 0.812475 0.018491 0.064803 0.744974
263.856 7.08581 0.01828 0.062274 7.02083
270.961 0.728547 0.017517 0.112294 0.613656
271.98 0.82318 0.01951 0.069856 0.750723
273.001 0.806013 0.019346 0.065137 0.738008
274.021 7.61201 0.01792 0.066533 7.54283
281.653 8.40121 0.019254 0.109076 8.2895
290.074 8.18793 0.018118 0.172695 8.01268
298.281 0.812591 0.017254 0.146706 0.66329
299.3 5.28902 0.017649 0.067724 5.21864
304.608 0.798551 0.018154 0.061977 0.733922
305.627 0.769967 0.0174 0.064272 0.70301
306.649 6.89783 0.019801 0.062568 6.83249
313.567 4.93624 0.018005 0.130036 4.80365
318.523 0.800889 0.017693 0.068197 0.730153
319.542 0.739761 0.018546 0.063788 0.673396
320.561 0.991466 0.020868 0.062454 0.926225
321.583 0.923807 0.018227 0.062947 0.858272
322.603 6.51746 0.01783 0.060383 6.45451
329.139 6.02614 0.017882 0.059815 5.96368
335.184 4.6185 0.017292 0.062462 4.55329
339.821 6.20074 0.017714 0.053787 6.14438
346.041 6.73621 0.019238 0.058535 6.67505
352.797 7.0149 0.017915 0.105533 6.90675
359.833 1.38618 0.017543 0.067254 1.31633
361.238 7.27167 0.01917 0.055844 7.21325
368.53 0.186955 0.017866 0.110572 0.073697
369.548 0.139935 0.017703 0.061259 0.076069
370.567 7.04552 0.01913 0.057527 6.98537
377.633 6.12582 0.01848 0.101894 6.0199
383.779 0.136383 0.017225 0.058944 0.074851
384.797 0.653875 0.017726 0.059473 0.591822
385.816 0.132022 0.017729 0.055143 0.074325
386.834 0.144832 0.0178 0.057708 0.084554
387.853 5.35585 0.01931 0.054624 5.29865
393.23 6.58804 0.017205 0.056567 6.5289
399.836 6.25485 0.017128 0.061479 6.19082
406.109 0.13845 0.017409 0.060139 0.07572
407.127 0.139846 0.017626 0.057567 0.079733
408.146 0.228369 0.019543 0.054038 0.171748
409.172 0.173877 0.017185 0.05378 0.117515
410.19 0.17149 0.018763 0.055314 0.113618
411.212 0.171471 0.01867 0.058851 0.110013
412.231 0.174778 0.018188 0.057413 0.114787
413.251 0.184236 0.020024 0.061494 0.12012
414.272 0.181863 0.022797 0.061749 0.117361
415.297 0.186364 0.017908 0.059614 0.124117
416.317 0.172301 0.01768 0.056503 0.113187
417.337 0.184757 0.018723 0.063015 0.119161
418.361 0.177748 0.017405 0.057711 0.11743
419.38 0.175139 0.025575 0.056708 0.115869
420.406 0.176309 0.01913 0.056704 0.117029
421.426 0.170149 0.018611 0.051283 0.116212
422.446 0.173902 0.020224 0.054068 0.117195
423.468 0.177756 0.020551 0.054963 0.120209
424.495 0.176068 0.019698 0.054003 0.119465
425.516 0.178888 0.01848 0.052004 0.124259
426.536 0.175394 0.018996 0.05245 0.120349
427.556 0.176816 0.017568 0.054941 0.119283
428.575 0.174507 0.01862 0.053105 0.118806
429.595 0.169588 0.017931 0.051709 0.115331
430.614 0.170561 0.018151 0.053837 0.114154
431.633 0.17031 0.018847 0.055124 0.112629
432.653 0.16654 0.018196 0.051973 0.111977
433.673 0.175796 0.020419 0.057108 0.116134
434.695 0.176401 0.019986 0.053873 0.119921
435.716 0.17451 0.019818 0.053924 0.117996
436.741 0.180902 0.019226 0.056917 0.121428
437.761 3.51744 0.019255 0.057863 3.45702
441.299 3.66978 0.01892 0.052701 3.61445
444.989 8.25533 0.017507 0.053289 8.19924
453.263 3.65373 0.01729 0.109338 3.54182
456.935 0.663145 0.018384 0.055123 0.605316
457.955 4.07143 0.018311 0.05682 4.01203
462.045 6.79753 0.018888 0.052729 6.7421
468.863 3.42008 0.017283 0.054671 3.36285
472.301 1.41563 0.021337 0.05314 1.35988
473.739 0.124969 0.01757 0.050355 0.072029
474.758 3.80342 0.019492 0.053068 3.74778
478.582 3.07659 0.018465 0.052034 3.02199
481.678 0.685071 0.016633 0.051535 0.63094
482.696 0.170978 0.016921 0.053069 0.115362
483.714 0.171478 0.017865 0.054505 0.114398
484.734 0.168818 0.016944 0.053489 0.112737
485.752 0.162125 0.01733 0.051788 0.107783
486.77 0.169208 0.018924 0.056209 0.110101
487.79 0.165639 0.017753 0.054999 0.108058
488.809 0.16226 0.018574 0.053609 0.106033
489.829 0.165779 0.020118 0.053065 0.110156
490.85 0.217275 0.028988 0.058133 0.153812
491.881 0.229311 0.030462 0.055448 0.169224
492.912 0.167075 0.018546 0.053371 0.111101
493.932 0.156821 0.018676 0.052103 0.102129
494.952 0.161293 0.018377 0.056014 0.102526
495.972 0.163722 0.019511 0.052504 0.108618
496.993 0.169016 0.019134 0.054575 0.11183
498.284 0.168383 0.017622 0.054369 0.111381
499.302 0.238459 0.023151 0.053157 0.180929
500.327 0.176308 0.020005 0.052308 0.121377
501.348 0.178439 0.018268 0.050914 0.124911
502.495 0.179406 0.019257 0.052785 0.124031
503.516 0.215592 0.022462 0.047564 0.164825
504.54 0.627281 0.020867 0.046503 0.577864
505.562 0.233964 0.017062 0.051737 0.179538
506.58 0.191979 0.019154 0.05607 0.133326
507.6 0.195119 0.017942 0.056779 0.13574
508.62 0.259443 0.019307 0.060716 0.196139
509.688 0.255042 0.018175 0.060565 0.191829
510.71 0.443005 0.018663 0.05109 0.389364
511.73 0.420415 0.023195 0.053398 0.364229
512.754 0.187723 0.018547 0.05106 0.133654
513.773 0.183846 0.017754 0.051687 0.129013
514.792 0.173979 0.018576 0.050694 0.120703
515.811 0.183143 0.019187 0.051336 0.129203
516.831 0.189473 0.017361 0.044002 0.142785
517.85 0.168367 0.018192 0.03977 0.125984
518.869 0.176988 0.017885 0.039214 0.134476
519.888 0.175648 0.019532 0.041313 0.130733
520.908 0.178846 0.017147 0.042819 0.133362
521.927 0.195646 0.020097 0.046372 0.146502
522.948 0.758825 0.018784 0.044455 0.711741
523.991 0.225554 0.016806 0.041724 0.181226
525.008 0.24375 0.019252 0.04577 0.194913
526.029 0.877363 0.02073 0.046505 0.828294
527.05 0.260046 0.023157 0.043917 0.21358
528.074 0.266823 0.018378 0.049916 0.214359
529.094 0.191624 0.019347 0.045559 0.143501
530.114 0.494937 0.017883 0.039906 0.452278
531.133 0.490176 0.018349 0.043718 0.443854
532.152 0.40544 0.017957 0.046508 0.356289
533.171 0.462415 0.020412 0.045409 0.414422
534.204 0.195507 0.020726 0.051017 0.141441
535.226 0.178652 0.020106 0.043915 0.132133
536.247 0.180455 0.017515 0.046692 0.131186
537.266 0.213782 0.019775 0.047022 0.163876
538.287 0.187124 0.018078 0.050545 0.134012
539.306 0.23318 0.020719 0.052386 0.17757
540.328 0.185457 0.020159 0.046697 0.135824
541.509 0.244324 0.030081 0.05515 0.18474
542.541 0.185386 0.018877 0.047851 0.134933
543.56 0.17733 0.021269 0.042686 0.132057
544.583 0.17748 0.018747 0.04469 0.130215
545.602 0.222011 0.029933 0.051503 0.167927
546.633 0.268681 0.032932 0.059936 0.205862
547.668 0.262593 0.029316 0.06348 0.196017
548.698 0.27247 0.027157 0.053546 0.214209
549.727 0.168989 0.020453 0.044157 0.12175
550.748 0.203946 0.020226 0.048856 0.152373
551.769 0.249364 0.029839 0.051589 0.193
552.8 0.241627 0.031364 0.057959 0.178945
553.833 0.290741 0.03078 0.064853 0.220737
554.865 0.28695 0.030621 0.059476 0.222538
555.899 0.271161 0.035415 0.059772 0.208049
556.936 0.26725 0.030178 0.053958 0.208423
557.968 0.172057 0.020276 0.048418 0.121041
558.99 0.173075 0.029082 0.053167 0.117263
560.02 0.241845 0.028505 0.057961 0.179662
