205.742 207.418 1.24093
207.418 208.661 0.883917
208.54 209.546 1.03373
209.565 210.58 1.40285
210.588 211.984 1.09899
211.611 213.084 0.964511
212.634 214.05 0.982347
213.658 215.033 0.844627
214.682 215.879 0.62653
215.706 216.507 0.861753
216.728 217.369 1.1199
217.75 218.49 1.15909
218.772 219.65 1.52461
219.794 221.176 0.481462
220.822 221.659 0.917019
221.843 223.037 1.18267
223.037 224.221 1.11964
224.058 225.345 1.19602
225.08 226.542 0.959105
226.103 227.502 1.33932
227.137 228.842 0.910453
228.161 229.754 0.661788
229.183 235.517 0.837015
235.516 241.313 0.677925
241.313 249.907 1.29201
249.907 257.718 0.989419
257.718 265.792 0.812752
265.792 266.761 0.704858
266.816 267.669 0.567326
267.838 268.237 1.13396
268.86 269.372 0.8339
269.882 270.207 0.874006
270.904 271.631 0.693187
271.925 272.325 0.846358
272.948 273.641 0.703185
273.97 274.345 1.13631
274.992 275.482 0.836635
276.014 276.32 0.697397
277.045 277.699 0.801924
278.069 278.686 0.695661
279.094 279.76 0.68432
280.121 280.446 0.681817
281.143 281.369 1.47229
282.167 282.842 0.90574
283.189 287.962 0.623372
287.962 288.587 1.21605
288.993 294.89 0.932966
294.89 300.858 0.909642
300.858 301.769 0.839177
301.893 307.78 1.22314
307.779 309.009 1.1383
308.813 314.601 0.724882
314.601 320.328 1.40478
320.328 326.386 1.19489
326.386 327.582 0.866182
327.41 328.449 0.882681
328.433 329.333 0.984322
329.459 330.318 0.946044
330.484 331.267 0.588266
331.506 331.856 0.77859
332.53 332.695 0.764141
333.554 333.699 0.556451
334.577 334.729 1.196
335.6 335.926 0.913251
336.622 336.84 0.827629
337.645 337.79 0.72652
338.667 338.818 0.512474
339.691 339.834 0.965683
340.713 340.874 0.851626
341.736 341.883 0.760109
342.758 342.902 1.11572
343.781 344.019 0.719788
344.804 344.952 1.04823
345.825 346.001 0.840308
346.847 346.995 0.992538
347.87 348.034 1.10771
348.892 349.143 0.942986
349.915 350.088 1.08303
350.936 351.175 0.607647
351.959 352.105 0.932445
352.981 353.132 1.02105
354.003 354.169 0.735361
355.028 355.182 1.50741
356.054 356.69 0.653793
357.077 357.345 0.88633
358.102 358.266 0.829329
359.128 359.276 0.680121
360.15 360.3 1.52443
361.173 361.826 0.786721
362.195 362.614 0.607082
363.22 363.375 1.33542
364.248 364.711 0.815125
365.271 366.196 0.909241
366.296 367.106 0.733103
367.318 367.84 0.889241
368.34 369.071 0.79614
369.364 370.253 1.04405
370.387 371.298 0.900236
371.41 378.85 1.05927
378.85 387.218 1.73957
387.218 394.857 1.13984
394.857 395.998 1.19587
395.879 397.195 0.983732
396.9 398.18 0.858072
397.923 399.039 0.636405
398.946 399.677 0.83698
399.969 400.515 0.90513
400.993 401.984 0.915004
402.016 402.927 0.734099
403.038 403.662 1.18704
404.06 404.85 1.24259
405.082 406.094 0.906873
406.111 411.927 1.05071
411.927 416.54 0.901434
416.539 422.305 0.667348
422.305 428.574 1.16154
428.573 435.374 1.15077
435.374 436.526 0.707907
436.406 437.235 0.913525
437.428 438.149 0.559968
438.455 438.71 1.0353
439.478 439.746 0.667484
440.499 445.274 0.697763
445.274 446.086 1.05523
446.295 447.142 0.865411
447.317 448.009 1.61578
448.339 449.627 0.77338
449.362 450.401 1.47936
450.385 457.001 0.824846
457.001 457.827 1.15321
458.022 458.981 1.39529
459.043 460.377 0.915557
460.065 461.294 1.18994
461.09 462.485 0.881634
462.113 463.367 0.756539
463.136 464.125 0.725584
464.156 464.852 0.653832
465.178 465.506 0.817317
466.201 466.362 1.48536
467.224 467.849 0.713911
468.247 468.563 1.31343
469.272 469.878 0.809976
470.296 470.689 0.931923
471.319 471.622 1.42194
472.342 473.045 1.01544
473.365 474.062 1.63082
474.388 475.693 0.597577
475.41 476.292 1.32308
476.434 477.616 1.26846
477.457 478.886 0.664477
478.479 479.551 0.791804
479.498 480.344 1.42363
480.523 481.769 0.894556
481.545 482.664 0.912035
482.571 483.577 0.502638
483.591 484.081 0.821079
484.611 484.903 1.04239
485.634 485.947 0.72245
486.656 486.806 1.05914
487.682 487.866 0.803643
488.705 488.853 0.659171
489.726 489.878 0.715372
490.748 490.893 0.851701
491.771 491.918 0.530579
492.793 492.937 1.01092
493.817 493.981 1.35773
494.838 495.34 0.762307
495.862 496.103 1.35504
496.886 497.459 1.0638
497.909 498.524 0.680928
498.933 499.206 1.07016
499.956 500.277 0.658764
500.982 501.13 0.53105
502.005 502.149 0.789378
503.028 503.176 1.26761
504.051 504.446 0.691476
505.074 505.225 1.17287
506.099 506.399 1.09316
507.121 507.493 0.937036
508.145 508.431 0.607566
509.169 509.312 1.24271
510.192 510.556 0.459744
511.216 511.362 0.628347
512.238 512.38 1.29341
513.26 513.675 1.12223
514.283 514.798 1.12452
515.305 515.925 0.660995
516.329 516.587 0.794805
517.356 517.504 1.05263
518.378 518.557 0.804743
519.401 519.552 1.21651
520.426 520.769 1.04551
521.449 521.815 0.867113
522.475 522.683 0.630413
523.498 523.661 0.488095
524.529 524.698 0.834299
525.561 525.721 1.79022
526.588 527.512 0.879247
527.611 528.392 0.825992
528.633 529.218 0.792213
