208.54 212.043 0.037616
209.565 212.081 0.033375
209.565 212.176 0.027597
209.565 212.277 0.026252
209.565 212.378 0.025953
209.565 212.479 0.025571
209.565 212.58 0.024776
209.565 212.681 0.025683
209.565 212.782 0.024038
209.565 212.883 0.024999
209.565 212.985 0.024054
209.565 213.085 0.024075
210.588 213.187 0.024667
210.588 213.287 0.024402
210.588 213.389 0.022943
210.588 213.49 0.022673
210.588 213.591 0.022376
210.588 213.691 0.022785
210.588 213.796 0.023578
210.588 213.897 0.023486
210.588 213.998 0.023876
211.611 214.099 0.022742
211.611 214.204 0.022241
211.611 214.305 0.022593
211.611 214.406 0.025033
211.611 214.507 0.023532
211.611 214.612 0.022869
211.611 214.713 0.022622
211.611 214.814 0.024434
211.611 214.917 0.022396
211.611 215.018 0.02324
212.634 215.119 0.022583
212.634 215.22 0.022247
212.634 215.322 0.022957
212.634 215.423 0.023178
212.634 215.524 0.023289
212.634 215.625 0.022593
212.634 215.726 0.02301
212.634 215.827 0.022877
213.658 215.928 0.022038
213.658 216.029 0.022675
213.658 216.131 0.022485
213.658 216.232 0.022736
213.658 216.333 0.02313
213.658 216.434 0.022889
214.682 216.539 0.022017
214.682 216.64 0.022706
214.682 216.742 0.022499
214.682 216.848 0.022219
214.682 216.949 0.022343
214.682 217.05 0.023704
214.682 217.151 0.023227
214.682 217.253 0.022463
214.682 217.354 0.022831
215.706 217.455 0.022434
215.706 217.556 0.022809
215.706 217.657 0.023006
215.706 217.76 0.022537
215.706 217.884 0.023419
215.706 217.986 0.022494
215.706 218.087 0.022712
215.706 218.189 0.023988
215.706 218.29 0.023228
215.706 218.394 0.023736
216.728 218.495 0.023004
216.728 218.596 0.022475
216.728 218.697 0.022839
216.728 218.803 0.022285
216.728 218.899 0.022673
216.728 219 0.02343
216.728 219.101 0.023304
216.728 219.203 0.023603
216.728 219.304 0.023407
216.728 219.405 0.023201
216.728 219.508 0.023264
216.728 219.609 0.023205
217.75 219.71 0.022769
217.75 219.811 0.023224
217.75 219.915 0.022974
217.75 220.016 0.023788
217.75 220.117 0.023476
217.75 220.218 0.022487
217.75 220.323 0.022235
217.75 220.424 0.023433
217.75 220.525 0.022592
217.75 220.626 0.023067
217.75 220.727 0.02346
217.75 220.829 0.023228
217.75 220.937 0.023059
217.75 221.038 0.02382
217.75 221.144 0.022242
218.772 221.241 0.02315
218.772 221.343 0.021912
218.772 221.445 0.023653
218.772 221.546 0.022697
218.772 221.647 0.022632
219.794 221.749 0.022731
219.794 221.85 0.022438
219.794 221.957 0.022282
219.794 222.059 0.02275
219.794 222.16 0.022217
219.794 222.261 0.023381
219.794 222.362 0.022854
219.794 222.463 0.023041
219.794 222.566 0.022688
220.822 222.667 0.022562
220.822 222.767 0.023394
220.822 222.868 0.022282
220.822 222.974 0.022586
220.822 223.079 0.022046
220.822 223.18 0.022117
220.822 223.281 0.023031
220.822 223.384 0.022849
220.822 223.485 0.02325
220.822 223.586 0.023197
220.822 223.687 0.023186
220.822 223.788 0.023216
220.822 223.889 0.022203
220.822 223.99 0.022751
220.822 224.092 0.023924
220.822 224.193 0.02487
221.843 224.297 0.022742
221.843 224.399 0.022022
221.843 224.5 0.023646
221.843 224.601 0.022381
221.843 224.702 0.022926
221.843 224.803 0.022764
221.843 224.905 0.022783
221.843 225.029 0.023479
221.843 225.132 0.022579
221.843 225.234 0.022748
221.843 225.349 0.023516
223.037 225.45 0.022858
223.037 225.551 0.022724
223.037 225.653 0.023346
223.037 225.754 0.023478
223.037 225.855 0.022591
223.037 225.957 0.022305
223.037 226.058 0.022545
223.037 226.16 0.021699
223.037 226.261 0.022092
223.037 226.37 0.022371
223.037 226.472 0.022504
224.058 226.573 0.022152
224.058 226.674 0.021758
224.058 226.775 0.022119
224.058 226.876 0.023044
224.058 226.977 0.022752
224.058 227.078 0.022762
224.058 227.18 0.021817
224.058 227.282 0.022389
224.058 227.382 0.022876
224.058 227.484 0.022879
225.08 227.585 0.023016
225.08 227.686 0.021719
225.08 227.787 0.023141
225.08 227.888 0.022005
225.08 227.989 0.022033
225.08 228.09 0.021954
225.08 228.192 0.022165
225.08 228.293 0.022011
225.08 228.396 0.022684
225.08 228.497 0.022631
225.08 228.598 0.02238
225.08 228.699 0.022042
225.08 228.8 0.021857
226.103 228.901 0.02191
226.103 229.002 0.021698
226.103 229.104 0.02287
226.103 229.205 0.022026
226.103 229.306 0.022009
226.103 229.407 0.022812
226.103 229.508 0.022172
226.103 229.609 0.023004
226.103 229.714 0.021626
227.137 229.815 0.022213
227.137 229.916 0.02198
227.137 230.02 0.022329
227.137 230.124 0.022225
227.137 230.225 0.02258
227.137 230.326 0.022081
228.161 230.427 0.021945
228.161 230.528 0.022308
228.161 230.629 0.022134
228.161 230.73 0.022112
228.161 230.831 0.021671
228.161 230.933 0.021971
228.161 231.034 0.021991
228.161 231.135 0.021804
228.161 231.237 0.021981
228.161 231.338 0.022482
228.161 231.439 0.021967
228.161 231.54 0.021854
228.161 231.643 0.022046
228.161 231.744 0.021822
228.161 231.845 0.021861
228.161 231.946 0.021873
228.161 232.047 0.0222
228.161 232.148 0.021819
228.161 232.249 0.021943
228.161 232.35 0.022222
228.161 232.451 0.022081
228.161 232.552 0.022126
228.161 232.735 0.023176
228.161 232.837 0.021465
228.161 232.942 0.021944
228.161 233.043 0.0215
228.161 233.145 0.021872
228.161 233.245 0.021715
228.161 233.346 0.022094
228.161 233.448 0.022132
228.161 233.548 0.021941
228.161 233.649 0.021548
228.161 233.751 0.02232
228.161 233.852 0.022971
228.161 233.953 0.02185
228.161 234.054 0.022279
228.161 234.155 0.022202
228.161 234.256 0.022162
228.161 234.357 0.022108
228.161 234.458 0.022085
228.161 234.56 0.022185
228.161 234.661 0.021843
228.161 234.763 0.022162
228.161 234.864 0.022159
228.161 234.965 0.024394
228.161 235.066 0.022639
228.161 235.168 0.022219
228.161 235.269 0.023706
228.161 235.37 0.021914
228.161 235.471 0.02343
228.161 235.573 0.021594
228.161 235.92 0.023699
228.161 236.03 0.022647
228.161 236.142 0.022062
228.161 236.253 0.02175
228.161 236.355 0.022403
229.183 236.456 0.02145
229.183 236.557 0.022667
229.183 236.658 0.022192
229.183 236.759 0.022376
229.183 236.861 0.021798
229.183 236.962 0.02193
229.183 237.063 0.021653
229.183 237.164 0.021586
229.183 237.27 0.021608
229.183 237.371 0.021736
229.183 237.473 0.022199
229.183 237.574 0.022139
229.183 237.675 0.022252
229.183 237.776 0.022339
229.183 237.877 0.022125
229.183 237.978 0.022329
229.183 238.079 0.022017
229.183 238.18 0.022288
229.183 238.281 0.022756
229.183 238.382 0.022883
229.183 238.483 0.022405
229.183 238.584 0.022387
229.183 238.685 0.022294
229.183 238.787 0.022728
229.183 238.888 0.022199
229.183 238.989 0.022409
229.183 239.09 0.022061
229.183 239.209 0.022213
229.183 239.311 0.021998
229.183 239.412 0.021884
229.183 239.513 0.022522
229.183 239.615 0.022651
229.183 239.716 0.022198
229.183 239.817 0.022821
229.183 239.918 0.022515
229.183 240.02 0.02235
229.183 240.121 0.023148
229.183 240.222 0.022015
229.183 240.334 0.022111
229.183 240.458 0.028672
229.183 240.561 0.021563
229.183 240.662 0.022038
229.183 240.763 0.021793
229.183 240.865 0.021862
229.183 240.967 0.021374
229.183 241.069 0.021771
229.183 241.17 0.021912
229.183 241.271 0.022212
229.183 241.709 0.021608
229.183 241.819 0.021954
229.183 241.93 0.021186
235.516 242.03 0.021518
235.516 242.131 0.022783
235.516 242.232 0.021919
235.516 242.333 0.021842
235.516 242.434 0.021651
235.516 242.535 0.021528
235.516 242.636 0.022442
235.516 242.737 0.022393
235.516 242.838 0.022396
235.516 242.939 0.021924
235.516 243.041 0.021723
235.516 243.142 0.02182
235.516 243.243 0.022512
235.516 243.344 0.022316
235.516 243.445 0.022026
235.516 243.547 0.021984
235.516 243.648 0.022109
235.516 243.749 0.021911
235.516 243.85 0.02241
235.516 243.952 0.021704
235.516 244.053 0.02163
235.516 244.154 0.022555
235.516 244.255 0.022208
235.516 244.356 0.021661
235.516 244.457 0.022305
235.516 244.558 0.022129
235.516 244.659 0.021848
235.516 244.762 0.022075
235.516 244.863 0.022657
235.516 244.964 0.022405
235.516 245.065 0.022516
235.516 245.166 0.02209
235.516 245.268 0.022256
235.516 245.369 0.022866
235.516 245.47 0.021966
235.516 245.571 0.022186
235.516 245.673 0.022196
235.516 245.774 0.022744
235.516 245.875 0.02218
235.516 245.976 0.022721
235.516 246.077 0.022367
235.516 246.178 0.021874
235.516 246.28 0.022658
235.516 246.381 0.022077
235.516 246.482 0.022628
235.516 246.583 0.022923
235.516 246.685 0.022331
235.516 246.786 0.022596
235.516 246.887 0.022524
235.516 246.988 0.022525
235.516 247.093 0.022402
235.516 247.194 0.022185
235.516 247.295 0.022407
235.516 247.397 0.023012
235.516 247.498 0.023141
235.516 247.599 0.022011
235.516 247.7 0.022395
235.516 247.805 0.022275
235.516 247.906 0.022582
235.516 248.007 0.022012
235.516 248.11 0.022062
235.516 248.223 0.023252
235.516 248.324 0.022334
235.516 248.425 0.022312
235.516 248.526 0.02237
235.516 248.627 0.022271
235.516 248.728 0.02225
235.516 248.829 0.022409
235.516 248.931 0.02235
235.516 249.033 0.023108
235.516 249.134 0.022223
235.516 249.235 0.023466
235.516 249.336 0.022627
235.516 249.438 0.022358
235.516 249.539 0.022261
235.516 249.641 0.022732
235.516 249.742 0.022097
235.516 249.843 0.022188
235.516 250.322 0.023109
235.516 250.433 0.022391
235.516 250.545 0.022713
235.516 250.656 0.022915
235.516 250.764 0.022421
235.516 250.876 0.022944
235.516 250.986 0.022279
235.516 251.098 0.022532
235.516 251.2 0.022088
241.313 251.301 0.022114
241.313 251.402 0.021776
241.313 251.503 0.022016
241.313 251.604 0.022573
241.313 251.705 0.022793
241.313 251.806 0.022404
241.313 251.907 0.022196
241.313 252.008 0.022419
241.313 252.109 0.022863
241.313 252.21 0.022378
241.313 252.311 0.022141
241.313 252.413 0.022184
241.313 252.514 0.022462
241.313 252.615 0.022127
241.313 252.717 0.022098
241.313 252.82 0.022444
241.313 252.921 0.022474
241.313 253.023 0.022284
241.313 253.124 0.022208
241.313 253.225 0.022181
241.313 253.326 0.022125
241.313 253.428 0.022215
241.313 253.529 0.02217
241.313 253.63 0.023216
241.313 253.731 0.022521
241.313 253.833 0.022323
241.313 253.934 0.022222
241.313 254.035 0.02314
241.313 254.137 0.02257
241.313 254.238 0.022349
241.313 254.339 0.022248
241.313 254.441 0.022563
241.313 254.542 0.022849
241.313 254.643 0.022827
241.313 254.744 0.022166
241.313 254.847 0.023188
241.313 254.948 0.022218
241.313 255.049 0.022627
241.313 255.151 0.022653
241.313 255.253 0.022201
241.313 255.355 0.022724
241.313 255.455 0.022584
241.313 255.557 0.021878
241.313 255.658 0.022233
241.313 255.759 0.022408
241.313 255.861 0.024669
241.313 255.962 0.02197
241.313 256.064 0.021999
241.313 256.165 0.022228
241.313 256.267 0.022325
241.313 256.368 0.022212
241.313 256.469 0.022207
241.313 256.57 0.022362
241.313 256.672 0.022943
241.313 256.773 0.022086
241.313 256.874 0.021883
241.313 256.975 0.022392
241.313 257.077 0.023443
241.313 257.178 0.02183
241.313 257.279 0.022087
241.313 257.38 0.022228
241.313 257.481 0.022643
241.313 257.582 0.022134
241.313 257.683 0.023449
241.313 257.903 0.022408
241.313 258.009 0.022944
241.313 258.11 0.021989
241.313 258.212 0.022708
241.313 258.315 0.022289
241.313 258.42 0.022508
241.313 258.53 0.022259
241.313 258.641 0.022722
249.907 258.741 0.0222
249.907 258.842 0.021769
249.907 258.943 0.021779
249.907 259.044 0.021911
249.907 259.145 0.022705
249.907 259.246 0.021959
249.907 259.347 0.021559
249.907 259.448 0.022574
249.907 259.549 0.022358
249.907 259.651 0.022452
249.907 259.752 0.021924
249.907 259.853 0.021632
249.907 259.954 0.022142
249.907 260.055 0.022014
249.907 260.156 0.022021
249.907 260.257 0.021482
249.907 260.358 0.021657
249.907 260.459 0.022086
249.907 260.56 0.023036
249.907 260.661 0.022094
249.907 260.762 0.022026
249.907 260.863 0.022242
249.907 260.965 0.021493
249.907 261.066 0.022278
249.907 261.167 0.022178
249.907 261.268 0.022075
249.907 261.369 0.022503
249.907 261.47 0.022032
249.907 261.572 0.021771
249.907 261.673 0.02195
249.907 261.774 0.021871
249.907 261.875 0.021788
249.907 261.976 0.021825
249.907 262.077 0.022811
249.907 262.178 0.022098
249.907 262.279 0.022211
249.907 262.381 0.022174
249.907 262.482 0.02173
249.907 262.583 0.022305
249.907 262.684 0.022065
249.907 262.786 0.022064
249.907 262.887 0.021954
249.907 262.988 0.022309
249.907 263.089 0.022201
249.907 263.19 0.02197
249.907 263.291 0.022423
249.907 263.393 0.023084
249.907 263.494 0.022572
249.907 263.595 0.02381
249.907 263.697 0.023752
249.907 263.798 0.02294
249.907 263.899 0.022436
249.907 264 0.022339
249.907 264.102 0.021989
249.907 264.203 0.02448
249.907 264.305 0.021812
249.907 264.407 0.022048
249.907 264.508 0.022583
249.907 264.609 0.021326
249.907 264.71 0.02253
249.907 264.811 0.021983
249.907 264.913 0.022528
249.907 265.014 0.02137
249.907 265.115 0.021671
249.907 265.216 0.02316
249.907 265.317 0.021601
249.907 265.418 0.021721
249.907 265.52 0.021921
249.907 265.621 0.021947
249.907 265.722 0.021932
249.907 266.146 0.022215
249.907 266.247 0.022027
249.907 266.371 0.021796
249.907 266.483 0.022211
249.907 266.594 0.021876
257.718 266.694 0.022266
257.718 267.072 0.022065
257.718 267.183 0.021938
257.718 267.293 0.021858
257.718 267.403 0.022273
265.792 267.505 0.022093
265.792 267.606 0.02378
265.792 267.96 0.022025
265.792 268.061 0.022366
265.792 268.166 0.022181
265.792 268.281 0.022141
266.816 268.482 0.022024
266.816 268.593 0.02167
266.816 268.705 0.021881
266.816 268.816 0.022027
266.816 268.917 0.022217
266.816 269.018 0.022627
266.816 269.119 0.021585
266.816 269.224 0.021705
266.816 269.325 0.022318
266.816 269.426 0.021752
267.838 269.527 0.02132
267.838 269.632 0.021578
267.838 269.733 0.022185
267.838 269.834 0.022052
267.838 269.935 0.022077
267.838 270.041 0.021603
267.838 270.142 0.021718
268.86 270.243 0.021807
268.86 270.344 0.022005
268.86 270.449 0.021915
268.86 270.546 0.021764
268.86 270.647 0.021543
268.86 270.748 0.02221
268.86 270.849 0.023526
268.86 270.95 0.023388
268.86 271.051 0.02216
269.882 271.152 0.022731
269.882 271.253 0.022411
269.882 271.354 0.021789
269.882 271.457 0.021538
269.882 271.558 0.022003
269.882 271.659 0.021611
269.882 271.76 0.022083
269.882 271.865 0.021603
269.882 271.966 0.021721
269.882 272.067 0.022791
269.882 272.168 0.022154
269.882 272.274 0.021588
269.882 272.375 0.022247
270.904 272.476 0.021781
270.904 272.577 0.021675
270.904 272.678 0.022208
270.904 272.779 0.022899
270.904 272.881 0.022211
270.904 272.986 0.021393
270.904 273.087 0.02245
271.925 273.188 0.022271
271.925 273.289 0.021707
271.925 273.395 0.022115
271.925 273.491 0.021929
271.925 273.592 0.021887
271.925 273.693 0.02226
271.925 273.794 0.022079
271.925 273.895 0.022527
271.925 273.996 0.022541
271.925 274.098 0.021861
271.925 274.199 0.022722
271.925 274.3 0.022049
271.925 274.405 0.02228
272.948 274.506 0.022348
272.948 274.607 0.021568
272.948 274.708 0.021725
272.948 274.809 0.023066
272.948 274.91 0.021724
272.948 275.011 0.022218
272.948 275.116 0.022784
272.948 275.218 0.021925
272.948 275.32 0.022822
272.948 275.421 0.02199
273.97 275.525 0.021716
273.97 275.626 0.021654
273.97 275.727 0.021909
273.97 275.827 0.022069
273.97 275.928 0.022626
273.97 276.029 0.021992
273.97 276.13 0.022151
273.97 276.233 0.022896
274.992 276.334 0.022632
274.992 276.435 0.021894
274.992 276.536 0.022174
274.992 276.637 0.021897
274.992 276.738 0.021768
274.992 276.839 0.02231
274.992 276.944 0.022264
276.014 277.044 0.022456
276.014 277.147 0.022018
276.014 277.248 0.021429
276.014 277.349 0.022365
276.014 277.45 0.022351
276.014 277.551 0.02217
276.014 277.652 0.022598
276.014 277.753 0.022252
276.014 277.854 0.02277
276.014 277.956 0.02198
276.014 278.057 0.022497
276.014 278.158 0.022344
276.014 278.259 0.02197
276.014 278.36 0.022315
276.014 278.461 0.022397
277.045 278.562 0.021809
277.045 278.663 0.022346
277.045 278.766 0.02247
277.045 278.881 0.022102
277.045 278.982 0.02237
277.045 279.083 0.022261
277.045 279.184 0.022167
277.045 279.285 0.022325
278.069 279.387 0.022267
278.069 279.488 0.02194
278.069 279.59 0.021968
278.069 279.694 0.022317
278.069 279.795 0.022302
278.069 279.896 0.021803
278.069 279.997 0.022308
278.069 280.101 0.022518
278.069 280.204 0.023006
278.069 280.305 0.022272
278.069 280.406 0.021807
279.094 280.507 0.022479
279.094 280.608 0.021281
279.094 280.71 0.02148
279.094 280.811 0.022307
279.094 280.912 0.021628
279.094 281.013 0.02135
279.094 281.118 0.021574
280.121 281.219 0.023233
280.121 281.32 0.02153
280.121 281.421 0.021689
280.121 281.522 0.021943
280.121 281.623 0.021755
280.121 281.724 0.022101
280.121 281.827 0.021727
280.121 281.928 0.022239
280.121 282.029 0.02188
280.121 282.13 0.022067
280.121 282.231 0.022373
280.121 282.333 0.022255
280.121 282.434 0.021339
280.121 282.537 0.021625
280.121 282.638 0.021808
280.121 282.739 0.021841
280.121 282.84 0.021591
281.143 282.941 0.022053
281.143 283.042 0.021734
281.143 283.143 0.021615
281.143 283.246 0.021938
281.143 283.347 0.021887
281.143 283.448 0.02206
281.143 283.549 0.022093
281.143 283.655 0.021639
282.167 283.756 0.022152
282.167 283.857 0.021738
282.167 283.958 0.021297
282.167 284.063 0.02204
282.167 284.165 0.022185
282.167 284.266 0.021966
282.167 284.367 0.021417
282.167 284.471 0.022079
282.167 284.572 0.022149
282.167 284.673 0.022767
282.167 284.774 0.022346
282.167 284.879 0.022114
282.167 284.98 0.023301
282.167 285.081 0.02268
282.167 285.183 0.021851
282.167 285.287 0.022238
282.167 285.388 0.022329
282.167 285.489 0.022058
282.167 285.59 0.022278
282.167 285.695 0.021695
282.167 285.796 0.021934
282.167 285.897 0.023528
282.167 285.998 0.02198
282.167 286.103 0.022182
282.167 286.204 0.022067
282.167 286.305 0.022118
282.167 286.406 0.021932
282.167 286.511 0.022158
282.167 286.612 0.021663
282.167 286.713 0.022235
282.167 286.814 0.02171
282.167 286.918 0.021646
282.167 287.019 0.022052
282.167 287.12 0.021764
282.167 287.221 0.021452
282.167 287.323 0.02212
282.167 287.425 0.022089
282.167 287.526 0.022307
282.167 287.627 0.021709
282.167 287.733 0.021479
282.167 287.834 0.021846
282.167 287.935 0.023114
282.167 288.244 0.025062
282.167 288.345 0.022966
282.167 288.446 0.022149
282.167 288.553 0.022184
283.189 288.657 0.022134
283.189 288.758 0.022031
283.189 288.86 0.021971
283.189 288.961 0.022724
283.189 289.062 0.022992
283.189 289.163 0.02221
283.189 289.264 0.0221
283.189 289.444 0.022376
283.189 289.545 0.022685
283.189 289.647 0.022952
283.189 289.748 0.022413
287.962 289.85 0.022162
287.962 289.951 0.022185
287.962 290.052 0.022961
287.962 290.153 0.022247
287.962 290.254 0.023611
287.962 290.355 0.022922
287.962 290.456 0.022708
287.962 290.557 0.02242
287.962 290.658 0.022428
287.962 290.759 0.022303
287.962 290.86 0.022375
287.962 290.963 0.022771
287.962 291.064 0.022297
287.962 291.165 0.02229
287.962 291.266 0.022659
287.962 291.367 0.02223
287.962 291.468 0.02257
287.962 291.569 0.02257
287.962 291.67 0.022052
287.962 291.771 0.022953
287.962 291.872 0.02239
287.962 291.973 0.022079
287.962 292.074 0.022932
287.962 292.175 0.022333
287.962 292.276 0.021664
287.962 292.378 0.021879
287.962 292.479 0.02256
287.962 292.58 0.02336
287.962 292.681 0.021635
287.962 292.784 0.02165
287.962 292.884 0.022393
287.962 292.985 0.022539
287.962 293.086 0.022112
287.962 293.188 0.021958
287.962 293.289 0.024152
287.962 293.39 0.022632
287.962 293.491 0.021902
287.962 293.592 0.022145
287.962 293.693 0.022686
287.962 293.794 0.021973
287.962 293.897 0.022019
287.962 293.998 0.021982
287.962 294.099 0.022052
287.962 294.2 0.022056
287.962 294.301 0.021778
287.962 294.402 0.02228
287.962 294.503 0.02218
287.962 294.605 0.022002
287.962 294.706 0.024619
287.962 294.807 0.024194
287.962 294.909 0.021466
287.962 295.011 0.021697
287.962 295.112 0.021991
287.962 295.213 0.022006
287.962 295.314 0.021798
287.962 295.415 0.022058
287.962 295.517 0.021974
287.962 295.618 0.021937
287.962 295.719 0.022098
287.962 295.821 0.022119
288.993 295.922 0.023331
288.993 296.023 0.022083
288.993 296.124 0.022535
288.993 296.225 0.022164
288.993 296.327 0.022067
288.993 296.428 0.021875
288.993 296.538 0.023647
288.993 296.639 0.022163
288.993 296.74 0.022093
288.993 296.851 0.022027
288.993 296.955 0.022016
288.993 297.057 0.022081
288.993 297.158 0.022181
288.993 297.26 0.021902
288.993 297.361 0.021617
288.993 297.463 0.021982
288.993 297.564 0.021795
288.993 297.667 0.022061
288.993 297.772 0.022078
288.993 297.874 0.022241
288.993 297.975 0.022039
288.993 298.076 0.021984
288.993 298.177 0.021966
288.993 298.288 0.02232
288.993 298.392 0.022128
288.993 298.505 0.022019
288.993 298.606 0.022068
288.993 298.707 0.022384
288.993 298.808 0.021953
288.993 298.911 0.021963
288.993 299.013 0.022167
288.993 299.114 0.022052
288.993 299.215 0.022113
288.993 299.317 0.022057
288.993 299.418 0.022116
288.993 299.519 0.022119
288.993 299.62 0.022076
288.993 299.722 0.022235
288.993 299.823 0.022445
288.993 299.924 0.022077
288.993 300.025 0.022063
288.993 300.127 0.02212
288.993 300.228 0.022099
288.993 300.329 0.022003
288.993 300.43 0.022019
288.993 300.531 0.02271
288.993 300.633 0.021991
288.993 300.739 0.02206
288.993 300.84 0.023236
288.993 300.941 0.022034
288.993 301.043 0.021955
288.993 301.144 0.02199
288.993 301.245 0.021852
288.993 301.346 0.022493
288.993 301.448 0.022898
288.993 301.549 0.022158
288.993 301.65 0.022403
288.993 301.751 0.022442
294.89 301.852 0.022001
294.89 301.953 0.022175
294.89 302.054 0.022433
294.89 302.156 0.022228
294.89 302.257 0.022019
294.89 302.359 0.021886
294.89 302.46 0.022011
294.89 302.561 0.02199
300.858 302.662 0.021981
300.858 302.763 0.021689
300.858 302.864 0.02203
300.858 302.965 0.021904
300.858 303.066 0.0222
300.858 303.167 0.022436
300.858 303.269 0.021998
300.858 303.37 0.022256
300.858 303.471 0.021885
300.858 303.572 0.021712
300.858 303.673 0.022038
300.858 303.775 0.021921
300.858 303.876 0.022095
300.858 303.977 0.022336
300.858 304.079 0.022066
300.858 304.18 0.022416
300.858 304.281 0.022245
300.858 304.382 0.022012
300.858 304.483 0.022177
300.858 304.584 0.022737
300.858 304.686 0.022383
300.858 304.787 0.022149
300.858 304.889 0.022188
300.858 304.99 0.022153
300.858 305.092 0.022294
300.858 305.2 0.022309
300.858 305.302 0.022192
300.858 305.405 0.022521
300.858 305.508 0.021935
300.858 305.609 0.022177
300.858 305.72 0.022553
300.858 305.821 0.022143
300.858 305.923 0.021935
300.858 306.023 0.022102
300.858 306.125 0.022009
300.858 306.226 0.022975
300.858 306.329 0.023204
300.858 306.43 0.022028
300.858 306.532 0.02201
300.858 306.633 0.022125
300.858 306.738 0.022057
300.858 306.839 0.0222
300.858 306.94 0.022288
300.858 307.041 0.022136
300.858 307.146 0.022084
300.858 307.247 0.022136
300.858 307.348 0.0224
300.858 307.45 0.022102
300.858 307.553 0.02213
300.858 307.654 0.021912
300.858 307.755 0.022066
300.858 307.857 0.021662
300.858 307.958 0.021616
300.858 308.059 0.02225
300.858 308.16 0.02143
300.858 308.261 0.022524
300.858 308.363 0.021895
300.858 308.464 0.021898
300.858 308.565 0.021924
300.858 308.666 0.021875
300.858 308.767 0.022065
300.858 308.868 0.022076
300.858 308.971 0.021822
301.893 309.072 0.022076
301.893 309.173 0.021491
301.893 309.275 0.021916
301.893 309.376 0.021991
301.893 309.477 0.022023
301.893 309.578 0.022004
301.893 309.68 0.021919
301.893 309.781 0.021936
301.893 309.882 0.022032
301.893 309.983 0.021998
301.893 310.084 0.022124
307.779 310.185 0.02201
307.779 310.289 0.022077
307.779 310.391 0.021971
307.779 310.492 0.022137
307.779 310.593 0.022164
307.779 310.695 0.02205
307.779 310.796 0.022212
307.779 310.897 0.022032
307.779 310.998 0.022003
307.779 311.099 0.021599
307.779 311.2 0.022214
307.779 311.301 0.022624
307.779 311.402 0.02199
307.779 311.503 0.022131
307.779 311.604 0.022048
307.779 311.706 0.022054
307.779 311.807 0.022103
307.779 311.908 0.021989
307.779 312.009 0.022163
307.779 312.11 0.022187
307.779 312.211 0.021624
307.779 312.312 0.022187
307.779 312.413 0.022361
307.779 312.514 0.022196
307.779 312.615 0.022271
307.779 312.716 0.02288
307.779 312.817 0.021586
307.779 312.92 0.022127
307.779 313.021 0.021906
307.779 313.122 0.022016
307.779 313.223 0.021676
307.779 313.324 0.021903
307.779 313.425 0.021482
307.779 313.525 0.022139
307.779 313.627 0.021881
307.779 313.728 0.021831
307.779 313.829 0.021813
307.779 313.93 0.022351
307.779 314.031 0.022259
307.779 314.132 0.021795
307.779 314.233 0.0219
307.779 314.336 0.021814
307.779 314.437 0.021725
307.779 314.538 0.02172
307.779 314.639 0.021479
307.779 314.74 0.022144
307.779 314.841 0.023447
307.779 314.943 0.021961
307.779 315.047 0.021885
307.779 315.148 0.022057
307.779 315.25 0.022662
308.813 315.351 0.021792
308.813 315.452 0.022167
308.813 315.553 0.022102
308.813 315.654 0.021801
308.813 315.755 0.022206
308.813 315.858 0.02198
308.813 315.959 0.021957
308.813 316.06 0.021625
308.813 316.161 0.021858
308.813 316.263 0.022348
308.813 316.365 0.021841
308.813 316.466 0.022275
308.813 316.567 0.022066
308.813 316.668 0.022119
308.813 316.769 0.021716
308.813 316.87 0.02203
308.813 316.971 0.022218
308.813 317.073 0.021876
308.813 317.177 0.021664
308.813 317.278 0.022426
308.813 317.379 0.022215
308.813 317.481 0.021902
308.813 317.582 0.022062
308.813 317.683 0.022406
308.813 317.789 0.021936
308.813 317.892 0.022045
308.813 317.998 0.022026
308.813 318.099 0.022255
308.813 318.202 0.021971
308.813 318.303 0.021761
308.813 318.406 0.022275
308.813 318.513 0.022591
308.813 318.616 0.022981
308.813 318.717 0.022138
308.813 318.82 0.022062
308.813 318.921 0.022123
308.813 319.023 0.023795
308.813 319.124 0.021889
308.813 319.233 0.022089
308.813 319.333 0.022479
308.813 319.435 0.022459
308.813 319.536 0.022024
308.813 319.638 0.022054
308.813 319.739 0.022095
308.813 319.84 0.021707
308.813 319.945 0.021863
308.813 320.046 0.022084
308.813 320.147 0.023639
308.813 320.248 0.021789
308.813 320.349 0.02211
308.813 320.45 0.021412
308.813 320.551 0.021288
308.813 320.654 0.05899
308.813 320.755 0.021464
308.813 320.856 0.021945
308.813 320.958 0.023379
308.813 321.059 0.023865
308.813 321.16 0.022446
308.813 321.261 0.022
308.813 321.362 0.02182
308.813 321.464 0.021969
308.813 321.565 0.022073
308.813 321.666 0.021954
314.601 321.772 0.021605
314.601 321.873 0.021958
314.601 321.974 0.022384
314.601 322.075 0.021802
314.601 322.176 0.021437
314.601 322.277 0.021819
314.601 322.378 0.021428
314.601 322.481 0.022125
314.601 322.583 0.022223
314.601 322.684 0.021907
314.601 322.785 0.021534
314.601 322.886 0.02156
314.601 322.989 0.02165
314.601 323.091 0.021927
314.601 323.193 0.021366
314.601 323.294 0.021445
314.601 323.395 0.02144
314.601 323.496 0.02295
314.601 323.597 0.021683
314.601 323.698 0.02355
314.601 323.8 0.021519
314.601 323.901 0.02191
314.601 324.002 0.023832
314.601 324.103 0.022689
314.601 324.204 0.021733
314.601 324.305 0.02381
314.601 324.407 0.021872
314.601 324.508 0.022934
314.601 324.609 0.022316
314.601 324.71 0.021908
314.601 324.817 0.021975
314.601 324.918 0.021558
314.601 325.019 0.021722
314.601 325.12 0.02213
314.601 325.221 0.021669
314.601 325.323 0.021946
314.601 325.424 0.02209
314.601 325.525 0.02168
314.601 325.626 0.02204
314.601 325.727 0.022143
314.601 325.828 0.022541
314.601 325.93 0.022123
314.601 326.032 0.021904
314.601 326.133 0.022002
314.601 326.234 0.021606
314.601 326.335 0.021691
314.601 326.436 0.022051
314.601 326.537 0.021764
314.601 326.638 0.021649
314.601 326.739 0.021898
314.601 326.841 0.022184
314.601 326.942 0.022198
314.601 327.043 0.023188
314.601 327.144 0.022444
314.601 327.245 0.021832
314.601 327.346 0.021969
314.601 327.448 0.021537
314.601 327.553 0.022067
320.328 327.654 0.022548
320.328 327.755 0.022981
320.328 327.856 0.022088
320.328 327.957 0.022547
320.328 328.059 0.021946
320.328 328.161 0.021913
320.328 328.262 0.02216
320.328 328.363 0.022322
326.386 328.464 0.02157
326.386 328.57 0.021929
326.386 328.671 0.021889
326.386 328.773 0.022032
326.386 328.874 0.021873
326.386 328.975 0.02188
326.386 329.076 0.022082
326.386 329.178 0.022203
326.386 329.281 0.02203
327.41 329.382 0.0224
327.41 329.483 0.021828
327.41 329.584 0.022154
327.41 329.686 0.022137
327.41 329.787 0.021979
327.41 329.888 0.02209
327.41 329.99 0.022354
327.41 330.092 0.022526
327.41 330.193 0.021477
327.41 330.294 0.022111
328.433 330.395 0.022229
328.433 330.496 0.02244
328.433 330.597 0.021614
328.433 330.699 0.022201
328.433 330.8 0.02236
328.433 330.902 0.02181
328.433 331.005 0.022013
328.433 331.106 0.022232
328.433 331.207 0.021973
329.459 331.309 0.021801
329.459 331.41 0.022161
329.459 331.511 0.023207
329.459 331.615 0.023129
329.459 331.716 0.022
329.459 331.817 0.022023
330.484 331.918 0.021496
330.484 332.019 0.021745
330.484 332.124 0.021572
330.484 332.225 0.02309
330.484 332.326 0.022038
330.484 332.427 0.021876
330.484 332.529 0.022181
330.484 332.63 0.022612
331.506 332.731 0.022195
331.506 332.832 0.022115
331.506 332.933 0.022848
331.506 333.034 0.021931
331.506 333.136 0.02183
331.506 333.237 0.021926
331.506 333.338 0.021848
331.506 333.44 0.021829
332.53 333.541 0.022295
332.53 333.642 0.02219
332.53 333.743 0.021655
332.53 333.844 0.022383
332.53 333.945 0.022022
332.53 334.047 0.022108
332.53 334.149 0.021838
332.53 334.251 0.021881
333.554 334.352 0.022665
333.554 334.453 0.022487
333.554 334.555 0.022112
333.554 334.656 0.022662
333.554 334.757 0.021911
333.554 334.859 0.021917
333.554 334.96 0.022516
333.554 335.062 0.021821
333.554 335.163 0.021677
333.554 335.265 0.02199
333.554 335.366 0.021823
333.554 335.467 0.021798
333.554 335.57 0.02198
333.554 335.672 0.02167
333.554 335.773 0.021827
333.554 335.874 0.022057
334.577 335.975 0.021961
334.577 336.077 0.022122
334.577 336.178 0.02186
334.577 336.279 0.02404
334.577 336.38 0.023439
334.577 336.481 0.022202
334.577 336.582 0.022068
334.577 336.683 0.02256
334.577 336.784 0.022079
335.6 336.885 0.02219
335.6 336.986 0.022314
335.6 337.088 0.021831
335.6 337.189 0.021748
335.6 337.292 0.021943
335.6 337.393 0.02211
335.6 337.495 0.021996
335.6 337.596 0.023053
336.622 337.697 0.022815
336.622 337.798 0.022233
336.622 337.9 0.022173
336.622 338.002 0.021937
336.622 338.103 0.022293
336.622 338.204 0.022246
336.622 338.306 0.021966
336.622 338.407 0.021972
336.622 338.509 0.022178
337.645 338.61 0.022135
337.645 338.711 0.022
337.645 338.812 0.022452
337.645 338.915 0.021974
337.645 339.015 0.022152
337.645 339.116 0.023084
337.645 339.218 0.021843
337.645 339.319 0.022232
338.667 339.42 0.022155
338.667 339.521 0.021929
338.667 339.622 0.022003
338.667 339.725 0.021653
338.667 339.826 0.022012
338.667 339.927 0.022213
338.667 340.029 0.022099
338.667 340.13 0.022299
338.667 340.231 0.021542
338.667 340.332 0.022385
338.667 340.433 0.023208
338.667 340.535 0.02254
338.667 340.636 0.021974
338.667 340.737 0.021883
339.691 340.839 0.022065
339.691 340.939 0.022461
339.691 341.041 0.022148
339.691 341.142 0.021997
339.691 341.244 0.022116
339.691 341.345 0.022361
339.691 341.446 0.02235
339.691 341.547 0.022292
339.691 341.649 0.021968
340.713 341.75 0.022346
340.713 341.852 0.022603
340.713 341.953 0.021594
340.713 342.054 0.022087
340.713 342.156 0.022595
340.713 342.257 0.022322
340.713 342.359 0.022555
340.713 342.46 0.022116
340.713 342.562 0.022635
341.736 342.663 0.021902
341.736 342.765 0.021898
341.736 342.869 0.021997
341.736 342.971 0.022211
341.736 343.072 0.022001
341.736 343.173 0.021884
341.736 343.275 0.021789
341.736 343.377 0.022833
341.736 343.478 0.021881
341.736 343.579 0.021976
341.736 343.68 0.022776
341.736 343.782 0.022064
341.736 343.885 0.022742
341.736 343.986 0.022563
342.758 344.087 0.021895
342.758 344.188 0.021497
342.758 344.291 0.021993
342.758 344.393 0.022329
342.758 344.494 0.022038
342.758 344.595 0.02196
342.758 344.696 0.022126
343.781 344.797 0.023163
343.781 344.901 0.02174
343.781 345.003 0.021621
343.781 345.104 0.022319
343.781 345.205 0.02296
343.781 345.307 0.022019
343.781 345.408 0.022556
343.781 345.509 0.022031
343.781 345.61 0.021716
343.781 345.713 0.022109
343.781 345.814 0.022824
343.781 345.916 0.022403
344.804 346.017 0.021501
344.804 346.118 0.022098
344.804 346.219 0.022107
344.804 346.321 0.021905
344.804 346.423 0.022002
344.804 346.525 0.022503
344.804 346.626 0.021803
344.804 346.728 0.021863
344.804 346.829 0.022324
345.825 346.93 0.021884
345.825 347.031 0.021745
345.825 347.133 0.021906
345.825 347.234 0.02204
345.825 347.335 0.022639
345.825 347.436 0.021901
345.825 347.537 0.022594
345.825 347.639 0.022056
345.825 347.741 0.022006
345.825 347.843 0.02203
345.825 347.944 0.022077
346.847 348.045 0.022198
346.847 348.147 0.023575
346.847 348.248 0.022354
346.847 348.349 0.022068
346.847 348.451 0.02209
346.847 348.553 0.021782
346.847 348.654 0.0219
346.847 348.756 0.021904
346.847 348.857 0.021973
346.847 348.958 0.022231
346.847 349.059 0.022314
347.87 349.16 0.022114
347.87 349.263 0.022249
347.87 349.364 0.022599
347.87 349.465 0.022059
347.87 349.566 0.022044
347.87 349.668 0.022453
347.87 349.769 0.022116
347.87 349.87 0.021945
347.87 349.971 0.022035
347.87 350.073 0.022016
348.892 350.174 0.022058
348.892 350.275 0.022094
348.892 350.376 0.022237
348.892 350.477 0.022116
348.892 350.579 0.021951
348.892 350.68 0.021958
348.892 350.781 0.022178
348.892 350.882 0.02206
348.892 350.984 0.022449
348.892 351.085 0.022261
349.915 351.186 0.021455
349.915 351.288 0.021994
349.915 351.389 0.022006
349.915 351.49 0.02235
349.915 351.591 0.022131
349.915 351.692 0.022142
350.936 351.793 0.022304
350.936 351.894 0.021884
350.936 351.997 0.021403
350.936 352.096 0.022033
350.936 352.198 0.021912
350.936 352.299 0.021853
350.936 352.4 0.022066
350.936 352.502 0.022024
350.936 352.603 0.022046
350.936 352.704 0.022043
350.936 352.805 0.022275
350.936 352.906 0.02203
350.936 353.01 0.021499
351.959 353.117 0.021922
351.959 353.218 0.022008
351.959 353.32 0.022197
351.959 353.422 0.022036
351.959 353.523 0.022896
351.959 353.624 0.022794
351.959 353.726 0.022009
351.959 353.827 0.022215
351.959 353.928 0.021975
351.959 354.029 0.021765
351.959 354.131 0.022319
352.981 354.232 0.022168
352.981 354.334 0.022085
352.981 354.435 0.022016
352.981 354.536 0.022209
352.981 354.637 0.021958
352.981 354.739 0.022019
352.981 354.842 0.021765
354.003 354.943 0.022047
354.003 355.044 0.022582
354.003 355.145 0.021862
354.003 355.246 0.021885
354.003 355.347 0.021996
354.003 355.448 0.022034
354.003 355.55 0.022105
354.003 355.651 0.022244
354.003 355.752 0.021823
354.003 355.854 0.02193
354.003 355.955 0.022699
354.003 356.056 0.022486
354.003 356.161 0.021787
354.003 356.263 0.021856
354.003 356.364 0.021943
354.003 356.466 0.022036
354.003 356.567 0.021877
354.003 356.668 0.022244
355.028 356.769 0.02223
355.028 356.87 0.022207
355.028 356.971 0.022146
355.028 357.073 0.022077
355.028 357.174 0.021963
355.028 357.276 0.021906
356.054 357.378 0.021942
356.054 357.479 0.022141
356.054 357.58 0.021881
356.054 357.681 0.02253
356.054 357.783 0.022203
356.054 357.884 0.022086
356.054 357.987 0.021719
356.054 358.088 0.022629
356.054 358.189 0.021914
357.077 358.29 0.021603
357.077 358.392 0.021705
357.077 358.493 0.022157
357.077 358.594 0.022023
357.077 358.695 0.022661
357.077 358.801 0.021992
357.077 358.902 0.021931
357.077 359.003 0.021917
358.102 359.104 0.021872
358.102 359.205 0.021926
358.102 359.306 0.022246
358.102 359.407 0.021701
358.102 359.508 0.021538
358.102 359.61 0.021804
358.102 359.711 0.02208
358.102 359.812 0.02216
358.102 359.913 0.02202
359.128 360.014 0.021972
359.128 360.115 0.022261
359.128 360.217 0.023211
359.128 360.318 0.02201
359.128 360.419 0.021857
359.128 360.52 0.022087
359.128 360.621 0.022419
359.128 360.723 0.021944
359.128 360.824 0.022249
359.128 360.925 0.021571
359.128 361.027 0.021909
359.128 361.128 0.022485
359.128 361.229 0.022248
359.128 361.331 0.021949
359.128 361.432 0.021935
359.128 361.534 0.022406
359.128 361.635 0.022397
359.128 361.737 0.021969
360.15 361.837 0.022231
360.15 361.938 0.022228
360.15 362.039 0.021972
360.15 362.142 0.02207
360.15 362.243 0.022877
360.15 362.349 0.02178
360.15 362.45 0.021881
360.15 362.551 0.022872
361.173 362.652 0.022628
361.173 362.753 0.021843
361.173 362.855 0.022514
361.173 362.956 0.022485
361.173 363.057 0.022089
361.173 363.158 0.021966
362.195 363.259 0.022097
362.195 363.361 0.022266
362.195 363.462 0.021948
362.195 363.563 0.022385
362.195 363.666 0.02256
362.195 363.767 0.022069
362.195 363.869 0.022171
362.195 363.97 0.022189
362.195 364.071 0.022387
362.195 364.172 0.022053
362.195 364.273 0.022284
362.195 364.375 0.021969
362.195 364.476 0.021708
362.195 364.578 0.02203
362.195 364.679 0.022006
363.22 364.78 0.02202
363.22 364.882 0.021923
363.22 364.984 0.022159
363.22 365.085 0.022041
363.22 365.186 0.021998
363.22 365.287 0.021845
363.22 365.389 0.022126
363.22 365.49 0.021813
364.248 365.591 0.022045
364.248 365.693 0.021956
364.248 365.794 0.022257
364.248 365.895 0.022674
364.248 365.996 0.021824
364.248 366.097 0.022216
364.248 366.198 0.022504
364.248 366.299 0.021931
364.248 366.47 0.022119
364.248 366.571 0.022012
364.248 366.672 0.021992
364.248 366.774 0.022055
364.248 366.875 0.022087
364.248 366.977 0.021696
