205.742 1.65042 0.024097 1.48102 0.159326
207.418 0.257902 0.024209 0.116656 0.136367
208.54 0.201406 0.024296 0.087614 0.110985
209.565 0.183507 0.021847 0.070856 0.109813
210.588 0.174546 0.022502 0.065305 0.106352
211.611 0.172013 0.021221 0.063581 0.105461
212.634 0.182093 0.022642 0.064065 0.115157
213.658 0.174015 0.022598 0.066314 0.104851
214.682 0.175336 0.023641 0.069375 0.10332
215.706 0.16724 0.020964 0.065367 0.099179
216.728 0.168945 0.020466 0.067263 0.098983
217.75 0.273164 0.021237 0.06568 0.204717
218.772 0.245407 0.020716 0.066251 0.176494
219.794 0.24246 0.021188 0.063263 0.176423
220.822 0.246801 0.020617 0.064323 0.179609
221.843 1.17202 0.020289 0.064474 1.10486
223.037 0.227178 0.020774 0.062932 0.161518
224.058 0.244829 0.020645 0.07478 0.167331
225.08 0.24634 0.021391 0.071423 0.172115
226.103 0.232101 0.021842 0.057854 0.171403
227.137 0.226356 0.023146 0.060203 0.16338
228.161 0.242003 0.020472 0.057959 0.181169
229.183 6.31041 0.021705 0.056937 6.25079
235.516 5.77389 0.020967 0.115308 5.65593
241.313 8.52736 0.065632 0.068456 8.45609
249.907 7.78926 0.020147 0.096494 7.69006
257.718 8.04956 0.023371 0.103727 7.94315
265.792 0.944591 0.022736 0.090471 0.851439
266.816 0.831476 0.020438 0.061654 0.767105
267.838 0.223486 0.021645 0.059572 0.161124
268.86 0.21887 0.021031 0.058414 0.157784
269.882 0.213229 0.020376 0.054941 0.155716
270.904 0.705172 0.020263 0.056576 0.646023
271.925 0.229934 0.021069 0.057971 0.169363
272.948 0.670316 0.021199 0.056022 0.61175
273.97 0.251355 0.021057 0.062423 0.186295
274.992 0.223762 0.02096 0.058279 0.162945
276.014 0.212099 0.021033 0.057542 0.151948
277.045 0.6302 0.022964 0.048913 0.578703
278.069 0.591822 0.02173 0.05723 0.532019
279.094 0.639381 0.025394 0.057019 0.579804
280.121 0.210616 0.021237 0.05679 0.151227
281.143 0.201167 0.02298 0.04629 0.152291
282.167 0.213404 0.020997 0.060578 0.150249
283.189 4.73095 0.040389 0.05671 4.67168
287.962 0.250174 0.029761 0.065293 0.182207
288.993 5.87362 0.022514 0.055992 5.81504
294.89 5.94409 0.022308 0.071611 5.86984
300.858 0.25146 0.021319 0.0935 0.155358
301.893 5.86301 0.02123 0.057442 5.80296
307.779 0.298815 0.032407 0.104402 0.19179
308.813 5.76556 0.020961 0.0618 5.70116
314.601 5.70486 0.021125 0.059652 5.64251
320.328 6.03466 0.022037 0.099319 5.93275
326.386 0.209902 0.023388 0.132601 0.074757
327.41 0.133585 0.021341 0.057314 0.073644
328.433 0.142284 0.024839 0.058279 0.081406
329.459 0.135678 0.022892 0.054921 0.078142
330.484 0.150161 0.021065 0.056312 0.091283
331.506 0.136102 0.022227 0.05854 0.075009
332.53 0.14128 0.022545 0.057337 0.081355
333.554 0.12153 0.021023 0.048495 0.070438
334.577 0.129077 0.021309 0.048715 0.077755
335.6 0.137117 0.021541 0.061571 0.072808
336.622 0.131163 0.021081 0.055175 0.073364
337.645 0.122485 0.021233 0.046935 0.072961
338.667 0.127094 0.022503 0.05024 0.074128
339.691 0.12142 0.020542 0.045952 0.072894
340.713 0.137614 0.021965 0.06181 0.073159
341.736 0.124754 0.021179 0.049672 0.072521
342.758 0.121346 0.021536 0.045583 0.073229
343.781 0.143403 0.022294 0.057894 0.082891
344.804 0.126643 0.019025 0.047371 0.076669
345.825 0.135035 0.020737 0.056111 0.07631
346.847 0.125383 0.021717 0.045185 0.077632
347.87 0.14148 0.021296 0.058448 0.080362
348.892 0.141653 0.021311 0.061831 0.077172
349.915 0.141083 0.020021 0.061352 0.077151
350.936 0.138527 0.021067 0.05638 0.079598
351.959 0.12428 0.020981 0.045979 0.075684
352.981 0.128853 0.020997 0.050481 0.075716
354.003 0.140229 0.021294 0.056402 0.081256
355.028 0.127442 0.022745 0.046933 0.077859
356.054 0.138234 0.022136 0.057326 0.078195
357.077 0.130834 0.023216 0.055004 0.07324
358.102 0.138262 0.024746 0.056087 0.079548
359.128 0.126 0.020967 0.042333 0.081114
360.15 0.127269 0.022038 0.046346 0.078325
361.173 0.1418 0.021387 0.058043 0.081114
362.195 0.14785 0.02242 0.059076 0.086174
363.22 0.126494 0.026363 0.047519 0.076408
364.248 0.144558 0.021756 0.059015 0.082956
365.271 0.899792 0.023259 0.056206 0.840938
366.296 0.151223 0.020939 0.059305 0.089361
367.318 0.136735 0.020877 0.056866 0.077277
368.34 0.707316 0.022497 0.056565 0.648131
369.364 0.866222 0.021914 0.056899 0.806721
370.387 0.862294 0.019456 0.056673 0.802925
371.41 7.42014 0.019016 0.05676 7.36082
378.85 8.34498 0.021834 0.097362 8.24502
387.218 7.61423 0.02342 0.096101 7.51555
394.857 0.203771 0.02066 0.123479 0.077511
395.879 0.143051 0.020409 0.062197 0.078282
396.9 0.722632 0.021057 0.05872 0.66133
397.923 0.134805 0.022221 0.055919 0.076337
398.946 0.134872 0.021544 0.056791 0.075485
399.969 0.397016 0.023448 0.059491 0.334947
400.993 0.967612 0.021339 0.057518 0.90752
402.016 0.888971 0.020849 0.056079 0.83036
403.038 0.138429 0.020834 0.058764 0.077062
404.06 0.135758 0.021355 0.057496 0.075694
405.082 0.138929 0.022711 0.057242 0.079116
406.111 5.79424 0.021437 0.055082 5.73657
411.927 4.59012 0.020982 0.061422 4.52613
416.539 5.74274 0.021668 0.056714 5.68347
422.305 6.24535 0.021959 0.079822 6.16293
428.573 6.77842 0.020627 0.110312 6.66551
435.374 1.01037 0.020823 0.143153 0.864642
436.406 0.139086 0.020951 0.060679 0.075799
437.428 0.138885 0.02077 0.057272 0.079071
438.455 0.138099 0.021477 0.05413 0.081425
439.478 0.135625 0.020559 0.057322 0.07573
440.499 4.75069 0.023085 0.047722 4.70037
445.274 0.790638 0.019987 0.056475 0.731536
446.295 0.139245 0.020901 0.055065 0.08161
447.317 0.136382 0.020549 0.055931 0.077875
448.339 0.80509 0.022382 0.058433 0.739502
449.362 0.143767 0.02199 0.059268 0.081814
450.385 6.59159 0.020412 0.057547 6.53139
457.001 0.182032 0.020048 0.085434 0.09396
458.022 0.135485 0.020677 0.057946 0.074855
459.043 0.135112 0.020663 0.056712 0.07573
460.065 0.367695 0.023359 0.057608 0.30747
461.09 0.146303 0.020935 0.058721 0.084852
462.113 0.140723 0.022141 0.057723 0.080293
463.136 0.13639 0.019303 0.057779 0.075948
464.156 0.134766 0.02081 0.056645 0.075458
465.178 0.138789 0.021522 0.057309 0.0788
466.201 0.13775 0.022336 0.058609 0.076428
467.224 0.14124 0.02168 0.059367 0.079224
468.247 0.142687 0.024178 0.058459 0.08142
469.272 0.139841 0.022577 0.05879 0.078086
470.296 0.140315 0.021577 0.058648 0.078893
471.319 0.142553 0.021901 0.058216 0.081544
472.342 0.148097 0.022465 0.056895 0.08848
473.365 0.143128 0.022057 0.058745 0.081706
474.388 0.140173 0.020023 0.057874 0.079526
475.41 0.138815 0.022322 0.059149 0.077042
476.434 0.139199 0.021622 0.057723 0.078801
477.457 0.137005 0.020689 0.058598 0.075798
478.479 0.134975 0.018586 0.057441 0.074933
479.498 0.133753 0.021857 0.055857 0.075331
480.523 0.13427 0.020821 0.058522 0.073142
481.545 0.135464 0.024682 0.057645 0.075231
482.571 0.136404 0.019767 0.059243 0.074555
483.591 0.135212 0.018674 0.055879 0.076704
484.611 0.136679 0.020283 0.05536 0.078722
485.634 0.13672 0.020275 0.057197 0.076919
486.656 0.123505 0.025212 0.044727 0.076212
487.682 0.140192 0.021495 0.057331 0.08026
488.705 0.127344 0.020241 0.047183 0.077519
489.726 0.129309 0.021602 0.04791 0.078634
490.748 0.121485 0.021775 0.04523 0.073276
491.771 0.124269 0.021277 0.047472 0.074245
492.793 0.120167 0.022047 0.044647 0.072921
493.817 0.143078 0.020279 0.059171 0.081239
494.838 0.138357 0.022626 0.056327 0.079265
495.862 0.140465 0.022248 0.058511 0.079166
496.886 0.141223 0.022446 0.059195 0.079331
497.909 0.140121 0.022693 0.060641 0.076819
498.933 0.141469 0.021567 0.059748 0.079051
499.956 0.138963 0.02475 0.057825 0.078488
500.982 0.125042 0.022073 0.047086 0.075347
502.005 0.120564 0.022582 0.045836 0.072136
503.028 0.124931 0.021325 0.046991 0.075352
504.051 0.138145 0.021865 0.058508 0.077085
505.074 0.126065 0.023622 0.051167 0.072349
506.099 0.136034 0.021355 0.057675 0.075777
507.121 0.131567 0.022559 0.057299 0.071674
508.145 0.133156 0.022655 0.05669 0.073882
509.169 0.1201 0.022022 0.044866 0.072627
510.192 0.134516 0.021542 0.055988 0.075971
511.216 0.122097 0.020938 0.046767 0.072777
512.238 0.119931 0.021104 0.0477 0.069623
513.26 0.132047 0.021602 0.058215 0.071239
514.283 0.13157 0.021473 0.058413 0.07059
515.305 0.138464 0.023103 0.057049 0.078841
516.329 0.132923 0.02585 0.05489 0.075441
517.356 0.125222 0.021138 0.04635 0.076311
518.378 0.134329 0.021033 0.05664