631.311 9.56408 
641.544 9.56408 
651.794 9.56408 
661.976 9.56408 
672.184 9.56408 
682.404 9.56408 
692.652 9.56408 
702.913 9.56408 
713.148 9.56408 
723.438 9.56408 
733.724 9.56408 
743.911 9.56408 
754.166 9.56408 
764.343 9.56408 
774.539 9.56408 
784.724 9.56408 
794.965 9.56408 
805.142 9.56408 
815.378 9.56408 
825.636 9.56408 
835.888 9.56408 
846.075 9.56408 
856.251 9.56408 
866.433 9.56408 
876.623 9.56408 
886.875 9.56408 
897.139 9.56408 
907.33 9.56408 
917.526 9.56408 
927.733 9.56408 
