630.605 630.937 1.34075
630.787 632.279 1.04715
630.985 633.328 1.02546
631.171 634.354 1.60604
631.355 635.961 1.05088
631.554 637.013 0.885764
631.751 637.9 0.912815
631.935 638.814 0.793641
632.109 639.609 0.623081
632.27 640.233 0.82802
632.542 641.062 1.10101
632.819 642.164 1.17709
633.105 643.342 1.42626
633.391 644.769 0.512284
634.566 645.283 0.866966
634.826 646.15 1.08683
635.078 647.238 1.13098
635.33 648.371 1.2418
635.594 649.614 0.895463
635.848 650.51 1.33256
636.106 651.844 0.939437
642.597 652.785 0.796321
648.614 657.498 0.796508
657.498 666.013 0.819812
666.014 673.797 1.46748
673.797 675.267 1.03779
674.738 676.306 0.802936
674.993 677.11 0.764976
675.238 677.876 0.648461
675.482 678.525 1.26943
675.728 679.796 0.889332
676.505 680.686 0.847051
676.76 681.534 0.622847
677.492 682.158 0.807912
677.733 682.967 0.6294
677.975 683.597 1.11172
678.235 684.71 0.851225
678.922 685.562 0.898821
679.58 686.462 0.759388
680.255 687.223 0.626934
680.51 687.851 0.634569
685.089 688.486 0.667579
685.79 689.155 1.42501
685.971 690.581 0.887208
686.14 692.081 0.783732
692.081 692.866 1.17225
692.237 694.039 0.868126
692.39 698.523 1.10758
698.522 699.632 1.11355
698.673 700.746 1.04987
698.826 701.797 1.16571
698.976 702.964 0.676659
699.125 703.642 1.09471
699.897 704.737 0.940374
700.049 705.679 0.90288
700.199 706.583 0.882333
700.345 707.466 1.1125
700.502 708.58 0.985512
700.648 709.567 0.544278
701.382 710.112 0.727155
701.533 710.84 0.786507
707.861 711.628 0.59918
708.409 712.228 1.24869
709.076 716.027 1.1692
716.026 717.197 1.07326
716.791 718.271 0.738743
717.024 719.011 0.504234
717.246 719.517 0.934251
717.471 720.452 0.849033
717.703 721.302 0.78132
717.936 724.625 1.17563
724.624 731.583 0.846393
731.583 737.757 1.25194
737.757 744.284 1.06865
744.284 745.354 1.04084
745.146 746.396 1.18071
745.926 747.578 0.918571
746.625 754.868 1.3644
754.868 761.8 0.755291
761.8 768.523 1.13144
768.523 775.816 1.15656
775.815 781.654 0.816408
781.653 788.687 1.67264
788.687 795.651 0.711008
795.65 802.049 0.931605
802.049 810.122 1.12994
810.122 811.254 0.765381
810.34 812.02 1.66633
811.084 813.688 0.783651
811.425 814.473 0.607076
812.082 815.081 1.27842
813.023 816.36 0.754754
813.861 821.52 1.0933
821.52 822.615 0.758491
822.275 823.374 0.926221
823.108 824.301 0.750279
823.99 831.747 1.5445
831.747 840.236 1.40264
840.236 848.312 1.16625
848.312 849.479 1.59032
849.183 854.058 1.07548
854.058 855.135 1.21045
854.871 856.346 0.94048
855.119 862.94 1.09167
862.94 864.033 0.723627
863.267 864.758 0.958379
864.21 865.717 1.17663
865.168 866.895 1.11525
865.391 868.011 0.719351
865.593 868.732 1.18213
865.807 869.915 1.19899
866.014 871.115 1.12397
866.256 872.24 1.37668
866.509 873.618 0.933931
866.751 874.553 0.766176
866.965 875.32 1.3865
867.176 876.708 1.09008
867.391 877.799 1.00712
871.667 878.807 1.31205
871.819 880.12 0.690379
871.972 880.812 0.993108
872.125 881.806 0.684886
872.281 882.492 0.668158
872.515 883.161 1.0104
872.748 884.173 0.912418
872.967 885.086 1.66141
873.181 886.749 0.833366
873.392 887.583 1.46807
874.343 889.053 0.711252
874.554 889.765 1.17142
874.762 890.938 1.47868
874.957 892.417 1.05486
875.15 893.473 1.20392
875.345 894.678 0.86664
875.535 895.549 0.81446
875.745 896.365 0.755154
875.967 897.121 0.653979
876.161 897.777 0.860785
876.355 898.638 1.49392
876.559 900.133 0.744405
876.784 900.879 1.32647
876.981 902.207 0.831751
877.214 903.04 0.907713
877.416 903.948 1.41951
877.61 905.369 1.05332
877.805 906.424 1.74961
878 908.174 0.668942
878.2 908.845 1.25792
878.403 910.104 1.22859
878.612 911.334 0.649896
878.81 911.985 0.771094
879.003 912.757 1.54303
879.194 914.301 0.871173
879.384 915.173 0.930059
879.575 916.105 0.539117
879.765 916.645 0.820504
879.967 917.467 1.07946
880.165 918.548 0.752769
880.358 919.301 1.0004
880.559 920.303 0.832262
884.48 921.136 0.678434
885.331 921.815 0.742105
893.272 922.558 0.919696
894.186 923.479 0.612988
898.29 924.093 0.952812
899.06 925.047 1.34862
906.449 926.397 0.703731
907.663 927.102 1.36829
914.155 928.471 1.10673
916.126 929.579 0.679956
923.627 930.442 1.1003
930.442 936.182 1.01775
936.184 937.201 0.805937
936.405 938.008 1.17498
936.614 939.184 1.6446
936.813 940.83 0.666302
937.009 941.497 1.21083
937.206 942.709 1.2898
937.4 944 1.01318
937.599 945.014 0.872908
937.811 945.887 1.66398
938.009 947.552 0.597437
938.199 948.15 0.71629
938.39 948.867 1.43068
938.577 950.299 1.19625
938.782 951.496 1.11711
938.988 952.614 0.626441
939.177 953.241 0.903988
939.368 954.146 1.23632
939.563 955.383 1.20396
939.757 956.588 1.69533
939.953 958.284 1.41044
940.155 959.695 1.28729
940.357 960.984 0.96114
941.864 961.945 0.782233
942.745 962.729 1.33901
943.255 964.068 2.68575
943.474 966.755 1.22364
943.771 967.979 1.26552
944.065 969.246 1.14071
