631.171 636.527 0.035778
631.171 636.626 0.026253
631.171 636.725 0.025571
631.171 636.826 0.026392
631.171 636.927 0.025915
631.355 637.029 0.025748
631.355 637.13 0.02594
631.355 637.231 0.024963
631.355 637.332 0.026279
631.355 637.433 0.026897
631.355 637.534 0.023535
631.355 637.635 0.023128
631.355 637.736 0.025012
631.355 637.838 0.023931
631.554 637.938 0.022965
631.554 638.04 0.024348
631.554 638.141 0.021671
631.554 638.242 0.026045
631.554 638.343 0.022226
631.554 638.445 0.024403
631.554 638.545 0.023267
631.554 638.646 0.024767
631.554 638.748 0.025132
631.751 638.849 0.025075
631.751 638.95 0.022451
631.751 639.051 0.024881
631.751 639.152 0.025814
631.751 639.253 0.025219
631.751 639.355 0.024879
631.751 639.456 0.025309
631.751 639.557 0.023965
631.935 639.658 0.023334
631.935 639.759 0.022977
631.935 639.861 0.025765
631.935 639.962 0.024731
631.935 640.063 0.024419
631.935 640.164 0.026998
632.109 640.265 0.023283
632.109 640.367 0.024855
632.109 640.468 0.024208
632.109 640.569 0.023684
632.109 640.67 0.024454
632.109 640.772 0.024517
632.109 640.873 0.024517
632.109 640.974 0.026192
632.27 641.075 0.02546
632.27 641.177 0.024581
632.27 641.277 0.024884
632.27 641.379 0.027131
632.27 641.48 0.025729
632.27 641.581 0.024185
632.27 641.683 0.024345
632.27 641.784 0.022506
632.27 641.885 0.022811
632.27 641.986 0.026178
632.27 642.088 0.02341
632.542 642.189 0.025075
632.542 642.29 0.024603
632.542 642.391 0.024434
632.542 642.492 0.023916
632.542 642.593 0.024198
632.542 642.695 0.023884
632.542 642.796 0.023543
632.542 642.897 0.02597
632.542 642.998 0.024855
632.542 643.1 0.026767
632.542 643.201 0.025272
632.542 643.302 0.023932
632.819 643.404 0.023828
632.819 643.505 0.022594
632.819 643.606 0.027065
632.819 643.707 0.025152
632.819 643.809 0.026653
632.819 643.91 0.026013
632.819 644.011 0.024782
632.819 644.112 0.027103
632.819 644.214 0.023536
632.819 644.315 0.025633
632.819 644.416 0.024629
632.819 644.518 0.02473
632.819 644.619 0.023798
632.819 644.72 0.023797
633.105 644.821 0.022813
633.105 644.922 0.024814
633.105 645.024 0.023027
633.105 645.125 0.024207
633.105 645.226 0.024725
633.391 645.326 0.023337
633.391 645.427 0.023686
633.391 645.528 0.02342
633.391 645.63 0.023876
633.391 645.731 0.024248
633.391 645.832 0.024154
633.391 645.933 0.024557
633.391 646.034 0.024974
633.391 646.135 0.025581
634.566 646.236 0.022845
634.566 646.337 0.022708
634.566 646.439 0.027065
634.566 646.54 0.023418
634.566 646.641 0.023646
634.566 646.742 0.023868
634.566 646.843 0.024487
634.566 646.944 0.025363
634.566 647.045 0.025456
634.566 647.146 0.023673
634.826 647.247 0.023272
634.826 647.348 0.024311
634.826 647.449 0.024503
634.826 647.55 0.022572
634.826 647.651 0.023449
634.826 647.752 0.023607
634.826 647.853 0.023255
634.826 647.954 0.023723
634.826 648.055 0.024736
634.826 648.157 0.023565
634.826 648.258 0.025994
634.826 648.36 0.02468
635.078 648.461 0.022057
635.078 648.562 0.024629
635.078 648.663 0.029102
635.078 648.764 0.024774
635.078 648.865 0.024616
635.078 648.967 0.025213
635.078 649.068 0.026452
635.078 649.169 0.023757
635.078 649.27 0.025412
635.078 649.372 0.026865
635.078 649.473 0.02466
635.078 649.574 0.025257
635.33 649.675 0.023814
635.33 649.777 0.022927
635.33 649.878 0.024921
635.33 649.979 0.025719
635.33 650.08 0.025231
635.33 650.182 0.02674
635.33 650.283 0.024821
635.33 650.385 0.024353
635.33 650.486 0.02579
635.594 650.587 0.022454
635.594 650.688 0.023475
635.594 650.789 0.023529
635.594 650.89 0.024213
635.594 650.991 0.023652
635.594 651.092 0.024999
635.594 651.194 0.026695
635.594 651.295 0.022876
635.594 651.396 0.024274
635.594 651.497 0.02338
635.594 651.599 0.024533
635.594 651.699 0.023311
635.594 651.801 0.024092
635.848 651.902 0.022919
635.848 652.003 0.022862
635.848 652.104 0.023479
635.848 652.205 0.023555
635.848 652.307 0.023837
635.848 652.408 0.023966
635.848 652.509 0.026138
635.848 652.61 0.026163
635.848 652.711 0.024647
636.106 652.812 0.02565
636.106 652.913 0.025865
636.106 653.014 0.022943
636.106 653.115 0.023313
636.106 653.217 0.022996
636.106 653.319 0.024869
636.106 653.419 0.022813
636.106 653.521 0.023178
642.597 653.621 0.023129
642.597 653.722 0.022643
642.597 653.823 0.022844
642.597 653.924 0.022688
642.597 654.025 0.023098
642.597 654.126 0.022378
642.597 654.227 0.024342
642.597 654.328 0.023058
642.597 654.429 0.023195
642.597 654.53 0.023298
642.597 654.631 0.029239
642.597 654.732 0.023998
642.597 654.833 0.028909
642.597 654.934 0.024008
642.597 655.035 0.024005
642.597 655.136 0.023147
642.597 655.237 0.023168
642.597 655.338 0.022762
642.597 655.439 0.023402
642.597 655.54 0.022914
642.597 655.641 0.022645
642.597 655.742 0.022605
642.597 655.843 0.022671
642.597 655.944 0.022858
642.597 656.045 0.022709
642.597 656.146 0.022786
642.597 656.247 0.023189
642.597 656.348 0.022633
642.597 656.449 0.022829
642.597 656.55 0.025336
642.597 656.651 0.022634
642.597 656.752 0.023199
642.597 656.853 0.023809
642.597 656.954 0.022811
642.597 657.056 0.022203
642.597 657.157 0.023619
642.597 657.258 0.023242
642.597 657.359 0.02288
642.597 657.46 0.022714
642.597 657.561 0.025883
642.597 657.662 0.024358
642.597 657.762 0.022584
642.597 657.864 0.022892
642.597 657.965 0.022742
642.597 658.066 0.025978
642.597 658.167 0.023457
642.597 658.268 0.024341
648.614 658.369 0.022686
648.614 658.47 0.022194
648.614 658.571 0.022928
648.614 658.672 0.022838
648.614 658.773 0.022981
648.614 658.874 0.023045
648.614 658.975 0.022679
648.614 659.076 0.022785
648.614 659.177 0.022415
648.614 659.278 0.023767
648.614 659.379 0.023183
648.614 659.48 0.024614
648.614 659.581 0.021683
648.614 659.682 0.02302
648.614 659.783 0.022662
648.614 659.884 0.022333
648.614 659.985 0.022857
648.614 660.086 0.022603
648.614 660.187 0.022821
648.614 660.288 0.022771
648.614 660.389 0.02263
648.614 660.49 0.022371
648.614 660.591 0.024533
648.614 660.691 0.023392
648.614 660.792 0.023025
648.614 660.893 0.023091
648.614 660.994 0.023185
648.614 661.096 0.023258
648.614 661.197 0.023992
648.614 661.301 0.024213
648.614 661.402 0.024167
648.614 661.503 0.023139
648.614 661.604 0.022681
648.614 661.705 0.023008
648.614 661.806 0.023043
648.614 661.908 0.023291
648.614 662.009 0.023057
648.614 662.11 0.023249
648.614 662.212 0.024018
648.614 662.313 0.022884
648.614 662.414 0.024362
648.614 662.515 0.024332
648.614 662.616 0.023248
648.614 662.717 0.022875
648.614 662.818 0.024026
648.614 662.919 0.022914
648.614 663.02 0.022486
648.614 663.121 0.022591
648.614 663.222 0.022958
648.614 663.323 0.022518
648.614 663.424 0.022673
648.614 663.525 0.022718
648.614 663.626 0.022668
648.614 663.727 0.022442
648.614 663.828 0.02238
648.614 663.929 0.023037
648.614 664.03 0.022672
648.614 664.131 0.024206
648.614 664.232 0.023244
648.614 664.333 0.022829
648.614 664.434 0.024483
648.614 664.535 0.022799
648.614 664.636 0.022883
648.614 664.737 0.023449
648.614 664.838 0.022972
648.614 664.939 0.023477
648.614 665.04 0.02254
648.614 665.141 0.022529
648.614 665.242 0.024643
648.614 665.343 0.02423
648.614 665.444 0.02337
648.614 665.545 0.023304
648.614 665.646 0.022522
648.614 665.747 0.023111
648.614 665.849 0.022921
648.614 665.949 0.022776
648.614 666.051 0.022983
648.614 666.152 0.022813
648.614 666.253 0.022947
648.614 666.354 0.023518
648.614 666.455 0.023216
648.614 666.557 0.022706
648.614 666.658 0.02695
648.614 666.759 0.0271
657.498 666.86 0.024127
657.498 666.961 0.022717
657.498 667.062 0.024474
657.498 667.163 0.0237
657.498 667.265 0.022623
657.498 667.366 0.023311
657.498 667.467 0.023552
657.498 667.567 0.022803
657.498 667.668 0.022901
657.498 667.769 0.022927
657.498 667.87 0.022606
657.498 667.971 0.022491
657.498 668.072 0.022287
657.498 668.173 0.022662
657.498 668.274 0.022815
657.498 668.376 0.023193
657.498 668.477 0.02268
657.498 668.578 0.022553
657.498 668.679 0.022646
657.498 668.78 0.022324
657.498 668.881 0.022499
657.498 668.982 0.022928
657.498 669.083 0.024701
657.498 669.184 0.022395
657.498 669.285 0.023712
657.498 669.387 0.02278
657.498 669.488 0.022853
657.498 669.589 0.022559
657.498 669.69 0.022993
657.498 669.791 0.023313
657.498 669.892 0.024026
657.498 669.993 0.023939
657.498 670.094 0.023226
657.498 670.195 0.024375
657.498 670.297 0.023321
657.498 670.398 0.022966
657.498 670.499 0.023487
657.498 670.6 0.02431
657.498 670.701 0.022621
657.498 670.802 0.023011
657.498 670.903 0.022687
657.498 671.004 0.022786
657.498 671.105 0.023091
657.498 671.206 0.022573
657.498 671.307 0.022715
657.498 671.409 0.023683
657.498 671.51 0.02306
657.498 671.611 0.022767
657.498 671.712 0.022392
657.498 671.813 0.022963
657.498 671.914 0.02266
657.498 672.016 0.023381
657.498 672.117 0.024073
657.498 672.218 0.022782
657.498 672.32 0.022484
657.498 672.421 0.023549
657.498 672.522 0.0237
657.498 672.623 0.025175
657.498 672.724 0.022177
657.498 672.825 0.023626
657.498 672.926 0.02377
657.498 673.027 0.024228
657.498 673.129 0.022542
657.498 673.23 0.022909
657.498 673.331 0.022715
657.498 673.433 0.022544
657.498 673.534 0.022863
657.498 673.635 0.022795
657.498 673.736 0.022639
657.498 673.837 0.023563
657.498 673.938 0.023867
657.498 674.041 0.025111
657.498 674.142 0.022721
657.498 674.243 0.022993
657.498 674.345 0.02319
657.498 674.446 0.023696
657.498 674.547 0.023286
657.498 674.649 0.024018
657.498 674.75 0.025219
657.498 674.851 0.024063
657.498 674.953 0.024499
657.498 675.054 0.022984
657.498 675.155 0.023235
657.498 675.257 0.025346
666.014 675.358 0.022464
666.014 675.459 0.023877
666.014 675.56 0.024209
666.014 675.662 0.024316
666.014 675.763 0.023295
666.014 675.864 0.023469
666.014 675.965 0.023937
666.014 676.067 0.02409
666.014 676.168 0.024117
666.014 676.269 0.023975
673.797 676.371 0.022806
673.797 676.472 0.024096
673.797 676.573 0.033893
673.797 676.675 0.02857
673.797 676.776 0.025014
673.797 676.877 0.023698
673.797 676.978 0.026023
673.797 677.079 0.02487
674.738 677.181 0.023562
674.738 677.282 0.022803
674.738 677.383 0.023491
674.738 677.485 0.025298
674.738 677.586 0.024276
674.738 677.687 0.024252
674.738 677.789 0.023664
674.993 677.89 0.025252
674.993 677.991 0.023023
674.993 678.093 0.030388
674.993 678.194 0.023035
674.993 678.295 0.028548
674.993 678.396 0.024301
674.993 678.497 0.025166
675.238 678.598 0.022843
675.238 678.699 0.022499
675.238 678.8 0.022969
675.238 678.901 0.024438
675.238 679.002 0.026424
675.238 679.104 0.029153
675.238 679.205 0.024058
675.238 679.306 0.023661
675.238 679.407 0.023265
675.238 679.508 0.023858
675.238 679.61 0.024994
675.238 679.711 0.024026
675.482 679.812 0.023207
675.482 679.913 0.025194
675.482 680.014 0.024005
675.482 680.115 0.0228
675.482 680.216 0.025338
675.482 680.318 0.025777
675.482 680.419 0.025522
675.482 680.52 0.025068
675.482 680.621 0.024114
675.728 680.722 0.023957
675.728 680.823 0.026466
675.728 680.924 0.0249
675.728 681.025 0.022341
675.728 681.126 0.022528
675.728 681.227 0.025063
675.728 681.328 0.026063
675.728 681.429 0.026071
675.728 681.53 0.024633
676.505 681.631 0.024538
676.505 681.732 0.025001
676.505 681.833 0.024289
676.505 681.934 0.024177
676.505 682.035 0.023217
676.505 682.136 0.023796
676.76 682.237 0.022695
676.76 682.338 0.024741
676.76 682.439 0.023376
676.76 682.541 0.024811
676.76 682.642 0.024421
676.76 682.744 0.026606
676.76 682.845 0.025308
676.76 682.946 0.024671
677.492 683.047 0.023177
677.492 683.149 0.02354
677.492 683.25 0.026151
677.492 683.351 0.024062
677.492 683.453 0.023943
677.492 683.554 0.026118
677.733 683.655 0.023619
677.733 683.757 0.026688
677.733 683.857 0.02246
677.733 683.959 0.025231
677.733 684.06 0.02584
677.733 684.161 0.022965
677.733 684.265 0.026791
677.733 684.366 0.024485
677.733 684.468 0.023115
677.733 684.569 0.023102
677.733 684.67 0.023655
677.975 684.772 0.023402
677.975 684.873 0.022864
677.975 684.974 0.023905
677.975 685.075 0.026743
677.975 685.177 0.02379
677.975 685.278 0.025151
677.975 685.38 0.025145
677.975 685.481 0.025067
678.235 685.582 0.024562
678.235 685.683 0.023903
678.235 685.785 0.023665
678.235 685.886 0.025929
678.235 685.987 0.023392
678.235 686.088 0.024449
678.235 686.19 0.02418
678.235 686.291 0.023489
678.235 686.392 0.024825
678.922 686.493 0.022928
678.922 686.595 0.023254
678.922 686.696 0.024021
678.922 686.797 0.023332
678.922 686.899 0.026084
678.922 687 0.023728
678.922 687.101 0.02404
678.922 687.203 0.025155
679.58 687.304 0.022976
679.58 687.405 0.024794
679.58 687.506 0.026118
679.58 687.607 0.024059
679.58 687.709 0.025877
679.58 687.81 0.026082
680.255 687.911 0.024489
680.255 688.013 0.024297
680.255 688.114 0.024758
680.255 688.215 0.024035
680.255 688.316 0.023952
680.255 688.417 0.02374
680.51 688.519 0.023941
680.51 688.621 0.023548
680.51 688.722 0.023748
680.51 688.823 0.023548
680.51 688.924 0.0258
680.51 689.026 0.02525
680.51 689.127 0.02437
685.089 689.228 0.025739
685.089 689.329 0.025122
685.089 689.431 0.025083
685.089 689.532 0.027437
685.089 689.634 0.024321
685.089 689.735 0.023424
685.089 689.836 0.024251
685.089 689.937 0.023504
685.089 690.039 0.024765
685.089 690.14 0.024212
685.089 690.241 0.025035
685.089 690.343 0.025765
685.089 690.444 0.023267
685.089 690.546 0.023486
685.79 690.647 0.024301
685.79 690.748 0.022432
685.79 690.85 0.024015
685.79 690.951 0.02615
685.79 691.052 0.023338
685.79 691.154 0.025061
685.79 691.255 0.025463
685.79 691.356 0.023272
685.79 691.458 0.022649
685.971 691.559 0.02423
685.971 691.66 0.022535
685.971 691.761 0.023216
685.971 691.863 0.022469
685.971 691.963 0.022936
685.971 692.065 0.02708
685.971 692.166 0.024735
685.971 692.267 0.023395
685.971 692.368 0.023905
685.971 692.469 0.022967
685.971 692.57 0.024371
685.971 692.672 0.02364
685.971 692.773 0.024068
686.14 692.874 0.022806
686.14 692.975 0.022359
686.14 693.076 0.023491
686.14 693.177 0.0227
686.14 693.278 0.023125
686.14 693.379 0.023063
686.14 693.481 0.025832
686.14 693.582 0.027359
686.14 693.683 0.023348
686.14 693.785 0.025215
686.14 693.886 0.023515
686.14 693.987 0.02463
692.081 694.088 0.022227
692.081 694.19 0.023672
692.081 694.291 0.02345
692.081 694.392 0.024343
692.081 694.493 0.025927
692.081 694.594 0.023422
692.081 694.695 0.027564
692.081 694.796 0.025601
692.081 694.897 0.023978
692.237 694.999 0.02497
692.237 695.1 0.023017
692.237 695.201 0.023134
692.237 695.302 0.022744
692.237 695.403 0.02247
692.237 695.505 0.023457
692.237 695.606 0.022792
692.237 695.707 0.022514
692.237 695.809 0.022345
692.237 695.91 0.022626
692.237 696.011 0.023464
692.237 696.112 0.022273
692.237 696.214 0.02281
692.237 696.315 0.022547
692.237 696.416 0.02251
692.237 696.517 0.024581
692.237 696.618 0.023133
692.237 696.719 0.022415
692.237 696.821 0.024461
692.237 696.922 0.024638
692.237 697.023 0.023433
692.237 697.125 0.023458
692.237 697.226 0.022753
692.237 697.327 0.022653
692.237 697.428 0.023178
692.237 697.529 0.023902
692.237 697.63 0.022423
692.237 697.732 0.023003
692.237 697.833 0.022933
692.237 697.934 0.022441
692.237 698.035 0.022976
692.237 698.136 0.02293
692.237 698.237 0.022655
692.237 698.338 0.022698
692.237 698.439 0.022677
692.237 698.54 0.022577
692.237 698.641 0.02596
692.237 698.743 0.02865
692.237 698.844 0.023234
692.237 698.945 0.025404
692.237 699.046 0.024048
692.237 699.147 0.022518
692.237 699.248 0.022989
692.237 699.349 0.023032
692.237 699.45 0.023924
692.237 699.551 0.022914
692.39 699.653 0.022673
692.39 699.754 0.023042
692.39 699.855 0.024676
692.39 699.956 0.023568
692.39 700.057 0.022588
692.39 700.158 0.027053
692.39 700.259 0.026701
692.39 700.361 0.023339
692.39 700.462 0.02373
692.39 700.563 0.023648
692.39 700.665 0.024134
698.522 700.766 0.025318
698.522 700.867 0.023969
698.522 700.968 0.022927
698.522 701.07 0.024048
698.522 701.171 0.02322
698.522 701.272 0.024122
698.522 701.373 0.025277
698.522 701.475 0.026031
698.522 701.576 0.025198
698.522 701.677 0.024364
698.522 701.779 0.024808
698.673 701.88 0.024396
698.673 701.981 0.023503
698.673 702.082 0.025081
698.673 702.184 0.024169
698.673 702.285 0.024669
698.673 702.386 0.02477
698.673 702.487 0.023602
698.673 702.588 0.026387
698.673 702.689 0.024751
698.673 702.79 0.033156
698.673 702.891 0.028075
698.826 702.992 0.023404
698.826 703.093 0.024301
698.826 703.194 0.024539
698.826 703.296 0.024557
698.826 703.397 0.023661
698.826 703.498 0.024741
698.826 703.599 0.025564
698.976 703.701 0.023411
698.976 703.802 0.024758
698.976 703.903 0.025564
698.976 704.004 0.024738
698.976 704.106 0.025311
698.976 704.207 0.02407
698.976 704.308 0.022908
698.976 704.41 0.024327
698.976 704.511 0.024867
698.976 704.612 0.025629
698.976 704.713 0.023991
699.125 704.815 0.023426
699.125 704.916 0.023276
699.125 705.017 0.02401
699.125 705.118 0.025858
699.125 705.219 0.023939
699.125 705.321 0.023879
699.125 705.422 0.022685
699.125 705.523 0.023427
699.125 705.624 0.023981
699.897 705.725 0.023298
699.897 705.826 0.026468
699.897 705.927 0.024791
699.897 706.028 0.025683
699.897 706.129 0.025688
699.897 706.23 0.025809
699.897 706.331 0.023352
699.897 706.432 0.022781
699.897 706.533 0.024893
700.049 706.634 0.026265
700.049 706.735 0.023493
700.049 706.836 0.024365
700.049 706.937 0.026096
700.049 707.039 0.023504
700.049 707.14 0.025789
700.049 707.241 0.026042
700.049 707.342 0.024221
700.049 707.443 0.023664
700.199 707.544 0.025121
700.199 707.645 0.026465
700.199 707.746 0.023318
700.199 707.847 0.025245
700.199 707.948 0.025702
700.199 708.049 0.024143
700.199 708.15 0.023563
700.199 708.252 0.027404
700.199 708.352 0.023891
700.199 708.454 0.024136
700.199 708.555 0.023874
700.345 708.656 0.028189
700.345 708.757 0.023041
700.345 708.858 0.025545
700.345 708.96 0.026652
700.345 709.061 0.026334
700.345 709.163 0.023258
700.345 709.263 0.023737
700.345 709.364 0.023626
700.345 709.466 0.023117
700.345 709.567 0.022372
700.502 709.668 0.022552
700.502 709.769 0.023037
700.502 709.87 0.022691
700.502 709.971 0.023862
700.502 710.073 0.026469
700.648 710.174 0.024209
700.648 710.275 0.02407
700.648 710.376 0.024206
700.648 710.477 0.025048
700.648 710.578 0.02342
700.648 710.679 0.024403
700.648 710.781 0.025678
701.382 710.882 0.024122
701.382 710.983 0.023707
701.382 711.085 0.02525
701.382 711.186 0.025049
701.382 711.287 0.025242
701.382 711.388 0.022992
701.382 711.49 0.024929
701.382 711.591 0.023756
701.533 711.692 0.022594
701.533 711.793 0.023728
701.533 711.894 0.023688
701.533 711.995 0.023737
701.533 712.097 0.023286
701.533 712.198 0.024485
707.861 712.298 0.023333
707.861 712.402 0.023718
707.861 712.504 0.024527
707.861 712.604 0.023539
707.861 712.706 0.024842
707.861 712.807 0.02284
707.861 712.908 0.023253
707.861 713.009 0.025408
707.861 713.11 0.023753
707.861 713.211 0.02702
707.861 713.313 0.026038
707.861 713.414 0.026266
708.409 713.515 0.024408
708.409 713.616 0.023671
708.409 713.717 0.022487
708.409 713.818 0.024101
708.409 713.919 0.023764
708.409 714.02 0.022629
708.409 714.121 0.023873
708.409 714.222 0.023628
708.409 714.323 0.02287
708.409 714.425 0.023898
708.409 714.526 0.023888
708.409 714.627 0.022921
708.409 714.728 0.022926
708.409 714.829 0.022843
708.409 714.931 0.027549
708.409 715.037 0.027162
708.409 715.143 0.022987
708.409 715.244 0.022816
708.409 715.345 0.024716
708.409 715.446 0.023915
708.409 715.547 0.023425
708.409 715.648 0.025348
708.409 715.749 0.023778
708.409 715.85 0.023655
708.409 715.951 0.023657
708.409 716.053 0.024098
708.409 716.154 0.022961
708.409 716.255 0.024456
708.409 716.356 0.023825
708.409 716.462 0.023414
708.409 716.559 0.025096
708.409 716.66 0.024596
708.409 716.761 0.025549
708.409 716.862 0.024234
708.409 716.963 0.029371
708.409 717.064 0.026988
708.409 717.166 0.025149
709.076 717.267 0.024242
709.076 717.368 0.024507
709.076 717.469 0.024815
709.076 717.57 0.025019
709.076 717.672 0.025302
709.076 717.773 0.027988
709.076 717.874 0.02898
709.076 717.976 0.024381
709.076 718.077 0.027876
709.076 718.179 0.023164
716.026 718.28 0.025079
716.026 718.381 0.02255
716.026 718.482 0.02382
716.026 718.584 0.024336
716.026 718.685 0.02301
716.026 718.787 0.027093
716.026 718.888 0.02602
716.026 718.99 0.025795
716.791 719.091 0.026328
716.791 719.192 0.024749
716.791 719.293 0.023191
716.791 719.395 0.027252
716.791 719.496 0.02584
717.024 719.598 0.023346
717.024 719.699 0.023489
717.024 719.8 0.025872
717.024 719.902 0.027122
717.024 720.003 0.028037
717.024 720.105 0.027062
717.024 720.206 0.024359
717.024 720.307 0.025834
717.024 720.409 0.02427
717.246 720.51 0.023805
717.246 720.611 0.023032
717.246 720.713 0.024971
717.246 720.815 0.026338
717.246 720.916 0.025888
717.246 721.018 0.025424
717.246 721.119 0.025044
717.246 721.221 0.027937
717.471 721.322 0.023494
717.471 721.423 0.022929
717.471 721.524 0.023151
717.471 721.626 0.024534
717.471 721.727 0.026534
717.471 721.829 0.027163
717.471 721.93 0.024539
717.471 722.032 0.026463
717.703 722.133 0.024291
717.703 722.234 0.023479
717.703 722.336 0.023277
717.703 722.437 0.022818
717.703 722.538 0.02249
717.703 722.64 0.02304
717.703 722.741 0.023897
717.703 722.842 0.023253
717.703 722.944 0.023078
717.703 723.045 0.023738
717.703 723.146 0.022623
717.703 723.247 0.023194
717.703 723.348 0.025331
717.703 723.449 0.022889
717.703 723.55 0.024405
717.703 723.652 0.024123
717.703 723.753 0.022549
717.703 723.854 0.024169
717.703 723.955 0.023979
717.703 724.057 0.022539
717.703 724.158 0.024126
717.703 724.259 0.023525
717.703 724.36 0.02273
717.703 724.462 0.023966
717.703 724.563 0.022609
717.703 724.664 0.0253
717.703 724.765 0.02438
717.703 724.866 0.023485
717.703 724.968 0.02639
717.703 725.069 0.024633
717.703 725.171 0.02521
717.703 725.272 0.025051
717.703 725.373 0.0264
717.703 725.475 0.02532
717.703 725.576 0.023835
717.703 725.678 0.029842
717.703 725.779 0.024852
717.936 725.881 0.024358
717.936 725.982 0.022688
717.936 726.083 0.023768
717.936 726.184 0.022855
717.936 726.285 0.023288
717.936 726.387 0.022855
717.936 726.488 0.023149
717.936 726.59 0.022573
717.936 726.691 0.02278
717.936 726.792 0.024178
717.936 726.894 0.022918
717.936 726.994 0.023206
717.936 727.096 0.022819
717.936 727.197 0.022825
717.936 727.298 0.023861
717.936 727.399 0.023282
717.936 727.5 0.022673
717.936 727.601 0.023844
717.936 727.702 0.023527
717.936 727.804 0.023948
717.936 727.904 0.024368
717.936 728.005 0.022839
717.936 728.107 0.023422
717.936 728.208 0.023363
717.936 728.309 0.024205
717.936 728.41 0.025159
717.936 728.511 0.024844
717.936 728.612 0.022484
717.936 728.713 0.023069
717.936 728.814 0.023715
717.936 728.915 0.022764
717.936 729.016 0.023457
717.936 729.117 0.023045
717.936 729.218 0.022701
717.936 729.319 0.023886
717.936 729.42 0.022663
717.936 729.521 0.02269
717.936 729.622 0.023069
717.936 729.723 0.023547
717.936 729.824 0.022504
717.936 729.925 0.023051
717.936 730.026 0.0237
717.936 730.127 0.022687
717.936 730.228 0.024043
717.936 730.329 0.024063
717.936 730.431 0.02325
717.936 730.531 0.023182
717.936 730.632 0.023658
717.936 730.734 0.023154
717.936 730.834 0.02414
717.936 730.935 0.026493
717.936 731.037 0.023283
717.936 731.138 0.024827
717.936 731.239 0.024391
717.936 731.34 0.023576
717.936 731.441 0.024517
717.936 731.542 0.023404
717.936 731.643 0.026061
717.936 731.744 0.024139
717.936 731.845 0.023479
717.936 731.946 0.022535
717.936 732.047 0.022506
717.936 732.149 0.025762
717.936 732.25 0.023229
717.936 732.351 0.022944
724.624 732.453 0.022805
724.624 732.554 0.024038
724.624 732.655 0.022997
724.624 732.756 0.023326
724.624 732.857 0.023254
724.624 732.958 0.022907
724.624 733.059 0.023924
724.624 733.16 0.022881
724.624 733.261 0.022556
724.624 733.362 0.02296
724.624 733.463 0.02313
724.624 733.564 0.023025
724.624 733.665 0.023385
724.624 733.766 0.023761
724.624 733.867 0.022793
724.624 733.968 0.022848
724.624 734.069 0.022968
724.624 734.17 0.023167
724.624 734.271 0.023064
724.624 734.372 0.023098
724.624 734.473 0.022577
724.624 734.574 0.023291
724.624 734.675 0.025105
724.624 734.776 0.02258
724.624 734.877 0.023273
724.624 734.978 0.023763
724.624 735.079 0.024044
724.624 735.179 0.023267
724.624 735.28 0.024253
724.624 735.381 0.023117
724.624 735.482 0.022928
724.624 735.583 0.023333
724.624 735.684 0.023047
724.624 735.785 0.0227
724.624 735.887 0.023356
724.624 735.988 0.022924
724.624 736.089 0.023092
724.624 736.19 0.022803
724.624 736.291 0.022815
724.624 736.392 0.023892
724.624 736.493 0.023366
724.624 736.594 0.023275
724.624 736.696 0.023161
724.624 736.797 0.026336
724.624 736.898 0.02284
724.624 736.999 0.024428
724.624 737.1 0.02428
724.624 737.201 0.023724
724.624 737.302 0.023719
724.624 737.403 0.022734
724.624 737.505 0.023512
724.624 737.606 0.022925
724.624 737.707 0.023374
724.624 737.808 0.022893
724.624 737.909 0.023105
724.624 738.01 0.025721
724.624 738.111 0.023439
724.624 738.213 0.025023
724.624 738.314 0.023777
724.624 738.415 0.024447
724.624 738.516 0.026159
724.624 738.617 0.023448
724.624 738.718 0.024058
724.624 738.819 0.02346
724.624 738.921 0.026067
731.583 739.022 0.022935
731.583 739.123 0.024487
731.583 739.224 0.022811
731.583 739.325 0.023355
731.583 739.426 0.022739
731.583 739.527 0.022853
731.583 739.628 0.023189
731.583 739.729 0.022776
731.583 739.83 0.022905
731.583 739.931 0.02424
731.583 740.033 0.023562
731.583 740.133 0.024495
731.583 740.234 0.023068
731.583 740.335 0.022991
731.583 740.436 0.023948
731.583 740.537 0.022831
731.583 740.638 0.022991
731.583 740.739 0.023008
731.583 740.841 0.022996
731.583 740.942 0.022729
731.583 741.043 0.022921
731.583 741.144 0.023477
731.583 741.245 0.023117
731.583 741.346 0.022837
731.583 741.447 0.02312
731.583 741.549 0.022797
731.583 741.65 0.022456
731.583 741.751 0.023183
731.583 741.852 0.022774
731.583 741.953 0.022687
731.583 742.054 0.023247
731.583 742.155 0.022615
731.583 742.256 0.022663
731.583 742.357 0.022898
731.583 742.461 0.022491
731.583 742.559 0.022955
731.583 742.661 0.022621
731.583 742.761 0.024262
731.583 742.863 0.022814
731.583 742.963 0.022849
731.583 743.064 0.024021
731.583 743.165 0.023867
731.583 743.266 0.02271
731.583 743.367 0.023018
731.583 743.468 0.022674
731.583 743.569 0.022664
731.583 743.67 0.023027
731.583 743.771 0.023068
731.583 743.872 0.025195
731.583 743.973 0.022958
731.583 744.074 0.023109
731.583 744.175 0.022389
731.583 744.276 0.044079
731.583 744.377 0.023047
731.583 744.479 0.023519
731.583 744.58 0.024095
731.583 744.681 0.022311
731.583 744.782 0.024038
731.583 744.884 0.023308
731.583 744.985 0.02383
731.583 745.086 0.024054
731.583 745.187 0.026989
731.583 745.288 0.025731
737.757 745.389 0.026954
737.757 745.491 0.026454
737.757 745.592 0.022899
737.757 745.693 0.027321
737.757 745.794 0.026233
737.757 745.895 0.027989
737.757 745.996 0.027257
737.757 746.097 0.026347
737.757 746.198 0.026082
737.757 746.299 0.025977
744.284 746.4 0.023043
744.284 746.501 0.022909
744.284 746.602 0.023789
744.284 746.703 0.024088
744.284 746.804 0.025626
744.284 746.905 0.023434
744.284 747.006 0.027214
744.284 747.107 0.026128
744.284 747.208 0.026175
744.284 747.309 0.027208
744.284 747.41 0.026093
744.284 747.511 0.02572
745.146 747.612 0.0226
745.146 747.714 0.024103
745.146 747.815 0.023021
745.146 747.916 0.023129
745.146 748.017 0.023958
745.146 748.118 0.025884
745.146 748.22 0.024939
745.146 748.321 0.026476
745.146 748.422 0.025715
745.926 748.523 0.024542
745.926 748.624 0.024315
745.926 748.725 0.022597
745.926 748.827 0.022994
745.926 748.928 0.023925
745.926 749.029 0.022543
745.926 749.13 0.024243
745.926 749.231 0.023715
745.926 749.332 0.022665
745.926 749.433 0.023592
745.926 749.535 0.022897
745.926 749.635 0.022716
745.926 749.736 0.022751
745.926 749.837 0.02429
745.926 749.939 0.022781
745.926 750.04 0.023831
745.926 750.141 0.022844
745.926 750.242 0.023044
745.926 750.343 0.024792
745.926 750.444 0.023376
745.926 750.546 0.023023
745.926 750.647 0.024115
745.926 750.748 0.022607
745.926 750.849 0.023125
745.926 750.95 0.023635
745.926 751.051 0.022586
745.926 751.152 0.023825
745.926 751.253 0.022563
745.926 751.354 0.023018
745.926 751.455 0.023915
745.926 751.556 0.02359
745.926 751.657 0.02253
745.926 751.758 0.023594
745.926 751.859 0.02341
745.926 751.96 0.022324
745.926 752.061 0.023832
745.926 752.162 0.023459
745.926 752.264 0.022484
745.926 752.365 0.024003
745.926 752.466 0.023219
745.926 752.568 0.022377
745.926 752.669 0.023658
745.926 752.77 0.023609
745.926 752.871 0.02248
745.926 752.972 0.023951
745.926 753.073 0.023564
745.926 753.174 0.022692
745.926 753.275 0.024147
745.926 753.376 0.022526
745.926 753.478 0.024753
745.926 753.579 0.023716
745.926 753.68 0.022502
745.926 753.781 0.023672
745.926 753.882 0.023582
745.926 753.983 0.0223
745.926 754.084 0.025255
745.926 754.186 0.023201
745.926 754.286 0.024173
745.926 754.387 0.022501
745.926 754.489 0.022205
745.926 754.59 0.023625
745.926 754.691 0.023441
745.926 754.792 0.022481
745.926 754.893 0.023012
745.926 754.994 0.023602
745.926 755.095 0.023231
745.926 755.196 0.02307
745.926 755.297 0.02632
745.926 755.399 0.027011
745.926 755.5 0.026529
745.926 755.601 0.027163
745.926 755.702 0.026115
745.926 755.803 0.026562
745.926 755.904 0.026005
745.926 756.005 0.026561
745.926 756.107 0.025655
745.926 756.208 0.026212
746.625 756.309 0.023727
746.625 756.41 0.022825
746.625 756.511 0.023953
746.625 756.612 0.0236
746.625 756.713 0.022427
746.625 756.814 0.023121
746.625 756.915 0.022977
746.625 757.015 0.022548
746.625 757.117 0.023247
746.625 757.218 0.024259
746.625 757.319 0.022382
746.625 757.42 0.0239
746.625 757.521 0.022849
746.625 757.622 0.0233
746.625 757.723 0.026788
746.625 757.824 0.022651
746.625 757.925 0.023032
746.625 758.026 0.022955
746.625 758.128 0.022649
746.625 758.229 0.023644
746.625 758.329 0.02387
746.625 758.431 0.02491
746.625 758.532 0.023741
746.625 758.633 0.023397
746.625 758.734 0.022661
746.625 758.835 0.024141
746.625 758.936 0.02356
746.625 759.037 0.022616
746.625 759.138 0.023655
746.625 759.239 0.023841
746.625 759.341 0.022837
746.625 759.442 0.024087
746.625 759.543 0.023636
746.625 759.644 0.022372
746.625 759.745 0.023939
746.625 759.846 0.02459
746.625 759.947 0.022274
746.625 760.048 0.02383
746.625 760.149 0.02431
746.625 760.25 0.022359
746.625 760.351 0.024681
746.625 760.452 0.023151
746.625 760.554 0.022669
746.625 760.655 0.024226
746.625 760.756 0.023028
746.625 760.858 0.022538
746.625 760.959 0.02364
746.625 761.06 0.022597
746.625 761.161 0.022722
746.625 761.262 0.023662
746.625 761.363 0.025976
746.625 761.464 0.023054
746.625 761.565 0.023666
746.625 761.666 0.022424
746.625 761.767 0.023522
746.625 761.868 0.025154
746.625 761.97 0.023372
746.625 762.071 0.023821
746.625 762.173 0.027327
746.625 762.274 0.027362
746.625 762.376 0.026775
746.625 762.478 0.026753
754.868 762.58 0.023056
754.868 762.681 0.023447
754.868 762.782 0.022354
754.868 762.883 0.023646
754.868 762.984 0.023768
754.868 763.085 0.022271
754.868 763.186 0.02328
754.868 763.287 0.023661
754.868 763.388 0.022275
754.868 763.489 0.0234
754.868 763.59 0.023058
754.868 763.691 0.02341
754.868 763.792 0.023023
754.868 763.893 0.023448
754.868 763.994 0.022465
754.868 764.095 0.023893
754.868 764.196 0.02456
754.868 764.297 0.023422
754.868 764.398 0.023987
754.868 764.499 0.023847
754.868 764.6 0.024106
754.868 764.702 0.023775
754.868 764.803 0.023598
754.868 764.904 0.022444
754.868 765.005 0.023717
754.868 765.106 0.024464
754.868 765.207 0.022488
754.868 765.308 0.023792
754.868 765.409 0.023841
754.868 765.51 0.022145
754.868 765.611 0.025028
754.868 765.712 0.023934
754.868 765.813 0.022326
754.868 765.915 0.025045
754.868 766.015 0.023697
754.868 766.116 0.02223
754.868 766.217 0.023802
754.868 766.318 0.024202
754.868 766.419 0.02224
754.868 766.52 0.02548
754.868 766.621 0.023503
754.868 766.722 0.022374
754.868 766.823 0.023726
754.868 766.925 0.023559
754.868 767.026 0.022389
754.868 767.126 0.023653
754.868 767.227 0.023519
754.868 767.329 0.022406
754.868 767.43 0.023511
754.868 767.531 0.023151
754.868 767.632 0.022506
754.868 767.733 0.023475
754.868 767.834 0.024193
754.868 767.935 0.023125
754.868 768.036 0.023223
754.868 768.137 0.022535
754.868 768.239 0.022816
754.868 768.339 0.02457
754.868 768.44 0.022856
754.868 768.541 0.023079
754.868 768.642 0.023257
754.868 768.744 0.022876
754.868 768.845 0.023903
754.868 768.947 0.026811
754.868 769.048 0.026431
754.868 769.15 0.026156
754.868 769.251 0.026195
754.868 769.352 0.026749
754.868 769.454 0.026004
754.868 769.555 0.025516
754.868 769.656 0.023658
761.8 769.757 0.023949
761.8 769.859 0.022986
761.8 769.96 0.022561
761.8 770.061 0.022543
761.8 770.162 0.022523
761.8 770.263 0.024253
761.8 770.364 0.022893
761.8 770.466 0.022401
761.8 770.567 0.023865
761.8 770.668 0.023458
761.8 770.769 0.022266
761.8 770.87 0.024268
761.8 770.971 0.024043
761.8 771.072 0.022565
761.8 771.173 0.02364
761.8 771.274 0.023419
761.8 771.375 0.022655
761.8 771.476 0.023432
761.8 771.577 0.023288
761.8 771.678 0.022925
761.8 771.779 0.022642
761.8 771.88 0.023512
761.8 771.981 0.022346
761.8 772.083 0.023879
761.8 772.184 0.023623
761.8 772.285 0.022564
761.8 772.386 0.024077
761.8 772.487 0.023181
761.8 772.589 0.023488
761.8 772.69 0.023753
761.8 772.791 0.022574
761.8 772.892 0.0235
761.8 772.993 0.023964
761.8 773.094 0.022498
761.8 773.195 0.023648
761.8 773.297 0.023538
761.8 773.398 0.022401
761.8 773.499 0.022924
761.8 773.6 0.025082
761.8 773.701 0.023089
761.8 773.802 0.022961
761.8 773.903 0.023128
761.8 774.004 0.022417
761.8 774.105 0.023952
761.8 774.206 0.024079
761.8 774.307 0.022454
761.8 774.408 0.026799
761.8 774.509 0.026609
761.8 774.615 0.026298
761.8 774.711 0.023849
761.8 774.812 0.023317
761.8 774.913 0.023344
761.8 775.014 0.023121
761.8 775.115 0.029345
761.8 775.217 0.023541
761.8 775.318 0.025454
761.8 775.419 0.022702
761.8 775.52 0.023696
761.8 775.622 0.023914
761.8 775.722 0.022986
761.8 775.823 0.023926
761.8 775.925 0.024336
761.8 776.026 0.022795
761.8 776.127 0.02414
761.8 776.229 0.026832
761.8 776.33 0.023232
761.8 776.432 0.02651
761.8 776.533 0.025212
761.8 776.635 0.02496
761.8 776.736 0.029368
761.8 776.837 0.025813
761.8 776.939 0.025014
768.523 777.04 0.024165
768.523 777.141 0.022688
768.523 777.242 0.024078
768.523 777.343 0.023526
768.523 777.444 0.022661
768.523 777.545 0.023394
768.523 777.646 0.024086
768.523 777.747 0.022327
768.523 777.848 0.023706
768.523 777.949 0.023418
768.523 778.05 0.022157
768.523 778.151 0.023531
768.523 778.251 0.023665
768.523 778.352 0.022155
768.523 778.453 0.023882
768.523 778.554 0.023454
768.523 778.655 0.022432
768.523 778.757 0.023759
768.523 778.858 0.024735
768.523 778.959 0.022376
768.523 779.06 0.02513
768.523 779.161 0.02377
768.523 779.262 0.022379
768.523 779.363 0.024576
768.523 779.464 0.02295
768.523 779.565 0.022512
768.523 779.666 0.02356
768.523 779.767 0.023629
768.523 779.868 0.022535
768.523 779.969 0.023572
768.523 780.07 0.023528
768.523 780.171 0.024108
768.523 780.272 0.022724
768.523 780.373 0.024073
768.523 780.474 0.022418
768.523 780.575 0.023889
768.523 780.676 0.024094
768.523 780.778 0.023151
768.523 780.879 0.024515
768.523 780.98 0.023002
768.523 781.083 0.023026
768.523 781.183 0.023849
768.523 781.284 0.02279
768.523 781.387 0.02322
768.523 781.488 0.023352
768.523 781.589 0.022862
768.523 781.69 0.022715
768.523 781.791 0.024312
768.523 781.892 0.023635
768.523 781.994 0.025162
768.523 782.095 0.026292
768.523 782.196 0.025004
768.523 782.297 0.02637
768.523 782.398 0.025589
775.815 782.5 0.023324
775.815 782.601 0.022367
775.815 782.702 0.023463
775.815 782.804 0.022258
775.815 782.905 0.022896
775.815 783.006 0.023131
775.815 783.107 0.022758
775.815 783.208 0.02293
775.815 783.309 0.023085
775.815 783.41 0.022524
775.815 783.511 0.023334
775.815 783.612 0.02278
775.815 783.713 0.023319
775.815 783.814 0.022621
775.815 783.915 0.023207
775.815 784.016 0.022708
775.815 784.118 0.022948
775.815 784.218 0.024072
775.815 784.32 0.022592
775.815 784.421 0.022726
775.815 784.522 0.022872
775.815 784.623 0.026305
775.815 784.724 0.023307
775.815 784.825 0.022915
775.815 784.926 0.022602
775.815 785.027 0.023686
775.815 785.128 0.023286
775.815 785.229 0.02383
775.815 785.33 0.023755
775.815 785.431 0.022883
775.815 785.532 0.022468
775.815 785.633 0.022823
775.815 785.734 0.022458
775.815 785.835 0.022649
775.815 785.936 0.022277
775.815 786.037 0.022479
775.815 786.138 0.022739
775.815 786.239 0.022348
775.815 786.34 0.022932
775.815 786.441 0.022529
775.815 786.542 0.022353
775.815 786.643 0.023357
775.815 786.744 0.022734
775.815 786.846 0.022254
775.815 786.947 0.024088
775.815 787.048 0.022823
775.815 787.149 0.02267
775.815 787.25 0.022571
775.815 787.351 0.022349
775.815 787.452 0.023678
775.815 787.553 0.022581
775.815 787.654 0.02301
775.815 787.755 0.022934
775.815 787.857 0.024014
775.815 787.963 0.023331
775.815 788.064 0.022703
775.815 788.165 0.023091
