629.02	1.34925	0.019984	1.19343	0.145582			630.605	630.937	1.34075			631.171	636.527	0.035778
630.391	0.196491	0.016737	0.076557	0.114717			630.787	632.279	1.04715			631.171	636.626	0.026253
630.605	0.164339	0.016543	0.061444	0.100233			630.985	633.328	1.02546			631.171	636.725	0.025571
630.787	0.179393	0.017276	0.07217	0.104617			631.171	634.354	1.60604			631.171	636.826	0.026392
630.985	0.169356	0.015635	0.068929	0.09784			631.355	635.961	1.05088			631.171	636.927	0.025915
631.171	0.167201	0.015832	0.060609	0.103921			631.554	637.013	0.885764			631.355	637.029	0.025748
631.355	0.178354	0.019097	0.058563	0.116963			631.751	637.9	0.912815			631.355	637.13	0.02594
631.554	0.179183	0.017306	0.061838	0.114705			631.935	638.814	0.793641			631.355	637.231	0.024963
631.751	0.164833	0.017694	0.069279	0.09239			632.109	639.609	0.623081			631.355	637.332	0.026279
631.935	0.157792	0.015386	0.063371	0.090803			632.27	640.233	0.82802			631.355	637.433	0.026897
632.109	0.145504	0.014443	0.057427	0.085471			632.542	641.062	1.10101			631.355	637.534	0.023535
632.27	0.254572	0.016084	0.061857	0.190035			632.819	642.164	1.17709			631.355	637.635	0.023128
632.542	0.260041	0.015565	0.065053	0.192115			633.105	643.342	1.42626			631.355	637.736	0.025012
632.819	0.269281	0.014863	0.066804	0.199735			633.391	644.769	0.512284			631.355	637.838	0.023931
633.105	0.267809	0.017108	0.067237	0.197613			634.566	645.283	0.866966			631.554	637.938	0.022965
633.391	1.15859	0.015339	0.066068	1.08987			634.826	646.15	1.08683			631.554	638.04	0.024348
634.566	0.243826	0.015536	0.06604	0.175137			635.078	647.238	1.13098			631.554	638.141	0.021671
634.826	0.235752	0.014933	0.062806	0.1702			635.33	648.371	1.2418			631.554	638.242	0.026045
635.078	0.235931	0.0147	0.063074	0.170299			635.594	649.614	0.895463			631.554	638.343	0.022226
635.33	0.247949	0.015232	0.063814	0.18149			635.848	650.51	1.33256			631.554	638.445	0.024403
635.594	0.237859	0.014882	0.063643	0.17167			636.106	651.844	0.939437			631.554	638.545	0.023267
635.848	0.242454	0.014665	0.064011	0.175876			642.597	652.785	0.796321			631.554	638.646	0.024767
636.106	6.47325	0.016168	0.063604	6.40696			648.614	657.498	0.796508			631.554	638.748	0.025132
642.597	6.00033	0.016113	0.066046	5.93156			657.498	666.013	0.819812			631.751	638.849	0.025075
648.614	8.86796	0.014197	0.068566	8.79663			666.014	673.797	1.46748			631.751	638.95	0.022451
657.498	8.49907	0.014813	0.068841	8.42758			673.797	675.267	1.03779			631.751	639.051	0.024881
666.014	7.76735	0.014973	0.121082	7.64365			674.738	676.306	0.802936			631.751	639.152	0.025814
673.797	0.925236	0.014193	0.124202	0.798472			674.993	677.11	0.764976			631.751	639.253	0.025219
674.738	0.239815	0.014932	0.066842	0.170256			675.238	677.876	0.648461			631.751	639.355	0.024879
674.993	0.229554	0.014571	0.064737	0.162271			675.482	678.525	1.26943			631.751	639.456	0.025309
675.238	0.228207	0.01472	0.063697	0.161988			675.728	679.796	0.889332			631.751	639.557	0.023965
675.482	0.230318	0.01452	0.06555	0.162239			676.505	680.686	0.847051			631.935	639.658	0.023334
675.728	0.761394	0.014691	0.055837	0.7028			676.76	681.534	0.622847			631.935	639.759	0.022977
676.505	0.238591	0.014839	0.054612	0.181451			677.492	682.158	0.807912			631.935	639.861	0.025765
676.76	0.716602	0.014586	0.059241	0.65478			677.733	682.967	0.6294			631.935	639.962	0.024731
677.492	0.225685	0.014642	0.061551	0.161578			677.975	683.597	1.11172			631.935	640.063	0.024419
677.733	0.226055	0.014515	0.058044	0.165433			678.235	684.71	0.851225			631.935	640.164	0.026998
677.975	0.244054	0.014826	0.055946	0.185558			678.922	685.562	0.898821			632.109	640.265	0.023283
678.235	0.671127	0.014669	0.058059	0.610497			679.58	686.462	0.759388			632.109	640.367	0.024855
678.922	0.641294	0.016014	0.0656	0.573137			680.255	687.223	0.626934			632.109	640.468	0.024208
679.58	0.659515	0.01454	0.058699	0.598259			680.51	687.851	0.634569			632.109	640.569	0.023684
680.255	0.239019	0.014368	0.060122	0.176322			685.089	688.486	0.667579			632.109	640.67	0.024454
680.51	4.5629	0.014686	0.053693	4.5067			685.79	689.155	1.42501			632.109	640.772	0.024517
685.089	0.686306	0.014637	0.053867	0.629849			685.971	690.581	0.887208			632.109	640.873	0.024517
685.79	0.164693	0.014674	0.056241	0.105894			686.14	692.081	0.783732			632.109	640.974	0.026192
685.971	0.15264	0.015467	0.058102	0.091827			692.081	692.866	1.17225			632.27	641.075	0.02546
686.14	5.9246	0.014768	0.057246	5.86472			692.237	694.039	0.868126			632.27	641.177	0.024581
692.081	0.139967	0.01478	0.060867	0.076277			692.39	698.523	1.10758			632.27	641.277	0.024884
692.237	0.136919	0.015358	0.057636	0.076356			698.522	699.632	1.11355			632.27	641.379	0.027131
692.39	6.1166	0.014807	0.057413	6.05664			698.673	700.746	1.04987			632.27	641.48	0.025729
698.522	0.134138	0.015122	0.05865	0.072762			698.826	701.797	1.16571			632.27	641.581	0.024185
698.673	0.137396	0.015281	0.055857	0.078911			698.976	702.964	0.676659			632.27	641.683	0.024345
698.826	0.134061	0.014416	0.055621	0.075889			699.125	703.642	1.09471			632.27	641.784	0.022506
698.976	0.132836	0.014928	0.054779	0.075491			699.897	704.737	0.940374			632.27	641.885	0.022811
699.125	0.756872	0.01454	0.055676	0.6985			700.049	705.679	0.90288			632.27	641.986	0.026178
699.897	0.13528	0.014967	0.058291	0.074459			700.199	706.583	0.882333			632.27	642.088	0.02341
700.049	0.134762	0.014412	0.056359	0.075802			700.345	707.466	1.1125			632.542	642.189	0.025075
700.199	0.130085	0.014655	0.053668	0.073854			700.502	708.58	0.985512			632.542	642.29	0.024603
700.345	0.141955	0.014617	0.055728	0.083647			700.648	709.567	0.544278			632.542	642.391	0.024434
700.502	0.130136	0.01484	0.054921	0.072666			701.382	710.112	0.727155			632.542	642.492	0.023916
700.648	0.715806	0.016639	0.055503	0.65744			701.533	710.84	0.786507			632.542	642.593	0.024198
701.382	0.135342	0.014242	0.056008	0.076757			707.861	711.628	0.59918			632.542	642.695	0.023884
701.533	6.31242	0.014429	0.055929	6.2539			708.409	712.228	1.24869			632.542	642.796	0.023543
707.861	0.53209	0.014671	0.05948	0.46999			709.076	716.027	1.1692			632.542	642.897	0.02597
708.409	0.65231	0.014388	0.056171	0.593596			716.026	717.197	1.07326			632.542	642.998	0.024855
709.076	6.93475	0.014288	0.057997	6.87418			716.791	718.271	0.738743			632.542	643.1	0.026767
716.026	0.748817	0.014282	0.062972	0.683317			717.024	719.011	0.504234			632.542	643.201	0.025272
716.791	0.218151	0.014385	0.056378	0.159234			717.246	719.517	0.934251			632.542	643.302	0.023932
717.024	0.205444	0.014729	0.059417	0.143407			717.471	720.452	0.849033			632.819	643.404	0.023828
717.246	0.210049	0.014633	0.057301	0.150235			717.703	721.302	0.78132			632.819	643.505	0.022594
717.471	0.215854	0.014587	0.055939	0.157356			717.936	724.625	1.17563			632.819	643.606	0.027065
717.703	0.215593	0.016664	0.054407	0.158461			724.624	731.583	0.846393			632.819	643.707	0.025152
717.936	6.67221	0.01474	0.059796	6.60965			731.583	737.757	1.25194			632.819	643.809	0.026653
724.624	6.94156	0.01559	0.06174	6.87717			737.757	744.284	1.06865			632.819	643.91	0.026013
731.583	6.15827	0.015377	0.083381	6.07222			744.284	745.354	1.04084			632.819	644.011	0.024782
737.757	6.50971	0.015701	0.088375	6.41874			745.146	746.396	1.18071			632.819	644.112	0.027103
744.284	0.84591	0.014826	0.082305	0.760883			745.926	747.578	0.918571			632.819	644.214	0.023536
745.146	0.761166	0.017827	0.057814	0.70066			746.625	754.868	1.3644			632.819	644.315	0.025633
745.926	0.68294	0.015185	0.058115	0.622306			754.868	761.8	0.755291			632.819	644.416	0.024629
746.625	8.2265	0.014867	0.0568	8.16714			761.8	768.523	1.13144			632.819	644.518	0.02473
754.868	6.91618	0.015284	0.133704	6.77988			768.523	775.816	1.15656			632.819	644.619	0.023798
761.8	6.70564	0.015899	0.080854	6.62213			775.815	781.654	0.816408			632.819	644.72	0.023797
768.523	7.27562	0.015991	0.095269	7.1777			781.653	788.687	1.67264			633.105	644.821	0.022813
775.815	5.82089	0.015517	0.098039	5.72017			788.687	795.651	0.711008			633.105	644.922	0.024814
781.653	7.01683	0.015604	0.061103	6.9531			795.65	802.049	0.931605			633.105	645.024	0.023027
788.687	6.94712	0.015288	0.094838	6.84967			802.049	810.122	1.12994			633.105	645.125	0.024207
795.65	6.38214	0.015695	0.057791	6.32177			810.122	811.254	0.765381			633.105	645.226	0.024725
802.049	8.05682	0.014831	0.056116	7.99817			810.34	812.02	1.66633			633.391	645.326	0.023337
810.122	0.201422	0.01507	0.112814	0.086071			811.084	813.688	0.783651			633.391	645.427	0.023686
810.34	0.727378	0.01553	0.061369	0.663297			811.425	814.473	0.607076			633.391	645.528	0.02342
811.084	0.320577	0.019237	0.056627	0.261381			812.082	815.081	1.27842			633.391	645.63	0.023876
811.425	0.641144	0.01508	0.06087	0.577598			813.023	816.36	0.754754			633.391	645.731	0.024248
812.082	0.924093	0.015437	0.058502	0.862988			813.861	821.52	1.0933			633.391	645.832	0.024154
813.023	0.821151	0.015734	0.059274	0.759234			821.52	822.615	0.758491			633.391	645.933	0.024557
813.861	7.64336	0.014832	0.058975	7.58163			822.275	823.374	0.926221			633.391	646.034	0.024974
821.52	0.739003	0.01494	0.060275	0.676164			823.108	824.301	0.750279			633.391	646.135	0.025581
822.275	0.817132	0.015002	0.060961	0.753575			823.99	831.747	1.5445			634.566	646.236	0.022845
823.108	0.866538	0.014768	0.059235	0.804732			831.747	840.236	1.40264			634.566	646.337	0.022708
823.99	7.74031	0.015315	0.060179	7.67755			840.236	848.312	1.16625			634.566	646.439	0.027065
831.747	8.47265	0.014782	0.1281	8.34197			848.312	849.479	1.59032			634.566	646.54	0.023418
840.236	8.05934	0.015441	0.177713	7.87895			849.183	854.058	1.07548			634.566	646.641	0.023646
848.312	0.855724	0.014886	0.111945	0.74121			854.058	855.135	1.21045			634.566	646.742	0.023868
849.183	4.85771	0.015815	0.057913	4.79696			854.871	856.346	0.94048			634.566	646.843	0.024487
854.058	0.796018	0.015389	0.056676	0.736716			855.119	862.94	1.09167			634.566	646.944	0.025363
854.871	0.230628	0.01617	0.058389	0.169548			862.94	864.033	0.723627			634.566	647.045	0.025456
855.119	7.80534	0.014884	0.056186	7.74626			863.267	864.758	0.958379			634.566	647.146	0.023673
862.94	0.310132	0.015591	0.107708	0.199756			864.21	865.717	1.17663			634.826	647.247	0.023272
863.267	0.925861	0.015739	0.059095	0.86411			865.168	866.895	1.11525			634.826	647.348	0.024311
864.21	0.942734	0.015155	0.056105	0.884078			865.391	868.011	0.719351			634.826	647.449	0.024503
865.168	0.206557	0.01511	0.057204	0.146789			865.593	868.732	1.18213			634.826	647.55	0.022572
865.391	0.186037	0.015033	0.057871	0.125557			865.807	869.915	1.19899			634.826	647.651	0.023449
865.593	0.196901	0.015526	0.056709	0.13752			866.014	871.115	1.12397			634.826	647.752	0.023607
865.807	0.190525	0.01513	0.058331	0.129559			866.256	872.24	1.37668			634.826	647.853	0.023255
866.014	0.226021	0.01508	0.056722	0.166753			866.509	873.618	0.933931			634.826	647.954	0.023723
866.256	0.23607	0.015911	0.055181	0.17794			866.751	874.553	0.766176			634.826	648.055	0.024736
866.509	0.222821	0.018143	0.061293	0.158329			866.965	875.32	1.3865			634.826	648.157	0.023565
866.751	0.198199	0.015166	0.056845	0.138644			867.176	876.708	1.09008			634.826	648.258	0.025994
866.965	0.194048	0.014919	0.055265	0.136251			867.391	877.799	1.00712			634.826	648.36	0.02468
867.176	0.199005	0.015008	0.05623	0.140203			871.667	878.807	1.31205			635.078	648.461	0.022057
867.391	4.26042	0.015166	0.059424	4.19844			871.819	880.12	0.690379			635.078	648.562	0.024629
871.667	0.13518	0.014928	0.056799	0.075783			871.972	880.812	0.993108			635.078	648.663	0.029102
871.819	0.136945	0.014962	0.057005	0.077345			872.125	881.806	0.684886			635.078	648.764	0.024774
871.972	0.136629	0.015104	0.056084	0.077941			872.281	882.492	0.668158			635.078	648.865	0.024616
872.125	0.140027	0.015694	0.057914	0.079556			872.515	883.161	1.0104			635.078	648.967	0.025213
872.281	0.217168	0.014993	0.056202	0.158419			872.748	884.173	0.912418			635.078	649.068	0.026452
872.515	0.217285	0.014926	0.056035	0.158656			872.967	885.086	1.66141			635.078	649.169	0.023757
872.748	0.201666	0.016446	0.057587	0.141398			873.181	886.749	0.833366			635.078	649.27	0.025412
872.967	0.197908	0.014851	0.059756	0.135562			873.392	887.583	1.46807			635.078	649.372	0.026865
873.181	0.194724	0.015335	0.055128	0.137063			874.343	889.053	0.711252			635.078	649.473	0.02466
873.392	0.934451	0.015298	0.05652	0.875281			874.554	889.765	1.17142			635.078	649.574	0.025257
874.343	0.194915	0.015319	0.056974	0.135241			874.762	890.938	1.47868			635.33	649.675	0.023814
874.554	0.192272	0.014958	0.058243	0.131482			874.957	892.417	1.05486			635.33	649.777	0.022927
874.762	0.178085	0.015039	0.054103	0.121459			875.15	893.473	1.20392			635.33	649.878	0.024921
874.957	0.177535	0.014868	0.054358	0.120594			875.345	894.678	0.86664			635.33	649.979	0.025719
875.15	0.178604	0.014834	0.056108	0.119971			875.535	895.549	0.81446			635.33	650.08	0.025231
875.345	0.174502	0.014692	0.054102	0.117694			875.745	896.365	0.755154			635.33	650.182	0.02674
875.535	0.194448	0.014423	0.055557	0.136318			875.967	897.121	0.653979			635.33	650.283	0.024821
875.745	0.202926	0.017989	0.060411	0.139481			876.161	897.777	0.860785			635.33	650.385	0.024353
875.967	0.174591	0.017879	0.057723	0.113626			876.355	898.638	1.49392			635.33	650.486	0.02579
876.161	0.178741	0.014727	0.058081	0.118109			876.559	900.133	0.744405			635.594	650.587	0.022454
876.355	0.186048	0.015944	0.056371	0.127085			876.784	900.879	1.32647			635.594	650.688	0.023475
876.559	0.209145	0.015003	0.065177	0.141334			876.981	902.207	0.831751			635.594	650.789	0.023529
876.784	0.180636	0.015586	0.05718	0.120841			877.214	903.04	0.907713			635.594	650.89	0.024213
876.981	0.216671	0.015577	0.058638	0.155413			877.416	903.948	1.41951			635.594	650.991	0.023652
877.214	0.18217	0.018401	0.062603	0.116452			877.61	905.369	1.05332			635.594	651.092	0.024999
877.416	0.177574	0.014943	0.056462	0.118542			877.805	906.424	1.74961			635.594	651.194	0.026695
877.61	0.179021	0.014862	0.057752	0.11872			878	908.174	0.668942			635.594	651.295	0.022876
877.805	0.179152	0.01495	0.06044	0.116116			878.2	908.845	1.25792			635.594	651.396	0.024274
878	0.184058	0.01488	0.063109	0.118372			878.403	910.104	1.22859			635.594	651.497	0.02338
878.2	0.186832	0.015484	0.062563	0.121624			878.612	911.334	0.649896			635.594	651.599	0.024533
878.403	0.192819	0.014307	0.062594	0.127616			878.81	911.985	0.771094			635.594	651.699	0.023311
878.612	0.181967	0.015359	0.064635	0.114729			879.003	912.757	1.54303			635.594	651.801	0.024092
878.81	0.178013	0.014451	0.060752	0.113599			879.194	914.301	0.871173			635.848	651.902	0.022919
879.003	0.175101	0.014016	0.058805	0.113763			879.384	915.173	0.930059			635.848	652.003	0.022862
879.194	0.174697	0.014215	0.061524	0.110564			879.575	916.105	0.539117			635.848	652.104	0.023479
879.384	0.175042	0.014942	0.060438	0.112016			879.765	916.645	0.820504			635.848	652.205	0.023555
879.575	0.174388	0.01544	0.062355	0.109406			879.967	917.467	1.07946			635.848	652.307	0.023837
879.765	0.184662	0.015409	0.063739	0.118347			880.165	918.548	0.752769			635.848	652.408	0.023966
879.967	0.180666	0.016322	0.061613	0.116339			880.358	919.301	1.0004			635.848	652.509	0.026138
880.165	0.177087	0.014665	0.060889	0.113584			880.559	920.303	0.832262			635.848	652.61	0.026163
880.358	0.185233	0.014618	0.06237	0.120316			884.48	921.136	0.678434			635.848	652.711	0.024647
880.559	3.90578	0.014876	0.062134	3.84107			885.331	921.815	0.742105			636.106	652.812	0.02565
884.48	0.835359	0.014635	0.060398	0.772347			893.272	922.558	0.919696			636.106	652.913	0.025865
885.331	7.92465	0.01518	0.060874	7.86113			894.186	923.479	0.612988			636.106	653.014	0.022943
893.272	0.897617	0.014912	0.066232	0.828787			898.29	924.093	0.952812			636.106	653.115	0.023313
894.186	4.08671	0.016267	0.061721	4.02226			899.06	925.047	1.34862			636.106	653.217	0.022996
898.29	0.753531	0.015398	0.061316	0.68962			906.449	926.397	0.703731			636.106	653.319	0.024869
899.06	7.37258	0.014679	0.05938	7.31059			907.663	927.102	1.36829			636.106	653.419	0.022813
906.449	1.19816	0.014621	0.062449	1.13308			914.155	928.471	1.10673			636.106	653.521	0.023178
907.663	6.47621	0.014658	0.062841	6.41068			916.126	929.579	0.679956			642.597	653.621	0.023129
914.155	1.95345	0.016331	0.06297	1.88766			923.627	930.442	1.1003			642.597	653.722	0.022643
916.126	7.48493	0.015099	0.05968	7.42269			930.442	936.182	1.01775			642.597	653.823	0.022844
923.627	6.79922	0.014598	0.069365	6.72728			936.184	937.201	0.805937			642.597	653.924	0.022688
930.442	5.72418	0.014845	0.067373	5.65423			936.405	938.008	1.17498			642.597	654.025	0.023098
936.184	0.204394	0.015185	0.064578	0.136849			936.614	939.184	1.6446			642.597	654.126	0.022378
936.405	0.192192	0.015579	0.06305	0.126556			936.813	940.83	0.666302			642.597	654.227	0.024342
936.614	0.18258	0.01536	0.063474	0.116384			937.009	941.497	1.21083			642.597	654.328	0.023058
936.813	0.18005	0.014895	0.062447	0.114987			937.206	942.709	1.2898			642.597	654.429	0.023195
937.009	0.180804	0.01493	0.063271	0.114973			937.4	944	1.01318			642.597	654.53	0.023298
937.206	0.178104	0.015193	0.060539	0.115013			937.599	945.014	0.872908			642.597	654.631	0.029239
937.4	0.182237	0.015005	0.062544	0.117075			937.811	945.887	1.66398			642.597	654.732	0.023998
937.599	0.196363	0.014742	0.064843	0.128897			938.009	947.552	0.597437			642.597	654.833	0.028909
937.811	0.181811	0.015064	0.061958	0.117134			938.199	948.15	0.71629			642.597	654.934	0.024008
938.009	0.175231	0.014359	0.062075	0.110592			938.39	948.867	1.43068			642.597	655.035	0.024005
938.199	0.17304	0.016194	0.06254	0.107862			938.577	950.299	1.19625			642.597	655.136	0.023147
938.39	0.171057	0.014863	0.061218	0.10723			938.782	951.496	1.11711			642.597	655.237	0.023168
938.577	0.188767	0.014958	0.063169	0.12302			938.988	952.614	0.626441			642.597	655.338	0.022762
938.782	0.189496	0.015385	0.064039	0.122663			939.177	953.241	0.903988			642.597	655.439	0.023402
938.988	0.173114	0.014631	0.061254	0.109274			939.368	954.146	1.23632			642.597	655.54	0.022914
939.177	0.174872	0.014514	0.061413	0.110883			939.563	955.383	1.20396			642.597	655.641	0.022645
939.368	0.178479	0.014894	0.060049	0.115852			939.757	956.588	1.69533			642.597	655.742	0.022605
939.563	0.178372	0.015025	0.062231	0.1136			939.953	958.284	1.41044			642.597	655.843	0.022671
939.757	0.179907	0.014997	0.060163	0.117216			940.155	959.695	1.28729			642.597	655.944	0.022858
939.953	0.184872	0.015011	0.063294	0.11907			940.357	960.984	0.96114			642.597	656.045	0.022709
940.155	0.185362	0.015477	0.06078	0.122014			941.864	961.945	0.782233			642.597	656.146	0.022786
940.357	1.49017	0.015603	0.064503	1.42288			942.745	962.729	1.33901			642.597	656.247	0.023189
941.864	0.865512	0.014951	0.065984	0.796815			943.255	964.068	2.68575			642.597	656.348	0.022633
942.745	0.494295	0.014387	0.051707	0.44002			943.474	966.755	1.22364			642.597	656.449	0.022829
943.255	0.202927	0.014683	0.054222	0.146051			943.771	967.979	1.26552			642.597	656.55	0.025336
943.474	0.28173	0.014664	0.055824	0.223372			944.065	969.246	1.14071			642.597	656.651	0.022634
943.771	0.278216	0.014756	0.055311	0.220359								642.597	656.752	0.023199
944.065	0.495211	0.014178	0.053161	0.439467								642.597	656.853	0.023809
944.575	0.47463	0.01473	0.052556	0.419498								642.597	656.954	0.022811
945.066	0.193729	0.0149	0.054636	0.136326								642.597	657.056	0.022203
945.276	0.182854	0.014707	0.051932	0.128339								642.597	657.157	0.023619
945.474	0.176184	0.014333	0.053338	0.120346								642.597	657.258	0.023242
945.666	0.190062	0.014666	0.060519	0.127011								642.597	657.359	0.02288
945.872	0.183662	0.014762	0.055923	0.125133								642.597	657.46	0.022714
946.071	0.183682	0.013897	0.05476	0.126376								642.597	657.561	0.025883
946.27	0.211223	0.014705	0.05438	0.154275								642.597	657.662	0.024358
946.497	0.196015	0.014502	0.057345	0.135923								642.597	657.762	0.022584
946.708	0.176789	0.015631	0.055244	0.118839								642.597	657.864	0.022892
946.902	0.184321	0.014489	0.0584	0.123373								642.597	657.965	0.022742
947.102	0.270921	0.014462	0.05512	0.213274								642.597	658.066	0.025978
947.388	0.192383	0.014259	0.055326	0.13447								642.597	658.167	0.023457
947.596	0.186219	0.014355	0.056369	0.127255								642.597	658.268	0.024341
947.798	0.350797	0.015259	0.058584	0.28963								648.614	658.369	0.022686
948.165	0.965741	0.014372	0.057275	0.905853								648.614	658.47	0.022194
949.146	0.820227	0.015195	0.055735	0.761862								648.614	658.571	0.022928
949.982	0.19631	0.015385	0.058689	0.134951								648.614	658.672	0.022838
950.195	0.530166	0.01498	0.055671	0.471816								648.614	658.773	0.022981
950.742	0.578074	0.014799	0.055508	0.519922								648.614	658.874	0.023045
951.336	2.88865	0.014545	0.057627	2.82835								648.614	658.975	0.022679
954.24	0.534106	0.0145	0.056482	0.47491								648.614	659.076	0.022785
954.79	0.190472	0.014942	0.054946	0.132846								648.614	659.177	0.022415
954.996	0.186472	0.014511	0.058139	0.125707								648.614	659.278	0.023767
955.198	0.182992	0.014416	0.053775	0.126558								648.614	659.379	0.023183
955.397	0.193884	0.014856	0.058647	0.13237								648.614	659.48	0.024614
955.607	0.206523	0.014971	0.058053	0.145841								648.614	659.581	0.021683
955.829	0.201526	0.014881	0.060526	0.138458								648.614	659.682	0.02302
956.047	0.194113	0.016024	0.064464	0.126769								648.614	659.783	0.022662
956.258	0.192791	0.014498	0.059421	0.130816								648.614	659.884	0.022333
956.467	0.192663	0.014708	0.060024	0.130063								648.614	659.985	0.022857
956.676	0.200718	0.014624	0.061667	0.136311								648.614	660.086	0.022603
956.892	0.208047	0.014526	0.063343	0.142133								648.614	660.187	0.022821
957.116	0.186866	0.014929	0.06243	0.121596								648.614	660.288	0.022771
957.319	0.183407	0.014237	0.062992	0.117863								648.614	660.389	0.02263
957.518	0.184791	0.014982	0.062774	0.119446								648.614	660.49	0.022371
957.718	0.187621	0.014276	0.061787	0.123262								648.614	660.591	0.024533
957.921	0.192245	0.014444	0.070999	0.118624								648.614	660.691	0.023392
958.129	0.184686	0.014879	0.062303	0.118893								648.614	660.792	0.023025
958.33	0.180412	0.014472	0.063302	0.114536								648.614	660.893	0.023091
958.526	0.175848	0.015146	0.060019	0.113254								648.614	660.994	0.023185
958.718	0.183961	0.014685	0.063344	0.116545								648.614	661.096	0.023258
958.918	0.185047	0.015688	0.063722	0.118764								648.614	661.197	0.023992
959.12	0.175088	0.014838	0.06146	0.111036								648.614	661.301	0.024213
959.311	0.181491	0.014675	0.062693	0.116254								648.614	661.402	0.024167
959.508	0.178583	0.015269	0.06255	0.113351								648.614	661.503	0.023139
959.703	0.1858	0.014522	0.062214	0.12105								648.614	661.604	0.022681
959.905	0.181431	0.015661	0.066214	0.112486								648.614	661.705	0.023008
960.103	0.183079	0.014502	0.065064	0.11546								648.614	661.806	0.023043
960.301	0.179069	0.014928	0.062651	0.113868								648.614	661.908	0.023291
960.497	0.188547	0.015238	0.063276	0.12247								648.614	662.009	0.023057
960.701	0.169545	0.014796	0.056151	0.11083								648.614	662.11	0.023249
960.887	0.169799	0.015195	0.056596	0.110521								648.614	662.212	0.024018
961.073	0.165739	0.014762	0.054172	0.108976								648.614	662.313	0.022884
961.254	0.165115	0.015017	0.053085	0.109465								648.614	662.414	0.024362
961.436	0.16637	0.014509	0.054293	0.109505								648.614	662.515	0.024332
961.618	0.206161	0.014444	0.068892	0.134537								648.614	662.616	0.023248
961.839	0.173513	0.016455	0.057405	0.113368								648.614	662.717	0.022875
962.03	0.173341	0.01479	0.056346	0.114438								648.614	662.818	0.024026
962.219	0.182727	0.015429	0.057641	0.122376								648.614	662.919	0.022914
962.419	0.189958	0.015651	0.070652	0.116602								648.614	663.02	0.022486
962.625	0.17675	0.014335	0.063922	0.110256								648.614	663.121	0.022591
962.818	0.164358	0.014332	0.054968	0.106805								648.614	663.222	0.022958
962.997	0.166372	0.015463	0.055934	0.107884								648.614	663.323	0.022518
963.18	0.162412	0.014225	0.052177	0.107628								648.614	663.424	0.022673
963.358	0.171631	0.014506	0.056114	0.112976								648.614	663.525	0.022718
963.545	0.166558	0.014449	0.054288	0.109695								648.614	663.626	0.022668
963.727	0.16453	0.014401	0.052258	0.109727								648.614	663.727	0.022442
963.907	0.172983	0.014718	0.054604	0.115799								648.614	663.828	0.02238
964.096	0.17082	0.014378	0.055961	0.112266								648.614	663.929	0.023037
964.282	0.192388	0.01452	0.05423	0.134132								648.614	664.03	0.022672
964.49	0.196997	0.016079	0.057123	0.136872								648.614	664.131	0.024206
964.705	0.176317	0.015191	0.054544	0.119018								648.614	664.232	0.023244
964.897	0.172922	0.015059	0.054086	0.116151								648.614	664.333	0.022829
965.086	0.17444	0.015141	0.056639	0.115257								648.614	664.434	0.024483
965.277	0.196441	0.014819	0.055277	0.138561								648.614	664.535	0.022799
965.489	0.196736	0.014717	0.054697	0.139489								648.614	664.636	0.022883
965.702	0.17874	0.015048	0.056048	0.119918								648.614	664.737	0.023449
965.897	0.174983	0.014626	0.055245	0.117157								648.614	664.838	0.022972
966.087	0.175949	0.014307	0.055693	0.117679								648.614	664.939	0.023477
966.279	0.175768	0.014575	0.053196	0.120015								648.614	665.04	0.02254
966.47	0.17238	0.014568	0.057202	0.112627								648.614	665.141	0.022529
966.658	0.180073	0.014597	0.057533	0.119992								648.614	665.242	0.024643
966.854	0.169432	0.014477	0.055244	0.111622								648.614	665.343	0.02423
967.039	0.188135	0.014077	0.055187	0.130385								648.614	665.444	0.02337
967.242	0.174839	0.014901	0.054007	0.118201								648.614	665.545	0.023304
967.433	0.17362	0.014346	0.056008	0.114928								648.614	665.646	0.022522
967.622	0.171815	0.014485	0.053765	0.115492								648.614	665.747	0.023111
967.809	0.170249	0.015573	0.054788	0.112881								648.614	665.849	0.022921
967.996	0.171275	0.014381	0.056768	0.111912								648.614	665.949	0.022776
968.183	0.171153	0.014584	0.055968	0.112599								648.614	666.051	0.022983
968.37	0.17284	0.014806	0.055669	0.114601								648.614	666.152	0.022813
968.558	0.171521	0.015239	0.055629	0.113311								648.614	666.253	0.022947
968.746	0.168384	0.014319	0.054253	0.11141								648.614	666.354	0.023518
968.93	0.164864	0.015571	0.053506	0.108604								648.614	666.455	0.023216
969.112	0.171372	0.01464	0.05484	0.113976								648.614	666.557	0.022706
969.299	0.170162	0.014579	0.056614	0.110672								648.614	666.658	0.02695
969.485	0.172517	0.014576	0.060415	0.109498								648.614	666.759	0.0271
969.673	0.169952	0.01571	0.06017	0.107113								657.498	666.86	0.024127
969.86	0.168847	0.014332	0.061765	0.104451								657.498	666.961	0.022717
970.045	0.175675	0.014891	0.062002	0.110859								657.498	667.062	0.024474
970.236	0.170993	0.014153	0.059694	0.108703								657.498	667.163	0.0237
970.422	0.156845	0.014189	0.049303	0.104973								657.498	667.265	0.022623
970.594	0.179073	0.015317	0.050251	0.12616								657.498	667.366	0.023311
970.79	0.166386	0.014774	0.052512	0.111315								657.498	667.467	0.023552
970.972	0.161357	0.014666	0.047655	0.11109								657.498	667.567	0.022803
971.149	0.162808	0.014139	0.050006	0.110178								657.498	667.668	0.022901
971.327	0.168175	0.014418	0.051359	0.114254								657.498	667.769	0.022927
971.51	0.173757	0.014583	0.051787	0.119415								657.498	667.87	0.022606
971.7	0.175312	0.014551	0.051581	0.121133								657.498	667.971	0.022491
971.89	0.173532	0.014622	0.05181	0.11915								657.498	668.072	0.022287
972.079	0.174544	0.01442	0.053706	0.118195								657.498	668.173	0.022662
972.269	0.17052	0.014665	0.050627	0.117302								657.498	668.274	0.022815
972.455	0.157548	0.014687	0.047748	0.107201								657.498	668.376	0.023193
972.629	0.16089	0.015694	0.051438	0.106894								657.498	668.477	0.02268
972.806	0.161277	0.014979	0.050685	0.108036								657.498	668.578	0.022553
972.983	0.165346	0.014725	0.049279	0.113471								657.498	668.679	0.022646
973.164	0.16679	0.017229	0.05158	0.112533								657.498	668.78	0.022324
973.349	0.158252	0.014493	0.052487	0.102121								657.498	668.881	0.022499
973.523	0.15777	0.014528	0.048768	0.106472								657.498	668.982	0.022928
973.696	0.167945	0.014254	0.053252	0.112144								657.498	669.083	0.024701
973.88	0.164061	0.014871	0.051147	0.110273								657.498	669.184	0.022395
974.059	0.168026	0.015043	0.049527	0.11597								657.498	669.285	0.023712
974.244	0.158633	0.014714	0.049704	0.10641								657.498	669.387	0.02278
974.418	0.158419	0.013919	0.054198	0.101484								657.498	669.488	0.022853
974.591	0.157063	0.014891	0.051168	0.103364								657.498	669.589	0.022559
974.764	0.161504	0.01424	0.053097	0.105912								657.498	669.69	0.022993
974.941	0.160131	0.013765	0.049794	0.10762								657.498	669.791	0.023313
975.116	0.159739	0.014217	0.051411	0.105808								657.498	669.892	0.024026
975.29	0.152825	0.014366	0.047743	0.102599								657.498	669.993	0.023939
975.459	0.158332	0.01497	0.052256	0.103193								657.498	670.094	0.023226
975.633	0.165182	0.01552	0.053145	0.109542								657.498	670.195	0.024375
975.814	0.162467	0.014661	0.048981	0.110695								657.498	670.297	0.023321
975.992	0.155362	0.014552	0.05186	0.100877								657.498	670.398	0.022966
976.163	0.161574	0.014108	0.049059	0.110004								657.498	670.499	0.023487
976.34	0.155545	0.016275	0.049951	0.103103								657.498	670.6	0.02431
976.512	0.156093	0.014338	0.047711	0.105821								657.498	670.701	0.022621
976.684	0.157808	0.014942	0.051435	0.103776								657.498	670.802	0.023011
976.857	0.159292	0.014146	0.049319	0.106872								657.498	670.903	0.022687
977.032	0.155662	0.015167	0.049084	0.102342								657.498	671.004	0.022786
977.204	0.163705	0.014693	0.051847	0.109014								657.498	671.105	0.023091
977.383	0.161523	0.014251	0.048828	0.110075								657.498	671.206	0.022573
977.56	0.16287	0.015132	0.051335	0.108359								657.498	671.307	0.022715
977.739	0.163067	0.015103	0.051823	0.108633								657.498	671.409	0.023683
977.918	0.164042	0.014735	0.050225	0.111329								657.498	671.51	0.02306
978.098	0.15979	0.014643	0.050731	0.106336								657.498	671.611	0.022767
978.273	0.163034	0.014421	0.05079	0.109562								657.498	671.712	0.022392
978.451	0.162933	0.014777	0.047915	0.112293								657.498	671.813	0.022963
978.63	0.15746	0.014307	0.050841	0.104017								657.498	671.914	0.02266
978.802	0.167612	0.014142	0.050903	0.11402								657.498	672.016	0.023381
978.985	0.16647	0.014526	0.048669	0.115154								657.498	672.117	0.024073
979.167	0.168029	0.014122	0.050431	0.114903								657.498	672.218	0.022782
979.35	0.165152	0.015722	0.052729	0.109713								657.498	672.32	0.022484
979.532	0.16872	0.014652	0.054333	0.11157								657.498	672.421	0.023549
979.716	0.165213	0.014296	0.049626	0.112931								657.498	672.522	0.0237
979.896	0.168456	0.015903	0.048693	0.117128								657.498	672.623	0.025175
980.082	0.166108	0.015868	0.049792	0.113537								657.498	672.724	0.022177
980.265	0.167032	0.01479	0.05131	0.113027								657.498	672.825	0.023626
980.448	0.170135	0.014248	0.053441	0.113926								657.498	672.926	0.02377
980.633	0.164494	0.014334	0.050986	0.110885								657.498	673.027	0.024228
980.813	0.17237	0.015042	0.051464	0.118276								657.498	673.129	0.022542
981.001	0.15889	0.014536	0.049445	0.106814								657.498	673.23	0.022909
981.175	0.170343	0.014236	0.053475	0.114211								657.498	673.331	0.022715
981.361	0.165369	0.014716	0.047152	0.115543								657.498	673.433	0.022544
981.542	0.163897	0.014497	0.048604	0.112682								657.498	673.534	0.022863
981.721	0.168442	0.014385	0.051792	0.113981								657.498	673.635	0.022795
981.905	0.166521	0.015405	0.050901	0.112879								657.498	673.736	0.022639
982.088	0.169414	0.014004	0.051904	0.114703								657.498	673.837	0.023563
982.272	0.166352	0.014536	0.049833	0.113253								657.498	673.938	0.023867
982.454	0.16329	0.014107	0.049116	0.111583								657.498	674.041	0.025111
982.632	0.165318	0.014514	0.050399	0.1121								657.498	674.142	0.022721
982.813	0.167523	0.014456	0.052194	0.112599								657.498	674.243	0.022993
982.996	0.160962	0.014484	0.048532	0.109791								657.498	674.345	0.02319
983.172	0.163045	0.016231	0.050964	0.109482								657.498	674.446	0.023696
983.352	0.159589	0.014659	0.052552	0.104344								657.498	674.547	0.023286
983.528	0.154254	0.014393	0.05012	0.101096								657.498	674.649	0.024018
983.697	0.159118	0.014456	0.048113	0.108356								657.498	674.75	0.025219
983.871	0.164153	0.01467	0.051646	0.109862								657.498	674.851	0.024063
984.051	0.171088	0.014611	0.053933	0.113574								657.498	674.953	0.024499
984.238	0.154534	0.014541	0.049864	0.102042								657.498	675.054	0.022984
984.408	0.162856	0.017735	0.049987	0.110239								657.498	675.155	0.023235
984.59	0.167779	0.01479	0.048582	0.116559								657.498	675.257	0.025346
984.773	0.168116	0.014599	0.049166	0.116319								666.014	675.358	0.022464
984.957	0.475879	0.014647	0.051526	0.421668								666.014	675.459	0.023877
985.448	0.441753	0.016708	0.051463	0.387505								666.014	675.56	0.024209
985.907	0.227785	0.015203	0.053336	0.171783								666.014	675.662	0.024316
986.151	0.284362	0.014958	0.049619	0.232063								666.014	675.763	0.023295
986.452	0.827318	0.014914	0.050278	0.77433								666.014	675.864	0.023469
987.294	0.872324	0.015017	0.053874	0.815824								666.014	675.965	0.023937
988.183	0.229408	0.01509	0.053374	0.173328								666.014	676.067	0.02409
988.428	0.230175	0.01412	0.047738	0.179794								666.014	676.168	0.024117
988.673	0.221713	0.014335	0.044491	0.174572								666.014	676.269	0.023975
988.91	0.447035	0.014592	0.046153	0.398182								673.797	676.371	0.022806
989.373	0.20666	0.015171	0.045923	0.158098								673.797	676.472	0.024096
989.595	0.214364	0.016488	0.049286	0.162409								673.797	676.573	0.033893
989.827	0.212023	0.01435	0.048704	0.160742								673.797	676.675	0.02857
990.054	0.336189	0.015196	0.050315	0.283287								673.797	676.776	0.025014
990.406	0.348102	0.014726	0.05076	0.294749								673.797	676.877	0.023698
990.77	0.333975	0.014751	0.04835	0.283012								673.797	676.978	0.026023
991.12	0.172909	0.014549	0.048304	0.121639								673.797	677.079	0.02487
991.308	0.337899	0.014731	0.050053	0.285164								674.738	677.181	0.023562
991.662	4.01423	0.015493	0.050052	3.96158								674.738	677.282	0.022803
995.692	11.1827	0.014745	0.052083	11.1278								674.738	677.383	0.023491
1006.89	0.836067	0.01541	0.12941	0.703986								674.738	677.485	0.025298
1007.74	4.8436	0.01478	0.062498	4.77827								674.738	677.586	0.024276
1012.6	0.544743	0.014622	0.05002	0.491892								674.738	677.687	0.024252
1013.16	0.335561	0.015419	0.051587	0.281296								674.738	677.789	0.023664
1013.51	0.294193	0.014431	0.052261	0.239344								674.993	677.89	0.025252
1013.82	0.347593	0.014799	0.051803	0.293046								674.993	677.991	0.023023
1014.19	0.231155	0.014929	0.048542	0.179976								674.993	678.093	0.030388
1014.43	6.75115	0.014491	0.051043	6.69751								674.993	678.194	0.023035
1021.2	0.126321	0.014764	0.053198	0.070353								674.993	678.295	0.028548
1021.34	0.127255	0.015667	0.055407	0.06902								674.993	678.396	0.024301
1021.49	0.120906	0.015256	0.047115	0.070778								674.993	678.497	0.025166
1021.62	10.993	0.017697	0.051305	10.939								675.238	678.598	0.022843
1032.64	0.196372	0.016528	0.121361	0.072398								675.238	678.699	0.022499
1032.85	9.48884	0.014471	0.070744	9.41552								675.238	678.8	0.022969
1042.35	0.202511	0.016008	0.128064	0.07173								675.238	678.901	0.024438
1042.57	7.92397	0.015063	0.062785	7.8584								675.238	679.002	0.026424
1050.51	0.134211	0.014431	0.057394	0.074214								675.238	679.104	0.029153
1050.66	0.131494	0.015543	0.056294	0.072314								675.238	679.205	0.024058
1050.81	0.17752	0.015635	0.055495	0.11912								675.238	679.306	0.023661
1051.01	0.127674	0.015155	0.055831	0.069215								675.238	679.407	0.023265
1051.15	0.127824	0.015282	0.056808	0.068364								675.238	679.508	0.023858
1051.29	2.08702	0.014508	0.04787	2.03647								675.238	679.61	0.024994
1053.4	0.435429	0.014455	0.049595	0.383202								675.238	679.711	0.024026
1053.85	0.127752	0.01442	0.051913	0.073218								675.482	679.812	0.023207
1053.99	0.119536	0.014666	0.047403	0.069535								675.482	679.913	0.025194
1054.12	0.452906	0.014514	0.053703	0.396374								675.482	680.014	0.024005
1054.59	0.128117	0.014115	0.05167	0.073178								675.482	680.115	0.0228
1054.74	0.625457	0.015059	0.051899	0.570929								675.482	680.216	0.025338
1055.38	0.76084	0.014533	0.046809	0.711361								675.482	680.318	0.025777
1056.15	0.185767	0.014576	0.051169	0.132014								675.482	680.419	0.025522
1056.36	0.599984	0.014342	0.050672	0.546672								675.482	680.52	0.025068
1056.97	0.82963	0.015235	0.048593	0.77838								675.482	680.621	0.024114
1057.82	0.696628	0.015113	0.049349	0.644366								675.728	680.722	0.023957
1058.53	0.176882	0.01446	0.048738	0.125476								675.728	680.823	0.026466
1058.72	0.173581	0.015014	0.049661	0.12132								675.728	680.924	0.0249
1058.91	0.18273	0.014893	0.051898	0.128011								675.728	681.025	0.022341
1059.11	0.182955	0.01451	0.049851	0.130392								675.728	681.126	0.022528
1059.31	0.178344	0.014818	0.050266	0.12544								675.728	681.227	0.025063
1059.5	0.180132	0.014838	0.048083	0.129402								675.728	681.328	0.026063
1059.7	0.177869	0.0146	0.050507	0.124284								675.728	681.429	0.026071
1059.89	0.182011	0.015011	0.050139	0.129223								675.728	681.53	0.024633
1060.09	0.179715	0.015029	0.050183	0.126885								676.505	681.631	0.024538
1060.28	0.181286	0.014471	0.04811	0.130525								676.505	681.732	0.025001
1060.48	0.181799	0.01484	0.047763	0.131456								676.505	681.833	0.024289
1060.68	0.183099	0.014949	0.046572	0.133891								676.505	681.934	0.024177
												676.505	682.035	0.023217
												676.505	682.136	0.023796
												676.76	682.237	0.022695
												676.76	682.338	0.024741
												676.76	682.439	0.023376
												676.76	682.541	0.024811
												676.76	682.642	0.024421
												676.76	682.744	0.026606
												676.76	682.845	0.025308
												676.76	682.946	0.024671
												677.492	683.047	0.023177
												677.492	683.149	0.02354
												677.492	683.25	0.026151
												677.492	683.351	0.024062
												677.492	683.453	0.023943
												677.492	683.554	0.026118
												677.733	683.655	0.023619
												677.733	683.757	0.026688
												677.733	683.857	0.02246
												677.733	683.959	0.025231
												677.733	684.06	0.02584
												677.733	684.161	0.022965
												677.733	684.265	0.026791
												677.733	684.366	0.024485
												677.733	684.468	0.023115
												677.733	684.569	0.023102
												677.733	684.67	0.023655
												677.975	684.772	0.023402
												677.975	684.873	0.022864
												677.975	684.974	0.023905
												677.975	685.075	0.026743
												677.975	685.177	0.02379
												677.975	685.278	0.025151
												677.975	685.38	0.025145
												677.975	685.481	0.025067
												678.235	685.582	0.024562
												678.235	685.683	0.023903
												678.235	685.785	0.023665
												678.235	685.886	0.025929
												678.235	685.987	0.023392
												678.235	686.088	0.024449
												678.235	686.19	0.02418
												678.235	686.291	0.023489
												678.235	686.392	0.024825
												678.922	686.493	0.022928
												678.922	686.595	0.023254
												678.922	686.696	0.024021
												678.922	686.797	0.023332
												678.922	686.899	0.026084
												678.922	687	0.023728
												678.922	687.101	0.02404
												678.922	687.203	0.025155
												679.58	687.304	0.022976
												679.58	687.405	0.024794
												679.58	687.506	0.026118
												679.58	687.607	0.024059
												679.58	687.709	0.025877
												679.58	687.81	0.026082
												680.255	687.911	0.024489
												680.255	688.013	0.024297
												680.255	688.114	0.024758
												680.255	688.215	0.024035
												680.255	688.316	0.023952
												680.255	688.417	0.02374
												680.51	688.519	0.023941
												680.51	688.621	0.023548
												680.51	688.722	0.023748
												680.51	688.823	0.023548
												680.51	688.924	0.0258
												680.51	689.026	0.02525
												680.51	689.127	0.02437
												685.089	689.228	0.025739
												685.089	689.329	0.025122
												685.089	689.431	0.025083
												685.089	689.532	0.027437
												685.089	689.634	0.024321
												685.089	689.735	0.023424
												685.089	689.836	0.024251
												685.089	689.937	0.023504
												685.089	690.039	0.024765
												685.089	690.14	0.024212
												685.089	690.241	0.025035
												685.089	690.343	0.025765
												685.089	690.444	0.023267
												685.089	690.546	0.023486
												685.79	690.647	0.024301
												685.79	690.748	0.022432
												685.79	690.85	0.024015
												685.79	690.951	0.02615
												685.79	691.052	0.023338
												685.79	691.154	0.025061
												685.79	691.255	0.025463
												685.79	691.356	0.023272
												685.79	691.458	0.022649
												685.971	691.559	0.02423
												685.971	691.66	0.022535
												685.971	691.761	0.023216
												685.971	691.863	0.022469
												685.971	691.963	0.022936
												685.971	692.065	0.02708
												685.971	692.166	0.024735
												685.971	692.267	0.023395
												685.971	692.368	0.023905
												685.971	692.469	0.022967
												685.971	692.57	0.024371
												685.971	692.672	0.02364
												685.971	692.773	0.024068
												686.14	692.874	0.022806
												686.14	692.975	0.022359
												686.14	693.076	0.023491
												686.14	693.177	0.0227
												686.14	693.278	0.023125
												686.14	693.379	0.023063
												686.14	693.481	0.025832
												686.14	693.582	0.027359
												686.14	693.683	0.023348
												686.14	693.785	0.025215
												686.14	693.886	0.023515
												686.14	693.987	0.02463
												692.081	694.088	0.022227
												692.081	694.19	0.023672
												692.081	694.291	0.02345
												692.081	694.392	0.024343
												692.081	694.493	0.025927
												692.081	694.594	0.023422
												692.081	694.695	0.027564
												692.081	694.796	0.025601
												692.081	694.897	0.023978
												692.237	694.999	0.02497
												692.237	695.1	0.023017
												692.237	695.201	0.023134
												692.237	695.302	0.022744
												692.237	695.403	0.02247
												692.237	695.505	0.023457
												692.237	695.606	0.022792
												692.237	695.707	0.022514
												692.237	695.809	0.022345
												692.237	695.91	0.022626
												692.237	696.011	0.023464
												692.237	696.112	0.022273
												692.237	696.214	0.02281
												692.237	696.315	0.022547
												692.237	696.416	0.02251
												692.237	696.517	0.024581
												692.237	696.618	0.023133
												692.237	696.719	0.022415
												692.237	696.821	0.024461
												692.237	696.922	0.024638
												692.237	697.023	0.023433
												692.237	697.125	0.023458
												692.237	697.226	0.022753
												692.237	697.327	0.022653
												692.237	697.428	0.023178
												692.237	697.529	0.023902
												692.237	697.63	0.022423
												692.237	697.732	0.023003
												692.237	697.833	0.022933
												692.237	697.934	0.022441
												692.237	698.035	0.022976
												692.237	698.136	0.02293
												692.237	698.237	0.022655
												692.237	698.338	0.022698
												692.237	698.439	0.022677
												692.237	698.54	0.022577
												692.237	698.641	0.02596
												692.237	698.743	0.02865
												692.237	698.844	0.023234
												692.237	698.945	0.025404
												692.237	699.046	0.024048
												692.237	699.147	0.022518
												692.237	699.248	0.022989
												692.237	699.349	0.023032
												692.237	699.45	0.023924
												692.237	699.551	0.022914
												692.39	699.653	0.022673
												692.39	699.754	0.023042
												692.39	699.855	0.024676
												692.39	699.956	0.023568
												692.39	700.057	0.022588
												692.39	700.158	0.027053
												692.39	700.259	0.026701
												692.39	700.361	0.023339
												692.39	700.462	0.02373
												692.39	700.563	0.023648
												692.39	700.665	0.024134
												698.522	700.766	0.025318
												698.522	700.867	0.023969
												698.522	700.968	0.022927
												698.522	701.07	0.024048
												698.522	701.171	0.02322
												698.522	701.272	0.024122
												698.522	701.373	0.025277
												698.522	701.475	0.026031
												698.522	701.576	0.025198
												698.522	701.677	0.024364
												698.522	701.779	0.024808
												698.673	701.88	0.024396
												698.673	701.981	0.023503
												698.673	702.082	0.025081
												698.673	702.184	0.024169
												698.673	702.285	0.024669
												698.673	702.386	0.02477
												698.673	702.487	0.023602
												698.673	702.588	0.026387
												698.673	702.689	0.024751
												698.673	702.79	0.033156
												698.673	702.891	0.028075
												698.826	702.992	0.023404
												698.826	703.093	0.024301
												698.826	703.194	0.024539
												698.826	703.296	0.024557
												698.826	703.397	0.023661
												698.826	703.498	0.024741
												698.826	703.599	0.025564
												698.976	703.701	0.023411
												698.976	703.802	0.024758
												698.976	703.903	0.025564
												698.976	704.004	0.024738
												698.976	704.106	0.025311
												698.976	704.207	0.02407
												698.976	704.308	0.022908
												698.976	704.41	0.024327
												698.976	704.511	0.024867
												698.976	704.612	0.025629
												698.976	704.713	0.023991
												699.125	704.815	0.023426
												699.125	704.916	0.023276
												699.125	705.017	0.02401
												699.125	705.118	0.025858
												699.125	705.219	0.023939
												699.125	705.321	0.023879
												699.125	705.422	0.022685
												699.125	705.523	0.023427
												699.125	705.624	0.023981
												699.897	705.725	0.023298
												699.897	705.826	0.026468
												699.897	705.927	0.024791
												699.897	706.028	0.025683
												699.897	706.129	0.025688
												699.897	706.23	0.025809
												699.897	706.331	0.023352
												699.897	706.432	0.022781
												699.897	706.533	0.024893
												700.049	706.634	0.026265
												700.049	706.735	0.023493
												700.049	706.836	0.024365
												700.049	706.937	0.026096
												700.049	707.039	0.023504
												700.049	707.14	0.025789
												700.049	707.241	0.026042
												700.049	707.342	0.024221
												700.049	707.443	0.023664
												700.199	707.544	0.025121
												700.199	707.645	0.026465
												700.199	707.746	0.023318
												700.199	707.847	0.025245
												700.199	707.948	0.025702
												700.199	708.049	0.024143
												700.199	708.15	0.023563
												700.199	708.252	0.027404
												700.199	708.352	0.023891
												700.199	708.454	0.024136
												700.199	708.555	0.023874
												700.345	708.656	0.028189
												700.345	708.757	0.023041
												700.345	708.858	0.025545
												700.345	708.96	0.026652
												700.345	709.061	0.026334
												700.345	709.163	0.023258
												700.345	709.263	0.023737
												700.345	709.364	0.023626
												700.345	709.466	0.023117
												700.345	709.567	0.022372
												700.502	709.668	0.022552
												700.502	709.769	0.023037
												700.502	709.87	0.022691
												700.502	709.971	0.023862
												700.502	710.073	0.026469
												700.648	710.174	0.024209
												700.648	710.275	0.02407
												700.648	710.376	0.024206
												700.648	710.477	0.025048
												700.648	710.578	0.02342
												700.648	710.679	0.024403
												700.648	710.781	0.025678
												701.382	710.882	0.024122
												701.382	710.983	0.023707
												701.382	711.085	0.02525
												701.382	711.186	0.025049
												701.382	711.287	0.025242
												701.382	711.388	0.022992
												701.382	711.49	0.024929
												701.382	711.591	0.023756
												701.533	711.692	0.022594
												701.533	711.793	0.023728
												701.533	711.894	0.023688
												701.533	711.995	0.023737
												701.533	712.097	0.023286
												701.533	712.198	0.024485
												707.861	712.298	0.023333
												707.861	712.402	0.023718
												707.861	712.504	0.024527
												707.861	712.604	0.023539
												707.861	712.706	0.024842
												707.861	712.807	0.02284
												707.861	712.908	0.023253
												707.861	713.009	0.025408
												707.861	713.11	0.023753
												707.861	713.211	0.02702
												707.861	713.313	0.026038
												707.861	713.414	0.026266
												708.409	713.515	0.024408
												708.409	713.616	0.023671
												708.409	713.717	0.022487
												708.409	713.818	0.024101
												708.409	713.919	0.023764
												708.409	714.02	0.022629
												708.409	714.121	0.023873
												708.409	714.222	0.023628
												708.409	714.323	0.02287
												708.409	714.425	0.023898
												708.409	714.526	0.023888
												708.409	714.627	0.022921
												708.409	714.728	0.022926
												708.409	714.829	0.022843
												708.409	714.931	0.027549
												708.409	715.037	0.027162
												708.409	715.143	0.022987
												708.409	715.244	0.022816
												708.409	715.345	0.024716
												708.409	715.446	0.023915
												708.409	715.547	0.023425
												708.409	715.648	0.025348
												708.409	715.749	0.023778
												708.409	715.85	0.023655
												708.409	715.951	0.023657
												708.409	716.053	0.024098
												708.409	716.154	0.022961
												708.409	716.255	0.024456
												708.409	716.356	0.023825
												708.409	716.462	0.023414
												708.409	716.559	0.025096
												708.409	716.66	0.024596
												708.409	716.761	0.025549
												708.409	716.862	0.024234
												708.409	716.963	0.029371
												708.409	717.064	0.026988
												708.409	717.166	0.025149
												709.076	717.267	0.024242
												709.076	717.368	0.024507
												709.076	717.469	0.024815
												709.076	717.57	0.025019
												709.076	717.672	0.025302
												709.076	717.773	0.027988
												709.076	717.874	0.02898
												709.076	717.976	0.024381
												709.076	718.077	0.027876
												709.076	718.179	0.023164
												716.026	718.28	0.025079
												716.026	718.381	0.02255
												716.026	718.482	0.02382
												716.026	718.584	0.024336
												716.026	718.685	0.02301
												716.026	718.787	0.027093
												716.026	718.888	0.02602
												716.026	718.99	0.025795
												716.791	719.091	0.026328
												716.791	719.192	0.024749
												716.791	719.293	0.023191
												716.791	719.395	0.027252
												716.791	719.496	0.02584
												717.024	719.598	0.023346
												717.024	719.699	0.023489
												717.024	719.8	0.025872
												717.024	719.902	0.027122
												717.024	720.003	0.028037
												717.024	720.105	0.027062
												717.024	720.206	0.024359
												717.024	720.307	0.025834
												717.024	720.409	0.02427
												717.246	720.51	0.023805
												717.246	720.611	0.023032
												717.246	720.713	0.024971
												717.246	720.815	0.026338
												717.246	720.916	0.025888
												717.246	721.018	0.025424
												717.246	721.119	0.025044
												717.246	721.221	0.027937
												717.471	721.322	0.023494
												717.471	721.423	0.022929
												717.471	721.524	0.023151
												717.471	721.626	0.024534
												717.471	721.727	0.026534
												717.471	721.829	0.027163
												717.471	721.93	0.024539
												717.471	722.032	0.026463
												717.703	722.133	0.024291
												717.703	722.234	0.023479
												717.703	722.336	0.023277
												717.703	722.437	0.022818
												717.703	722.538	0.02249
												717.703	722.64	0.02304
												717.703	722.741	0.023897
												717.703	722.842	0.023253
												717.703	722.944	0.023078
												717.703	723.045	0.023738
												717.703	723.146	0.022623
												717.703	723.247	0.023194
												717.703	723.348	0.025331
												717.703	723.449	0.022889
												717.703	723.55	0.024405
												717.703	723.652	0.024123
												717.703	723.753	0.022549
												717.703	723.854	0.024169
												717.703	723.955	0.023979
												717.703	724.057	0.022539
												717.703	724.158	0.024126
												717.703	724.259	0.023525
												717.703	724.36	0.02273
												717.703	724.462	0.023966
												717.703	724.563	0.022609
												717.703	724.664	0.0253
												717.703	724.765	0.02438
												717.703	724.866	0.023485
												717.703	724.968	0.02639
												717.703	725.069	0.024633
												717.703	725.171	0.02521
												717.703	725.272	0.025051
												717.703	725.373	0.0264
												717.703	725.475	0.02532
												717.703	725.576	0.023835
												717.703	725.678	0.029842
												717.703	725.779	0.024852
												717.936	725.881	0.024358
												717.936	725.982	0.022688
												717.936	726.083	0.023768
												717.936	726.184	0.022855
												717.936	726.285	0.023288
												717.936	726.387	0.022855
												717.936	726.488	0.023149
												717.936	726.59	0.022573
												717.936	726.691	0.02278
												717.936	726.792	0.024178
												717.936	726.894	0.022918
												717.936	726.994	0.023206
												717.936	727.096	0.022819
												717.936	727.197	0.022825
												717.936	727.298	0.023861
												717.936	727.399	0.023282
												717.936	727.5	0.022673
												717.936	727.601	0.023844
												717.936	727.702	0.023527
												717.936	727.804	0.023948
												717.936	727.904	0.024368
												717.936	728.005	0.022839
												717.936	728.107	0.023422
												717.936	728.208	0.023363
												717.936	728.309	0.024205
												717.936	728.41	0.025159
												717.936	728.511	0.024844
												717.936	728.612	0.022484
												717.936	728.713	0.023069
												717.936	728.814	0.023715
												717.936	728.915	0.022764
												717.936	729.016	0.023457
												717.936	729.117	0.023045
												717.936	729.218	0.022701
												717.936	729.319	0.023886
												717.936	729.42	0.022663
												717.936	729.521	0.02269
												717.936	729.622	0.023069
												717.936	729.723	0.023547
												717.936	729.824	0.022504
												717.936	729.925	0.023051
												717.936	730.026	0.0237
												717.936	730.127	0.022687
												717.936	730.228	0.024043
												717.936	730.329	0.024063
												717.936	730.431	0.02325
												717.936	730.531	0.023182
												717.936	730.632	0.023658
												717.936	730.734	0.023154
												717.936	730.834	0.02414
												717.936	730.935	0.026493
												717.936	731.037	0.023283
												717.936	731.138	0.024827
												717.936	731.239	0.024391
												717.936	731.34	0.023576
												717.936	731.441	0.024517
												717.936	731.542	0.023404
												717.936	731.643	0.026061
												717.936	731.744	0.024139
												717.936	731.845	0.023479
												717.936	731.946	0.022535
												717.936	732.047	0.022506
												717.936	732.149	0.025762
												717.936	732.25	0.023229
												717.936	732.351	0.022944
												724.624	732.453	0.022805
												724.624	732.554	0.024038
												724.624	732.655	0.022997
												724.624	732.756	0.023326
												724.624	732.857	0.023254
												724.624	732.958	0.022907
												724.624	733.059	0.023924
												724.624	733.16	0.022881
												724.624	733.261	0.022556
												724.624	733.362	0.02296
												724.624	733.463	0.02313
												724.624	733.564	0.023025
												724.624	733.665	0.023385
												724.624	733.766	0.023761
												724.624	733.867	0.022793
												724.624	733.968	0.022848
												724.624	734.069	0.022968
												724.624	734.17	0.023167
												724.624	734.271	0.023064
												724.624	734.372	0.023098
												724.624	734.473	0.022577
												724.624	734.574	0.023291
												724.624	734.675	0.025105
												724.624	734.776	0.02258
												724.624	734.877	0.023273
												724.624	734.978	0.023763
												724.624	735.079	0.024044
												724.624	735.179	0.023267
												724.624	735.28	0.024253
												724.624	735.381	0.023117
												724.624	735.482	0.022928
												724.624	735.583	0.023333
												724.624	735.684	0.023047
												724.624	735.785	0.0227
												724.624	735.887	0.023356
												724.624	735.988	0.022924
												724.624	736.089	0.023092
												724.624	736.19	0.022803
												724.624	736.291	0.022815
												724.624	736.392	0.023892
												724.624	736.493	0.023366
												724.624	736.594	0.023275
												724.624	736.696	0.023161
												724.624	736.797	0.026336
												724.624	736.898	0.02284
												724.624	736.999	0.024428
												724.624	737.1	0.02428
												724.624	737.201	0.023724
												724.624	737.302	0.023719
												724.624	737.403	0.022734
												724.624	737.505	0.023512
												724.624	737.606	0.022925
												724.624	737.707	0.023374
												724.624	737.808	0.022893
												724.624	737.909	0.023105
												724.624	738.01	0.025721
												724.624	738.111	0.023439
												724.624	738.213	0.025023
												724.624	738.314	0.023777
												724.624	738.415	0.024447
												724.624	738.516	0.026159
												724.624	738.617	0.023448
												724.624	738.718	0.024058
												724.624	738.819	0.02346
												724.624	738.921	0.026067
												731.583	739.022	0.022935
												731.583	739.123	0.024487
												731.583	739.224	0.022811
												731.583	739.325	0.023355
												731.583	739.426	0.022739
												731.583	739.527	0.022853
												731.583	739.628	0.023189
												731.583	739.729	0.022776
												731.583	739.83	0.022905
												731.583	739.931	0.02424
												731.583	740.033	0.023562
												731.583	740.133	0.024495
												731.583	740.234	0.023068
												731.583	740.335	0.022991
												731.583	740.436	0.023948
												731.583	740.537	0.022831
												731.583	740.638	0.022991
												731.583	740.739	0.023008
												731.583	740.841	0.022996
												731.583	740.942	0.022729
												731.583	741.043	0.022921
												731.583	741.144	0.023477
												731.583	741.245	0.023117
												731.583	741.346	0.022837
												731.583	741.447	0.02312
												731.583	741.549	0.022797
												731.583	741.65	0.022456
												731.583	741.751	0.023183
												731.583	741.852	0.022774
												731.583	741.953	0.022687
												731.583	742.054	0.023247
												731.583	742.155	0.022615
												731.583	742.256	0.022663
												731.583	742.357	0.022898
												731.583	742.461	0.022491
												731.583	742.559	0.022955
												731.583	742.661	0.022621
												731.583	742.761	0.024262
												731.583	742.863	0.022814
												731.583	742.963	0.022849
												731.583	743.064	0.024021
												731.583	743.165	0.023867
												731.583	743.266	0.02271
												731.583	743.367	0.023018
												731.583	743.468	0.022674
												731.583	743.569	0.022664
												731.583	743.67	0.023027
												731.583	743.771	0.023068
												731.583	743.872	0.025195
												731.583	743.973	0.022958
												731.583	744.074	0.023109
												731.583	744.175	0.022389
												731.583	744.276	0.044079
												731.583	744.377	0.023047
												731.583	744.479	0.023519
												731.583	744.58	0.024095
												731.583	744.681	0.022311
												731.583	744.782	0.024038
												731.583	744.884	0.023308
												731.583	744.985	0.02383
												731.583	745.086	0.024054
												731.583	745.187	0.026989
												731.583	745.288	0.025731
												737.757	745.389	0.026954
												737.757	745.491	0.026454
												737.757	745.592	0.022899
												737.757	745.693	0.027321
												737.757	745.794	0.026233
												737.757	745.895	0.027989
												737.757	745.996	0.027257
												737.757	746.097	0.026347
												737.757	746.198	0.026082
												737.757	746.299	0.025977
												744.284	746.4	0.023043
												744.284	746.501	0.022909
												744.284	746.602	0.023789
												744.284	746.703	0.024088
												744.284	746.804	0.025626
												744.284	746.905	0.023434
												744.284	747.006	0.027214
												744.284	747.107	0.026128
												744.284	747.208	0.026175
												744.284	747.309	0.027208
												744.284	747.41	0.026093
												744.284	747.511	0.02572
												745.146	747.612	0.0226
												745.146	747.714	0.024103
												745.146	747.815	0.023021
												745.146	747.916	0.023129
												745.146	748.017	0.023958
												745.146	748.118	0.025884
												745.146	748.22	0.024939
												745.146	748.321	0.026476
												745.146	748.422	0.025715
												745.926	748.523	0.024542
												745.926	748.624	0.024315
												745.926	748.725	0.022597
												745.926	748.827	0.022994
												745.926	748.928	0.023925
												745.926	749.029	0.022543
												745.926	749.13	0.024243
												745.926	749.231	0.023715
												745.926	749.332	0.022665
												745.926	749.433	0.023592
												745.926	749.535	0.022897
												745.926	749.635	0.022716
												745.926	749.736	0.022751
												745.926	749.837	0.02429
												745.926	749.939	0.022781
												745.926	750.04	0.023831
												745.926	750.141	0.022844
												745.926	750.242	0.023044
												745.926	750.343	0.024792
												745.926	750.444	0.023376
												745.926	750.546	0.023023
												745.926	750.647	0.024115
												745.926	750.748	0.022607
												745.926	750.849	0.023125
												745.926	750.95	0.023635
												745.926	751.051	0.022586
												745.926	751.152	0.023825
												745.926	751.253	0.022563
												745.926	751.354	0.023018
												745.926	751.455	0.023915
												745.926	751.556	0.02359
												745.926	751.657	0.02253
												745.926	751.758	0.023594
												745.926	751.859	0.02341
												745.926	751.96	0.022324
												745.926	752.061	0.023832
												745.926	752.162	0.023459
												745.926	752.264	0.022484
												745.926	752.365	0.024003
												745.926	752.466	0.023219
												745.926	752.568	0.022377
												745.926	752.669	0.023658
												745.926	752.77	0.023609
												745.926	752.871	0.02248
												745.926	752.972	0.023951
												745.926	753.073	0.023564
												745.926	753.174	0.022692
												745.926	753.275	0.024147
												745.926	753.376	0.022526
												745.926	753.478	0.024753
												745.926	753.579	0.023716
												745.926	753.68	0.022502
												745.926	753.781	0.023672
												745.926	753.882	0.023582
												745.926	753.983	0.0223
												745.926	754.084	0.025255
												745.926	754.186	0.023201
												745.926	754.286	0.024173
												745.926	754.387	0.022501
												745.926	754.489	0.022205
												745.926	754.59	0.023625
												745.926	754.691	0.023441
												745.926	754.792	0.022481
												745.926	754.893	0.023012
												745.926	754.994	0.023602
												745.926	755.095	0.023231
												745.926	755.196	0.02307
												745.926	755.297	0.02632
												745.926	755.399	0.027011
												745.926	755.5	0.026529
												745.926	755.601	0.027163
												745.926	755.702	0.026115
												745.926	755.803	0.026562
												745.926	755.904	0.026005
												745.926	756.005	0.026561
												745.926	756.107	0.025655
												745.926	756.208	0.026212
												746.625	756.309	0.023727
												746.625	756.41	0.022825
												746.625	756.511	0.023953
												746.625	756.612	0.0236
												746.625	756.713	0.022427
												746.625	756.814	0.023121
												746.625	756.915	0.022977
												746.625	757.015	0.022548
												746.625	757.117	0.023247
												746.625	757.218	0.024259
												746.625	757.319	0.022382
												746.625	757.42	0.0239
												746.625	757.521	0.022849
												746.625	757.622	0.0233
												746.625	757.723	0.026788
												746.625	757.824	0.022651
												746.625	757.925	0.023032
												746.625	758.026	0.022955
												746.625	758.128	0.022649
												746.625	758.229	0.023644
												746.625	758.329	0.02387
												746.625	758.431	0.02491
												746.625	758.532	0.023741
												746.625	758.633	0.023397
												746.625	758.734	0.022661
												746.625	758.835	0.024141
												746.625	758.936	0.02356
												746.625	759.037	0.022616
												746.625	759.138	0.023655
												746.625	759.239	0.023841
												746.625	759.341	0.022837
												746.625	759.442	0.024087
												746.625	759.543	0.023636
												746.625	759.644	0.022372
												746.625	759.745	0.023939
												746.625	759.846	0.02459
												746.625	759.947	0.022274
												746.625	760.048	0.02383
												746.625	760.149	0.02431
												746.625	760.25	0.022359
												746.625	760.351	0.024681
												746.625	760.452	0.023151
												746.625	760.554	0.022669
												746.625	760.655	0.024226
												746.625	760.756	0.023028
												746.625	760.858	0.022538
												746.625	760.959	0.02364
												746.625	761.06	0.022597
												746.625	761.161	0.022722
												746.625	761.262	0.023662
												746.625	761.363	0.025976
												746.625	761.464	0.023054
												746.625	761.565	0.023666
												746.625	761.666	0.022424
												746.625	761.767	0.023522
												746.625	761.868	0.025154
												746.625	761.97	0.023372
												746.625	762.071	0.023821
												746.625	762.173	0.027327
												746.625	762.274	0.027362
												746.625	762.376	0.026775
												746.625	762.478	0.026753
												754.868	762.58	0.023056
												754.868	762.681	0.023447
												754.868	762.782	0.022354
												754.868	762.883	0.023646
												754.868	762.984	0.023768
												754.868	763.085	0.022271
												754.868	763.186	0.02328
												754.868	763.287	0.023661
												754.868	763.388	0.022275
												754.868	763.489	0.0234
												754.868	763.59	0.023058
												754.868	763.691	0.02341
												754.868	763.792	0.023023
												754.868	763.893	0.023448
												754.868	763.994	0.022465
												754.868	764.095	0.023893
												754.868	764.196	0.02456
												754.868	764.297	0.023422
												754.868	764.398	0.023987
												754.868	764.499	0.023847
												754.868	764.6	0.024106
												754.868	764.702	0.023775
												754.868	764.803	0.023598
												754.868	764.904	0.022444
												754.868	765.005	0.023717
												754.868	765.106	0.024464
												754.868	765.207	0.022488
												754.868	765.308	0.023792
												754.868	765.409	0.023841
												754.868	765.51	0.022145
												754.868	765.611	0.025028
												754.868	765.712	0.023934
												754.868	765.813	0.022326
												754.868	765.915	0.025045
												754.868	766.015	0.023697
												754.868	766.116	0.02223
												754.868	766.217	0.023802
												754.868	766.318	0.024202
												754.868	766.419	0.02224
												754.868	766.52	0.02548
												754.868	766.621	0.023503
												754.868	766.722	0.022374
												754.868	766.823	0.023726
												754.868	766.925	0.023559
												754.868	767.026	0.022389
												754.868	767.126	0.023653
												754.868	767.227	0.023519
												754.868	767.329	0.022406
												754.868	767.43	0.023511
												754.868	767.531	0.023151
												754.868	767.632	0.022506
												754.868	767.733	0.023475
												754.868	767.834	0.024193
												754.868	767.935	0.023125
												754.868	768.036	0.023223
												754.868	768.137	0.022535
												754.868	768.239	0.022816
												754.868	768.339	0.02457
												754.868	768.44	0.022856
												754.868	768.541	0.023079
												754.868	768.642	0.023257
												754.868	768.744	0.022876
												754.868	768.845	0.023903
												754.868	768.947	0.026811
												754.868	769.048	0.026431
												754.868	769.15	0.026156
												754.868	769.251	0.026195
												754.868	769.352	0.026749
												754.868	769.454	0.026004
												754.868	769.555	0.025516
												754.868	769.656	0.023658
												761.8	769.757	0.023949
												761.8	769.859	0.022986
												761.8	769.96	0.022561
												761.8	770.061	0.022543
												761.8	770.162	0.022523
												761.8	770.263	0.024253
												761.8	770.364	0.022893
												761.8	770.466	0.022401
												761.8	770.567	0.023865
												761.8	770.668	0.023458
												761.8	770.769	0.022266
												761.8	770.87	0.024268
												761.8	770.971	0.024043
												761.8	771.072	0.022565
												761.8	771.173	0.02364
												761.8	771.274	0.023419
												761.8	771.375	0.022655
												761.8	771.476	0.023432
												761.8	771.577	0.023288
												761.8	771.678	0.022925
												761.8	771.779	0.022642
												761.8	771.88	0.023512
												761.8	771.981	0.022346
												761.8	772.083	0.023879
												761.8	772.184	0.023623
												761.8	772.285	0.022564
												761.8	772.386	0.024077
												761.8	772.487	0.023181
												761.8	772.589	0.023488
												761.8	772.69	0.023753
												761.8	772.791	0.022574
												761.8	772.892	0.0235
												761.8	772.993	0.023964
												761.8	773.094	0.022498
												761.8	773.195	0.023648
												761.8	773.297	0.023538
												761.8	773.398	0.022401
												761.8	773.499	0.022924
												761.8	773.6	0.025082
												761.8	773.701	0.023089
												761.8	773.802	0.022961
												761.8	773.903	0.023128
												761.8	774.004	0.022417
												761.8	774.105	0.023952
												761.8	774.206	0.024079
												761.8	774.307	0.022454
												761.8	774.408	0.026799
												761.8	774.509	0.026609
												761.8	774.615	0.026298
												761.8	774.711	0.023849
												761.8	774.812	0.023317
												761.8	774.913	0.023344
												761.8	775.014	0.023121
												761.8	775.115	0.029345
												761.8	775.217	0.023541
												761.8	775.318	0.025454
												761.8	775.419	0.022702
												761.8	775.52	0.023696
												761.8	775.622	0.023914
												761.8	775.722	0.022986
												761.8	775.823	0.023926
												761.8	775.925	0.024336
												761.8	776.026	0.022795
												761.8	776.127	0.02414
												761.8	776.229	0.026832
												761.8	776.33	0.023232
												761.8	776.432	0.02651
												761.8	776.533	0.025212
												761.8	776.635	0.02496
												761.8	776.736	0.029368
												761.8	776.837	0.025813
												761.8	776.939	0.025014
												768.523	777.04	0.024165
												768.523	777.141	0.022688
												768.523	777.242	0.024078
												768.523	777.343	0.023526
												768.523	777.444	0.022661
												768.523	777.545	0.023394
												768.523	777.646	0.024086
												768.523	777.747	0.022327
												768.523	777.848	0.023706
												768.523	777.949	0.023418
												768.523	778.05	0.022157
												768.523	778.151	0.023531
												768.523	778.251	0.023665
												768.523	778.352	0.022155
												768.523	778.453	0.023882
												768.523	778.554	0.023454
												768.523	778.655	0.022432
												768.523	778.757	0.023759
												768.523	778.858	0.024735
												768.523	778.959	0.022376
												768.523	779.06	0.02513
												768.523	779.161	0.02377
												768.523	779.262	0.022379
												768.523	779.363	0.024576
												768.523	779.464	0.02295
												768.523	779.565	0.022512
												768.523	779.666	0.02356
												768.523	779.767	0.023629
												768.523	779.868	0.022535
												768.523	779.969	0.023572
												768.523	780.07	0.023528
												768.523	780.171	0.024108
												768.523	780.272	0.022724
												768.523	780.373	0.024073
												768.523	780.474	0.022418
												768.523	780.575	0.023889
												768.523	780.676	0.024094
												768.523	780.778	0.023151
												768.523	780.879	0.024515
												768.523	780.98	0.023002
												768.523	781.083	0.023026
												768.523	781.183	0.023849
												768.523	781.284	0.02279
												768.523	781.387	0.02322
												768.523	781.488	0.023352
												768.523	781.589	0.022862
												768.523	781.69	0.022715
												768.523	781.791	0.024312
												768.523	781.892	0.023635
												768.523	781.994	0.025162
												768.523	782.095	0.026292
												768.523	782.196	0.025004
												768.523	782.297	0.02637
												768.523	782.398	0.025589
												775.815	782.5	0.023324
												775.815	782.601	0.022367
												775.815	782.702	0.023463
												775.815	782.804	0.022258
												775.815	782.905	0.022896
												775.815	783.006	0.023131
												775.815	783.107	0.022758
												775.815	783.208	0.02293
												775.815	783.309	0.023085
												775.815	783.41	0.022524
												775.815	783.511	0.023334
												775.815	783.612	0.02278
												775.815	783.713	0.023319
												775.815	783.814	0.022621
												775.815	783.915	0.023207
												775.815	784.016	0.022708
												775.815	784.118	0.022948
												775.815	784.218	0.024072
												775.815	784.32	0.022592
												775.815	784.421	0.022726
												775.815	784.522	0.022872
												775.815	784.623	0.026305
												775.815	784.724	0.023307
												775.815	784.825	0.022915
												775.815	784.926	0.022602
												775.815	785.027	0.023686
												775.815	785.128	0.023286
												775.815	785.229	0.02383
												775.815	785.33	0.023755
												775.815	785.431	0.022883
												775.815	785.532	0.022468
												775.815	785.633	0.022823
												775.815	785.734	0.022458
												775.815	785.835	0.022649
												775.815	785.936	0.022277
												775.815	786.037	0.022479
												775.815	786.138	0.022739
												775.815	786.239	0.022348
												775.815	786.34	0.022932
												775.815	786.441	0.022529
												775.815	786.542	0.022353
												775.815	786.643	0.023357
												775.815	786.744	0.022734
												775.815	786.846	0.022254
												775.815	786.947	0.024088
												775.815	787.048	0.022823
												775.815	787.149	0.02267
												775.815	787.25	0.022571
												775.815	787.351	0.022349
												775.815	787.452	0.023678
												775.815	787.553	0.022581
												775.815	787.654	0.02301
												775.815	787.755	0.022934
												775.815	787.857	0.024014
												775.815	787.963	0.023331
												775.815	788.064	0.022703
												775.815	788.165	0.023091
