509.312733 1.236807
510.579110 0.080514
511.605636 0.060803
512.631456 0.054301
513.654695 0.051753
514.679406 0.047088
515.697173 0.042534
516.722043 0.047340
517.744620 0.048039
518.769367 0.046667
519.792125 0.049684
520.813771 0.045968
521.837377 0.046257
522.863547 0.048103
523.886910 0.046925
524.910472 0.044727
525.932398 0.047256
526.956941 0.044758
527.980074 0.045999
529.003577 0.046347
530.026432 0.045760
531.050476 0.047505
532.063314 0.044024
533.086956 0.045966
534.109475 0.053050
535.131296 0.048940
536.154921 0.052789
537.177730 0.046786
538.202282 0.046353
539.225966 0.046519
540.249980 0.046506
541.272747 0.062108
542.424782 0.052293
543.447997 0.050124
544.470457 0.050780
545.491206 0.058612
