644.206 645.124 1.06606
645.225 646.191 0.878342
646.243 647.072 1.05398
647.26 648.127 1.44167
648.278 649.574 1.0692
649.295 650.644 1.02923
650.312 651.675 1.02524
651.333 652.701 0.875726
652.35 653.578 0.639332
653.367 654.218 0.900901
654.384 655.12 1.13462
655.401 656.255 1.27913
656.418 657.544 1.51912
657.438 659.064 0.516893
658.603 666.157 1.07905
666.157 667.263 1.25276
667.263 668.517 1.12597
668.28 669.645 1.28414
669.296 670.93 0.975722
670.312 671.907 1.4039
671.329 673.312 0.855347
672.347 678.527 0.791466
678.526 679.319 0.776389
679.545 688.113 0.815342
688.113 696.04 1.30992
696.039 703.876 1.11884
703.876 704.997 0.704457
704.892 705.718 0.727619
705.91 706.447 0.57462
706.929 707.185 1.15995
707.947 708.346 0.846163
708.963 709.225 0.890549
709.98 710.25 0.64446
710.997 711.668 0.877566
712.013 712.547 0.704147
713.032 713.281 1.17083
714.048 714.453 0.843131
715.064 715.728 0.774648
716.081 716.698 0.83286
717.098 717.743 0.701457
718.115 718.445 0.65841
719.131 723.861 0.772412
723.839 724.635 1.47543
724.855 730.005 0.935297
730.005 730.941 0.653169
731.021 736.953 1.53165
736.953 743.066 0.960588
743.043 744.028 0.878546
744.059 744.907 0.899303
745.076 745.807 1.04484
746.093 746.853 1.27024
747.11 748.125 0.782702
748.126 748.908 1.22194
749.143 750.131 1.01695
750.159 751.149 0.933513
751.177 752.084 0.896018
752.194 752.981 1.01115
753.211 753.996 0.983293
754.228 754.98 0.60005
755.246 755.581 0.793746
756.262 756.419 0.805051
757.278 757.513 0.572452
758.295 758.446 1.22656
759.311 759.674 0.944664
760.329 760.619 0.888218
761.346 761.519 0.742957
762.363 762.514 0.517282
763.381 763.533 0.992126
764.402 764.561 0.857788
765.419 765.57 0.783525
766.436 766.589 1.13613
767.454 767.726 0.74678
768.473 775.11 1.20694
775.11 781.006 0.951535
781.005 787.329 1.16448
787.329 788.495 1.15911
788.347 790.053 0.944561
789.364 791 1.08195
790.381 798.433 0.869678
798.432 805.104 1.10561
805.104 811.308 1.0356
811.308 818.265 0.960763
818.265 823.492 1.57085
823.492 830.141 0.807339
830.14 836.688 1.01734
836.688 843.119 0.911443
843.119 850.673 0.934526
850.672 857.213 1.69479
857.214 858.909 0.805259
858.231 859.715 0.696689
859.249 860.418 1.37555
860.267 861.794 0.809577
861.285 862.605 0.861771
862.302 869.437 0.858207
869.437 870.296 0.917978
870.454 871.291 0.806183
871.472 872.313 1.03994
872.489 880.112 1.0122
880.111 888.169 1.14794
888.168 896.32 1.72221
896.32 898.043 0.927844
897.336 898.972 1.19246
898.353 900.166 1.01218
899.369 901.179 0.908077
900.391 902.088 0.713545
901.414 902.803 0.84863
902.431 903.652 0.919468
903.449 904.573 0.876062
904.468 905.45 0.762201
905.485 906.213 1.18919
906.502 912.624 1.42233
912.624 914.047 0.874202
913.641 918.025 1.05188
918.025 923.939 0.96592
923.939 924.906 0.616228
924.955 931.613 1.33437
931.613 932.949 0.88474
932.63 933.834 0.717097
933.647 934.552 0.930428
934.664 935.484 0.574772
935.68 936.06 1.04994
936.698 937.111 0.724401
937.716 937.931 0.650142
938.735 938.951 1.06573
939.753 940.018 0.899044
940.771 941 1.54891
941.789 942.55 0.844204
942.807 943.396 1.5837
943.825 944.98 0.761832
944.844 945.743 1.25111
946.028 946.995 1.48459
947.045 948.481 0.975897
948.063 949.618 1.20157
949.08 955.05 0.912923
955.05 955.964 0.832312
956.129 956.797 0.715551
957.147 957.514 0.599948
958.164 958.892 0.835098
959.181 964.616 1.54215
964.591 966.159 0.719569
965.608 966.88 1.32655
966.626 968.207 0.829692
967.644 969.037 0.93793
968.661 969.976 1.42806
969.695 971.405 1.05349
970.713 972.459 1.62737
971.731 974.088 0.595922
972.891 974.684 1.27283
973.908 975.958 1.32729
974.929 977.286 0.644949
975.948 977.932 0.810432
976.967 978.743 1.4292
977.982 980.173 0.93393
979.002 981.109 0.911141
980.017 982.021 0.491325
981.032 982.513 0.816743
982.048 983.33 1.08678
983.064 984.418 0.74952
984.111 985.168 1.09151
985.155 986.26 0.864729
986.265 988.155 0.744511
988.155 991.701 0.770707
991.7 999.845 1.02065
999.845 1001.12 0.525435
1000.87 1001.99 0.947197
1001.88 1005.39 1.32182
1005.39 1012.23 0.809871
1012.23 1013.59 1.31556
1013.59 1015.22 1.04621
1015.22 1016.93 0.667346
1016.93 1017.75 1.04352
1017.95 1018.79 0.702054
1018.97 1019.56 0.522055
1020.5 1020.7 0.774428
1021.52 1021.74 1.25054
1022.54 1022.99 0.689978
1023.55 1023.77 1.1593
1024.57 1024.93 1.06213
1025.58 1025.99 0.932274
1026.6 1026.92 0.593361
1027.62 1027.84 1.22221
1028.63 1029.06 0.466552
1029.65 1029.84 0.619003
1030.66 1030.86 1.2941
1031.68 1032.16 1.14042
1032.7 1033.3 1.11084
1033.89 1034.41 0.651963
1034.9 1035.1 0.794267
1035.92 1036.15 1.05036
1036.93 1037.2 0.856129
1037.95 1038.17 1.24519
1038.97 1039.42 1.05923
1039.99 1040.48 0.897855
1041.02 1041.38 0.641993
1042.04 1042.6 0.551298
1043.06 1043.41 0.93314
1044.07 1044.4 1.9174
1045.09 1046.32 0.811537
1046.13 1047.13 0.81453
1047.14 1047.95 0.831428
