648.278 650.923 0.039819
648.278 650.97 0.031932
648.278 651.071 0.037502
648.278 651.172 0.033571
648.278 651.273 0.027611
648.278 651.374 0.027908
648.278 651.475 0.035891
648.278 651.577 0.023822
649.295 651.678 0.026201
649.295 651.779 0.026245
649.295 651.88 0.024763
649.295 651.982 0.023956
649.295 652.083 0.027335
649.295 652.184 0.02511
649.295 652.285 0.026588
649.295 652.386 0.024278
649.295 652.487 0.033217
649.295 652.589 0.025009
649.295 652.69 0.024823
650.312 652.791 0.023309
650.312 652.893 0.024793
650.312 652.994 0.024053
650.312 653.095 0.024656
650.312 653.197 0.024104
650.312 653.298 0.025386
650.312 653.398 0.032933
650.312 653.499 0.032982
651.333 653.601 0.023069
651.333 653.702 0.028072
651.333 653.803 0.025012
651.333 653.904 0.024014
651.333 654.005 0.022568
651.333 654.106 0.023843
651.333 654.208 0.026756
652.35 654.309 0.022481
652.35 654.411 0.022901
652.35 654.512 0.02442
652.35 654.613 0.03313
652.35 654.714 0.02288
652.35 654.815 0.024121
652.35 654.917 0.026834
652.35 655.017 0.028924
652.35 655.119 0.023279
653.367 655.22 0.025068
653.367 655.321 0.023803
653.367 655.422 0.022705
653.367 655.524 0.022526
653.367 655.625 0.023836
653.367 655.726 0.028181
653.367 655.827 0.024151
653.367 655.928 0.023639
653.367 656.029 0.024372
653.367 656.13 0.023372
653.367 656.232 0.024497
654.384 656.333 0.024016
654.384 656.435 0.026214
654.384 656.536 0.02291
654.384 656.645 0.029312
654.384 656.746 0.02247
654.384 656.847 0.023781
654.384 656.948 0.027468
654.384 657.049 0.023573
654.384 657.15 0.021959
654.384 657.252 0.025022
654.384 657.353 0.024866
654.384 657.457 0.023979
655.401 657.554 0.023255
655.401 657.66 0.021953
655.401 657.769 0.02433
655.401 657.862 0.024618
655.401 657.963 0.022149
655.401 658.064 0.02743
655.401 658.166 0.024805
655.401 658.267 0.026593
655.401 658.368 0.02601
655.401 658.469 0.024611
655.401 658.57 0.025071
655.401 658.671 0.024293
655.401 658.773 0.022031
655.401 658.874 0.026207
655.401 658.975 0.023541
656.418 659.077 0.023678
656.418 659.179 0.024621
656.418 659.28 0.024695
656.418 659.382 0.023317
656.418 659.483 0.022359
656.418 659.584 0.023698
657.438 659.686 0.023719
657.438 659.787 0.02544
657.438 659.888 0.022623
657.438 659.989 0.022116
657.438 660.09 0.023907
657.438 660.191 0.023186
657.438 660.292 0.023355
657.438 660.394 0.024823
657.438 660.495 0.023482
657.438 660.596 0.023743
657.438 660.696 0.022631
657.438 660.798 0.022117
657.438 660.899 0.023779
657.438 661 0.023413
657.438 661.101 0.022493
657.438 661.203 0.022711
657.438 661.304 0.022801
657.438 661.405 0.023253
657.438 661.506 0.021613
657.438 661.609 0.020675
657.438 661.71 0.022708
657.438 661.811 0.022307
657.438 661.912 0.020533
657.438 662.014 0.020552
657.438 662.115 0.022629
657.438 662.216 0.022253
657.438 662.317 0.02133
657.438 662.419 0.021156
657.438 662.52 0.023012
657.438 662.621 0.022488
657.438 662.722 0.020509
657.438 662.823 0.022704
657.438 662.924 0.022431
657.438 663.025 0.021932
657.438 663.126 0.021698
657.438 663.228 0.021696
657.438 663.328 0.022618
657.438 663.429 0.022388
657.438 663.53 0.021071
657.438 663.631 0.022449
657.438 663.732 0.022223
657.438 663.833 0.024881
657.438 663.934 0.021314
657.438 664.035 0.022162
657.438 664.136 0.021655
657.438 664.237 0.020096
657.438 664.338 0.020529
657.438 664.439 0.022066
657.438 664.54 0.022429
657.438 664.642 0.022767
657.438 664.743 0.02179
657.438 664.844 0.023075
657.438 664.945 0.024601
657.438 665.046 0.022069
657.438 665.147 0.021112
657.438 665.248 0.022186
657.438 665.349 0.023087
657.438 665.45 0.023029
657.438 665.551 0.021269
657.438 665.652 0.022446
657.438 665.753 0.023772
657.438 665.854 0.02428
657.438 665.955 0.020648
657.438 666.056 0.025533
657.438 666.158 0.023819
657.438 666.544 0.020297
657.438 666.655 0.020899
657.438 666.762 0.087589
657.438 666.857 0.022325
657.438 666.958 0.02107
657.438 667.061 0.021766
657.438 667.17 0.021914
658.603 667.294 0.023479
658.603 667.516 0.023866
658.603 667.617 0.032224
658.603 667.718 0.025839
658.603 667.819 0.022097
658.603 667.92 0.020179
658.603 668.021 0.023828
658.603 668.122 0.02667
658.603 668.223 0.025702
658.603 668.324 0.023775
658.603 668.468 0.021918
666.157 668.587 0.025103
666.157 668.688 0.02198
666.157 668.79 0.022714
666.157 668.891 0.026663
666.157 668.992 0.021239
666.157 669.094 0.023514
666.157 669.195 0.022724
666.157 669.296 0.021879
666.157 669.426 0.020799
666.157 669.553 0.022777
666.157 669.741 0.02404
667.263 669.842 0.022043
667.263 669.944 0.024077
667.263 670.045 0.022637
667.263 670.146 0.022853
667.263 670.247 0.024339
667.263 670.348 0.054242
667.263 670.536 0.024095
667.263 670.637 0.022171
667.263 670.738 0.022531
667.263 670.839 0.022955
668.28 670.94 0.023321
668.28 671.042 0.024029
668.28 671.143 0.021332
668.28 671.244 0.020906
668.28 671.346 0.023213
668.28 671.447 0.02589
668.28 671.548 0.033151
668.28 671.649 0.022346
668.28 671.75 0.021955
668.28 671.851 0.026324
669.296 671.952 0.023704
669.296 672.053 0.02332
669.296 672.154 0.02202
669.296 672.256 0.021092
669.296 672.36 0.022632
669.296 672.461 0.022112
669.296 672.562 0.025671
669.296 672.663 0.019679
669.296 672.764 0.021795
669.296 672.865 0.026871
669.296 672.966 0.022
669.296 673.068 0.024209
669.296 673.17 0.026095
669.296 673.271 0.025142
670.312 673.372 0.023926
670.312 673.473 0.021698
670.312 673.575 0.021603
670.312 673.676 0.025671
670.312 673.777 0.020984
670.312 673.878 0.023528
670.312 673.98 0.027826
670.312 674.081 0.022413
671.329 674.182 0.027683
671.329 674.283 0.02241
671.329 674.384 0.020176
671.329 674.485 0.020757
671.329 674.587 0.02384
671.329 674.688 0.024176
671.329 674.789 0.020766
671.329 674.892 0.020427
671.329 674.993 0.023907
671.329 675.094 0.024222
671.329 675.196 0.02112
671.329 675.298 0.020508
671.329 675.398 0.023219
671.329 675.499 0.022057
671.329 675.6 0.020585
671.329 675.701 0.023194
671.329 675.802 0.021942
671.329 675.903 0.02011
671.329 676.004 0.020545
671.329 676.105 0.021605
671.329 676.206 0.021636
671.329 676.307 0.02016
671.329 676.408 0.02032
671.329 676.509 0.021866
671.329 676.61 0.02147
671.329 676.711 0.020189
671.329 676.812 0.021759
671.329 676.913 0.021687
671.329 677.014 0.02169
671.329 677.116 0.020463
671.329 677.217 0.022609
671.329 677.318 0.022228
671.329 677.419 0.020575
671.329 677.52 0.020433
671.329 677.621 0.021983
671.329 677.722 0.021768
671.329 677.823 0.020535
671.329 677.924 0.023552
671.329 678.027 0.021969
671.329 678.126 0.024136
671.329 678.227 0.020789
671.329 678.329 0.021821
671.329 678.429 0.021223
671.329 678.533 0.023147
671.329 678.643 0.024033
671.329 678.741 0.020077
671.329 678.84 0.022137
671.329 678.941 0.022033
671.329 679.043 0.02067
671.329 679.144 0.022258
671.329 679.245 0.021965
672.347 679.346 0.021434
672.347 679.447 0.02096
672.347 679.548 0.022966
672.347 679.65 0.021969
672.347 679.752 0.019959
672.347 679.853 0.022398
672.347 679.954 0.021303
672.347 680.055 0.022998
678.526 680.156 0.023939
678.526 680.257 0.020743
678.526 680.358 0.02231
678.526 680.459 0.022163
678.526 680.561 0.02291
678.526 680.662 0.020815
678.526 680.763 0.021807
678.526 680.864 0.0218
678.526 680.965 0.021805
678.526 681.069 0.028039
678.526 681.17 0.023525
678.526 681.271 0.023063
678.526 681.372 0.022243
678.526 681.474 0.021429
678.526 681.575 0.024845
678.526 681.676 0.022727
678.526 681.777 0.021823
678.526 681.88 0.02108
678.526 681.981 0.021858
678.526 682.082 0.023846
678.526 682.183 0.022631
678.526 682.285 0.02069
678.526 682.386 0.022222
678.526 682.488 0.022445
678.526 682.589 0.020165
678.526 682.691 0.020689
678.526 682.792 0.02573
678.526 682.894 0.022792
678.526 682.995 0.020583
678.526 683.096 0.020256
678.526 683.198 0.0231
678.526 683.299 0.02249
678.526 683.4 0.021362
678.526 683.502 0.020625
678.526 683.603 0.025638
678.526 683.703 0.022369
678.526 683.805 0.022244
678.526 683.905 0.021997
678.526 684.006 0.022253
678.526 684.107 0.022502
678.526 684.208 0.020798
678.526 684.309 0.022462
678.526 684.41 0.023537
678.526 684.511 0.023036
678.526 684.612 0.020546
678.526 684.713 0.022102
678.526 684.814 0.022307
678.526 684.916 0.022178
678.526 685.017 0.021573
678.526 685.118 0.022262
678.526 685.219 0.022237
678.526 685.32 0.020216
678.526 685.421 0.021024
678.526 685.523 0.021792
678.526 685.624 0.023782
678.526 685.725 0.020653
678.526 685.826 0.021525
678.526 685.927 0.021689
678.526 686.029 0.02314
678.526 686.13 0.020945
678.526 686.231 0.021564
678.526 686.332 0.022089
678.526 686.433 0.02151
678.526 686.535 0.022376
678.526 686.636 0.0207
678.526 686.737 0.022736
678.526 686.838 0.024109
678.526 686.939 0.020616
678.526 687.041 0.020804
678.526 687.142 0.026594
678.526 687.243 0.022857
678.526 687.344 0.021203
678.526 687.446 0.021434
678.526 687.546 0.022591
678.526 687.648 0.024972
678.526 687.749 0.021217
678.526 687.85 0.021663
678.526 687.951 0.022817
678.526 688.052 0.022857
678.526 688.153 0.02134
678.526 688.255 0.022718
678.526 688.592 0.032675
678.526 688.7 0.023409
678.526 688.81 0.029882
678.526 688.921 0.025466
679.545 689.021 0.026171
679.545 689.122 0.02752
679.545 689.223 0.028287
679.545 689.324 0.021859
679.545 689.425 0.026182
679.545 689.526 0.024798
679.545 689.627 0.021858
679.545 689.73 0.022447
679.545 689.831 0.023392
679.545 689.932 0.023739
679.545 690.033 0.023668
679.545 690.134 0.021888
679.545 690.235 0.023902
679.545 690.336 0.023045
679.545 690.437 0.023298
679.545 690.539 0.02237
679.545 690.64 0.023191
679.545 690.741 0.0243
679.545 690.841 0.022455
679.545 690.943 0.024124
679.545 691.044 0.023762
679.545 691.145 0.023847
679.545 691.246 0.022179
679.545 691.347 0.024143
679.545 691.448 0.024281
679.545 691.549 0.023803
679.545 691.65 0.021916
679.545 691.752 0.023149
679.545 691.854 0.023506
679.545 691.954 0.023945
679.545 692.055 0.022085
679.545 692.16 0.022829
679.545 692.261 0.023471
679.545 692.362 0.026751
679.545 692.463 0.021549
679.545 692.566 0.022438
679.545 692.667 0.026395
679.545 692.768 0.026157
679.545 692.869 0.021387
679.545 692.971 0.022779
679.545 693.072 0.022998
679.545 693.173 0.023081
679.545 693.274 0.021338
679.545 693.375 0.023152
679.545 693.477 0.023393
679.545 693.578 0.023187
679.545 693.679 0.02165
679.545 693.78 0.023385
679.545 693.881 0.023252
679.545 693.982 0.023312
679.545 694.083 0.02202
679.545 694.184 0.023371
679.545 694.285 0.023139
679.545 694.386 0.023333
679.545 694.487 0.021789
679.545 694.588 0.023488
679.545 694.689 0.023463
679.545 694.791 0.023445
679.545 694.891 0.021462
679.545 694.993 0.023715
679.545 695.094 0.023331
679.545 695.195 0.021397
679.545 695.296 0.02143
679.545 695.397 0.023659
679.545 695.498 0.023028
679.545 695.599 0.021901
679.545 695.7 0.021791
679.545 695.801 0.02394
679.545 695.902 0.023394
679.545 696.003 0.035895
679.545 696.105 0.022413
679.545 696.439 0.028829
679.545 696.55 0.022288
679.545 696.662 0.02483
679.545 696.771 0.021915
679.545 696.882 0.023886
679.545 696.994 0.02367
679.545 697.105 0.02418
679.545 697.215 0.02234
679.545 697.326 0.021583
688.113 697.427 0.023368
688.113 697.527 0.025343
688.113 697.628 0.021016
688.113 697.729 0.021264
688.113 697.831 0.025101
688.113 697.932 0.023347
688.113 698.033 0.023542
688.113 698.134 0.022196
688.113 698.235 0.024004
688.113 698.336 0.023726
688.113 698.437 0.022274
688.113 698.538 0.022226
688.113 698.639 0.023634
688.113 698.74 0.024413
688.113 698.841 0.024517
688.113 698.953 0.024036
688.113 699.055 0.022244
688.113 699.16 0.022248
688.113 699.262 0.024271
688.113 699.363 0.023833
688.113 699.464 0.022519
688.113 699.565 0.023339
688.113 699.666 0.024466
688.113 699.767 0.023515
688.113 699.868 0.024378
688.113 699.97 0.022647
688.113 700.071 0.023541
688.113 700.172 0.02335
688.113 700.273 0.024513
688.113 700.374 0.022285
688.113 700.48 0.022385
688.113 700.581 0.025171
688.113 700.682 0.026917
688.113 700.783 0.021542
688.113 700.885 0.022521
688.113 700.986 0.026684
688.113 701.087 0.026503
688.113 701.188 0.021405
688.113 701.289 0.021724
688.113 701.391 0.026305
688.113 701.492 0.026769
688.113 701.593 0.021574
688.113 701.696 0.021812
688.113 701.797 0.023723
688.113 701.898 0.023631
688.113 701.999 0.02236
688.113 702.101 0.022605
688.113 702.202 0.026532
688.113 702.303 0.026755
688.113 702.404 0.026205
688.113 702.506 0.021811
688.113 702.607 0.023312
688.113 702.708 0.024551
688.113 702.809 0.025832
688.113 702.911 0.02278
688.113 703.011 0.027466
688.113 703.113 0.024216
688.113 703.214 0.021546
688.113 703.315 0.021576
688.113 703.416 0.023638
688.113 703.517 0.024103
688.113 703.618 0.021562
688.113 703.721 0.023042
688.113 703.821 0.023689
688.113 704.004 0.049592
688.113 704.106 0.022983
688.113 704.207 0.0212
688.113 704.309 0.027413
688.113 704.41 0.026329
688.113 704.511 0.023017
688.113 704.798 0.026223
688.113 704.92 0.032017
696.039 705.022 0.026283
696.039 705.123 0.021884
696.039 705.225 0.022006
696.039 705.326 0.027019
696.039 705.427 0.022054
696.039 705.53 0.026277
696.039 705.631 0.026095
703.876 705.732 0.025767
703.876 705.833 0.024759
703.876 705.939 0.024052
703.876 706.04 0.027996
703.876 706.144 0.027414
703.876 706.245 0.022196
703.876 706.346 0.024227
703.876 706.447 0.025507
704.892 706.548 0.021464
704.892 706.651 0.021764
704.892 706.751 0.025098
704.892 706.852 0.023094
704.892 706.954 0.022057
705.91 707.055 0.024314
705.91 707.16 0.022685
705.91 707.261 0.02471
705.91 707.362 0.022488
705.91 707.463 0.02717
705.91 707.564 0.02756
705.91 707.665 0.022099
705.91 707.772 0.022125
705.91 707.873 0.025315
705.91 707.973 0.026067
705.91 708.075 0.021977
705.91 708.176 0.024134
705.91 708.277 0.026059
706.929 708.378 0.02247
706.929 708.479 0.021823
706.929 708.58 0.024902
706.929 708.682 0.027886
706.929 708.783 0.026203
706.929 708.886 0.024832
706.929 708.987 0.023324
706.929 709.089 0.02289
706.929 709.195 0.03009
707.947 709.296 0.023194
707.947 709.397 0.024517
707.947 709.498 0.026848
707.947 709.6 0.024824
707.947 709.701 0.027261
707.947 709.803 0.027026
707.947 709.904 0.026695
707.947 710.005 0.022035
707.947 710.107 0.025637
708.963 710.209 0.030104
708.963 710.31 0.021655
708.963 710.416 0.02585
708.963 710.517 0.026223
708.963 710.618 0.026639
708.963 710.719 0.022336
708.963 710.82 0.027753
709.98 710.921 0.027082
709.98 711.022 0.021948
709.98 711.123 0.026947
709.98 711.224 0.024346
709.98 711.325 0.025007
709.98 711.429 0.021712
709.98 711.53 0.027407
709.98 711.631 0.03385
709.98 711.732 0.022791
709.98 711.833 0.027364
709.98 711.934 0.02774
709.98 712.035 0.022027
709.98 712.138 0.025983
709.98 712.238 0.035071
709.98 712.339 0.027234
709.98 712.44 0.025685
709.98 712.541 0.026625
710.997 712.642 0.02379
710.997 712.743 0.021997
710.997 712.845 0.028518
710.997 712.946 0.027888
710.997 713.048 0.025732
710.997 713.149 0.025816
710.997 713.264 0.02317
712.013 713.365 0.023272
712.013 713.466 0.024171
712.013 713.567 0.028248
712.013 713.668 0.025731
712.013 713.769 0.022872
712.013 713.87 0.025053
712.013 713.972 0.022341
712.013 714.076 0.021495
712.013 714.174 0.026345
712.013 714.276 0.028414
712.013 714.377 0.024377
713.032 714.479 0.028326
713.032 714.58 0.027724
713.032 714.681 0.024301
713.032 714.782 0.023406
713.032 714.883 0.026592
713.032 714.984 0.022441
713.032 715.087 0.023309
713.032 715.188 0.027757
713.032 715.289 0.026007
714.048 715.39 0.022038
714.048 715.491 0.024136
714.048 715.592 0.024172
714.048 715.703 0.024715
714.048 715.804 0.021842
714.048 715.905 0.024425
714.048 716.006 0.024648
714.048 716.107 0.024366
714.048 716.209 0.026348
714.048 716.311 0.026575
714.048 716.412 0.026376
715.064 716.513 0.023196
715.064 716.614 0.024271
715.064 716.715 0.024524
715.064 716.816 0.021576
715.064 716.917 0.022643
715.064 717.018 0.027596
715.064 717.12 0.02443
715.064 717.221 0.022089
715.064 717.322 0.023104
715.064 717.423 0.026361
715.064 717.524 0.021929
716.081 717.627 0.021541
716.081 717.728 0.023631
716.081 717.829 0.022918
716.081 717.93 0.021643
716.081 718.031 0.028298
716.081 718.133 0.024973
716.081 718.234 0.021784
716.081 718.336 0.026893
716.081 718.437 0.023547
717.098 718.539 0.023262
717.098 718.64 0.022323
717.098 718.742 0.028319
717.098 718.843 0.025545
717.098 718.944 0.022619
717.098 719.047 0.022392
718.115 719.148 0.023093
718.115 719.249 0.022552
718.115 719.35 0.022693
718.115 719.452 0.024322
718.115 719.553 0.024212
718.115 719.654 0.02147
718.115 719.756 0.021157
718.115 719.858 0.025771
718.115 719.959 0.024252
718.115 720.06 0.022217
718.115 720.165 0.022471
718.115 720.266 0.02436
718.115 720.367 0.024
718.115 720.468 0.021567
718.115 720.569 0.024276
718.115 720.67 0.02656
718.115 720.771 0.021825
718.115 720.873 0.022584
718.115 720.974 0.024911
718.115 721.075 0.025227
718.115 721.176 0.021323
718.115 721.282 0.022367
718.115 721.383 0.024693
718.115 721.484 0.024856
718.115 721.585 0.021623
718.115 721.686 0.024636
718.115 721.787 0.024384
718.115 721.888 0.022193
718.115 721.989 0.025855
718.115 722.09 0.027407
718.115 722.191 0.026267
718.115 722.293 0.02271
718.115 722.394 0.027137
718.115 722.495 0.026899
718.115 722.596 0.022112
718.115 722.697 0.0236
718.115 722.798 0.026616
718.115 722.899 0.021427
718.115 723.004 0.022059
718.115 723.105 0.025332
718.115 723.206 0.026042
718.115 723.307 0.02322
718.115 723.413 0.021685
718.115 723.514 0.027502
718.115 723.615 0.02728
718.115 723.716 0.021598
718.115 723.818 0.029578
718.115 723.918 0.02674
718.115 724.019 0.022096
718.115 724.121 0.022556
718.115 724.223 0.027011
718.115 724.324 0.025652
718.115 724.426 0.021685
718.115 724.53 0.022007
718.115 724.631 0.02379
719.131 724.732 0.025575
719.131 724.833 0.022645
719.131 724.94 0.035512
719.131 725.04 0.027971
719.131 725.142 0.025818
719.131 725.243 0.021744
719.131 725.345 0.022812
719.131 725.446 0.024093
719.131 725.547 0.024804
719.131 725.648 0.022282
719.131 725.749 0.023398
719.131 725.85 0.025086
719.131 725.951 0.028617
719.131 726.052 0.027912
723.839 726.153 0.027333
723.839 726.254 0.024002
723.839 726.356 0.021397
723.839 726.461 0.021643
723.839 726.562 0.024829
723.839 726.663 0.024722
723.839 726.764 0.021481
723.839 726.865 0.024332
723.839 726.966 0.024517
723.839 727.067 0.023357
723.839 727.168 0.021994
723.839 727.269 0.024377
723.839 727.375 0.024216
723.839 727.476 0.02448
723.839 727.577 0.021473
723.839 727.678 0.025001
723.839 727.779 0.024107
723.839 727.88 0.02409
723.839 727.981 0.021959
723.839 728.087 0.023283
723.839 728.188 0.024437
723.839 728.289 0.024779
723.839 728.39 0.021781
723.839 728.493 0.023161
723.839 728.594 0.025001
723.839 728.695 0.024517
723.839 728.796 0.022377
723.839 728.897 0.024122
723.839 728.998 0.024444
723.839 729.099 0.024968
723.839 729.201 0.021535
723.839 729.302 0.024887
723.839 729.403 0.024285
723.839 729.504 0.022043
723.839 729.605 0.021788
723.839 729.706 0.024264
723.839 729.807 0.024551
723.839 729.908 0.021603
723.839 730.009 0.026723
723.839 730.118 0.025115
723.839 730.219 0.026019
723.839 730.33 0.027856
723.839 730.422 0.027125
723.839 730.524 0.02977
723.839 730.625 0.02645
723.839 730.726 0.022472
723.839 730.83 0.022601
723.839 730.931 0.025042
724.855 731.032 0.025277
724.855 731.133 0.022412
724.855 731.234 0.023192
724.855 731.335 0.024289
724.855 731.436 0.0251
724.855 731.537 0.022784
730.005 731.638 0.023717
730.005 731.739 0.023836
730.005 731.84 0.023688
730.005 731.941 0.022243
730.005 732.042 0.026175
730.005 732.143 0.024439
730.005 732.244 0.021974
730.005 732.345 0.021816
730.005 732.446 0.02363
730.005 732.547 0.023682
730.005 732.648 0.022268
730.005 732.751 0.02275
730.005 732.852 0.024437
730.005 732.952 0.022933
730.005 733.053 0.021226
730.005 733.155 0.021532
730.005 733.256 0.025984
730.005 733.357 0.024339
730.005 733.458 0.021268
730.005 733.56 0.025183
730.005 733.661 0.02453
730.005 733.762 0.024139
730.005 733.863 0.02185
730.005 733.964 0.023367
730.005 734.065 0.0236
730.005 734.166 0.023434
730.005 734.267 0.02227
730.005 734.368 0.023087
730.005 734.469 0.026204
730.005 734.57 0.024119
730.005 734.671 0.022278
730.005 734.773 0.023762
730.005 734.874 0.024018
730.005 734.975 0.023383
730.005 735.076 0.021983
730.005 735.177 0.023495
730.005 735.279 0.023271
730.005 735.379 0.023333
730.005 735.48 0.021905
730.005 735.582 0.023429
730.005 735.683 0.023281
730.005 735.784 0.02177
730.005 735.885 0.022268
730.005 735.986 0.023765
730.005 736.087 0.023669
730.005 736.188 0.021794
730.005 736.289 0.023357
730.005 736.39 0.023895
730.005 736.491 0.023699
730.005 736.592 0.021559
730.005 736.693 0.023823
730.005 736.794 0.023497
730.005 736.895 0.021959
730.005 736.996 0.02144
730.005 737.097 0.037058
730.005 737.198 0.021644
730.005 737.304 0.021888
730.005 737.405 0.02563
730.005 737.508 0.025193
730.005 737.609 0.021857
730.005 737.711 0.023794
730.005 737.812 0.023801
730.005 737.913 0.025197
730.005 738.017 0.021343
730.005 738.118 0.022506
730.005 738.219 0.025731
730.005 738.32 0.020429
730.005 738.421 0.022621
731.021 738.522 0.025602
731.021 738.623 0.021268
731.021 738.726 0.024837
731.021 738.827 0.022359
731.021 738.928 0.023374
731.021 739.029 0.021422
731.021 739.132 0.02069
731.021 739.233 0.023187
731.021 739.334 0.022142
731.021 739.435 0.020708
731.021 739.541 0.021466
731.021 739.642 0.02254
731.021 739.743 0.024647
731.021 739.844 0.020821
731.021 739.945 0.022719
731.021 740.046 0.023041
731.021 740.147 0.022255
731.021 740.249 0.020497
731.021 740.35 0.023472
731.021 740.451 0.022745
731.021 740.552 0.020667
731.021 740.657 0.021295
731.021 740.758 0.023775
731.021 740.859 0.023937
731.021 740.96 0.021001
731.021 741.065 0.020748
731.021 741.166 0.022327
731.021 741.267 0.024137
731.021 741.368 0.021018
731.021 741.469 0.023565
731.021 741.57 0.022552
731.021 741.671 0.021957
731.021 741.773 0.021348
731.021 741.874 0.02285
731.021 741.975 0.022507
731.021 742.076 0.020573
731.021 742.179 0.021628
731.021 742.28 0.023206
731.021 742.381 0.021913
731.021 742.482 0.02217
731.021 742.588 0.020929
731.021 742.689 0.022147
731.021 742.79 0.02208
731.021 742.891 0.020694
731.021 742.996 0.020521
731.021 743.097 0.021583
731.021 743.2 0.026162
731.021 743.305 0.020614
731.021 743.408 0.026945
731.021 743.509 0.022986
731.021 743.61 0.023772
731.021 743.713 0.02167
731.021 743.82 0.022756
731.021 743.932 0.021241
731.021 744.09 0.024797
736.953 744.218 0.025293
736.953 744.319 0.022612
736.953 744.421 0.021597
736.953 744.522 0.022773
736.953 744.622 0.025745
736.953 744.723 0.019972
736.953 744.824 0.023708
743.043 744.925 0.023649
743.043 745.026 0.021229
743.043 745.127 0.021056
743.043 745.228 0.022795
743.043 745.329 0.021716
743.043 745.43 0.020163
743.043 745.531 0.020122
743.043 745.632 0.021616
743.043 745.733 0.022768
743.043 745.834 0.020503
744.059 745.935 0.022222
744.059 746.036 0.023253
744.059 746.137 0.020805
744.059 746.243 0.022535
744.059 746.352 0.021292
744.059 746.464 0.021452
744.059 746.577 0.02189
744.059 746.688 0.02399
744.059 746.8 0.022649
745.076 747.093 0.026714
745.076 747.216 0.023253
745.076 747.321 0.020766
745.076 747.433 0.023177
745.076 747.545 0.022596
745.076 747.655 0.022157
745.076 747.766 0.020014
745.076 747.879 0.019827
745.076 747.99 0.021117
745.076 748.091 0.021656
746.093 748.29 0.021963
746.093 748.391 0.024621
746.093 748.492 0.027676
746.093 748.593 0.026009
746.093 748.694 0.022406
746.093 748.795 0.025612
746.093 748.896 0.020982
747.11 748.998 0.020419
747.11 749.099 0.021782
747.11 749.2 0.023169
747.11 749.301 0.020096
747.11 749.402 0.02244
747.11 749.503 0.022414
747.11 749.604 0.02051
747.11 749.705 0.020427
747.11 749.807 0.022501
747.11 749.909 0.035021
747.11 750.01 0.020701
747.11 750.113 0.021748
748.126 750.214 0.020905
748.126 750.315 0.022316
748.126 750.416 0.020982
748.126 750.517 0.022927
748.126 750.619 0.025551
748.126 750.719 0.021099
748.126 750.823 0.02068
748.126 750.924 0.021824
748.126 751.025 0.021676
748.126 751.126 0.020263
749.143 751.227 0.021784
749.143 751.328 0.021667
749.143 751.429 0.020408
749.143 751.532 0.020321
749.143 751.633 0.026236
749.143 751.734 0.020138
749.143 751.835 0.020114
749.143 751.936 0.021766
749.143 752.037 0.021628
750.159 752.138 0.020202
750.159 752.239 0.021793
750.159 752.347 0.021859
750.159 752.447 0.022523
750.159 752.548 0.020417
750.159 752.649 0.022318
750.159 752.75 0.022091
750.159 752.851 0.02238
750.159 752.952 0.020924
751.177 753.053 0.023672
751.177 753.154 0.022098
751.177 753.256 0.034798
751.177 753.365 0.024093
751.177 753.462 0.021648
751.177 753.563 0.022026
751.177 753.664 0.020229
751.177 753.766 0.022443
751.177 753.867 0.021474
751.177 753.968 0.020364
752.194 754.07 0.020896
752.194 754.171 0.023142
752.194 754.273 0.021458
752.194 754.377 0.021646
752.194 754.479 0.02052
752.194 754.58 0.022381
752.194 754.682 0.023177
752.194 754.782 0.021934
752.194 754.883 0.022176
753.211 754.984 0.021796
753.211 755.085 0.020993
753.211 755.188 0.020777
753.211 755.289 0.026257
753.211 755.391 0.023286
753.211 755.492 0.021003
754.228 755.593 0.022084
754.228 755.694 0.022819
754.228 755.795 0.020079
754.228 755.896 0.021288
754.228 755.997 0.022676
754.228 756.098 0.020021
754.228 756.199 0.020908
754.228 756.3 0.022547
755.246 756.404 0.023124
755.246 756.508 0.022175
755.246 756.609 0.020916
755.246 756.71 0.023403
755.246 756.811 0.023632
755.246 756.912 0.025597
755.246 757.013 0.020754
755.246 757.114 0.022893
755.246 757.215 0.02259
756.262 757.316 0.020943
756.262 757.494 0.023569
756.262 757.594 0.0224
756.262 757.695 0.021081
756.262 757.796 0.021527
756.262 757.897 0.026215
756.262 757.998 0.021769
757.278 758.099 0.02076
757.278 758.2 0.023424
757.278 758.301 0.025614
757.278 758.402 0.030221
757.278 758.503 0.020755
757.278 758.604 0.022466
757.278 758.705 0.022452
757.278 758.806 0.021156
757.278 758.907 0.023274
757.278 759.008 0.025946
757.278 759.109 0.021283
757.278 759.21 0.021127
757.278 759.311 0.023347
757.278 759.416 0.023152
757.278 759.517 0.019725
757.278 759.62 0.022296
758.295 759.72 0.023901
758.295 759.822 0.022557
758.295 759.923 0.021318
758.295 760.024 0.022377
758.295 760.125 0.027526
758.295 760.226 0.020766
758.295 760.329 0.020912
758.295 760.43 0.022252
758.295 760.531 0.023641
759.311 760.632 0.021238
759.311 760.733 0.022993
759.311 760.834 0.023666
759.311 760.935 0.022155
759.311 761.038 0.0228
759.311 761.139 0.02176
759.311 761.24 0.024052
759.311 761.341 0.022873
759.311 761.519 0.023577
760.329 761.62 0.02231
760.329 761.721 0.021087
760.329 761.822 0.02029
760.329 761.923 0.021665
760.329 762.024 0.022495
760.329 762.125 0.020198
760.329 762.226 0.022239
761.346 762.327 0.022383
761.346 762.428 0.03579
761.346 762.529 0.020496
761.346 762.63 0.021978
761.346 762.731 0.022028
761.346 762.832 0.020709
761.346 762.938 0.020349
762.363 763.039 0.0219
762.363 763.139 0.022111
762.363 763.241 0.023096
762.363 763.347 0.020246
762.363 763.449 0.030177
762.363 763.551 0.025716
762.363 763.652 0.020213
762.363 763.756 0.020502
762.363 763.857 0.026145
762.363 763.958 0.026143
762.363 764.059 0.020646
762.363 764.16 0.024815
762.363 764.261 0.024164
762.363 764.362 0.021015
762.363 764.468 0.023498
763.381 764.569 0.021686
763.381 764.67 0.025041
763.381 764.771 0.020319
763.381 764.877 0.021206
763.381 764.978 0.024787
763.381 765.079 0.023421
763.381 765.18 0.021686
763.381 765.281 0.022672
763.381 765.382 0.021746
764.402 765.483 0.030177
764.402 765.586 0.021513
764.402 765.688 0.024116
764.402 765.789 0.022087
764.402 765.89 0.02101
764.402 765.994 0.021707
764.402 766.095 0.021997
764.402 766.197 0.020042
764.402 766.298 0.022044
765.419 766.399 0.021845
765.419 766.5 0.034554
765.419 766.601 0.020599
765.419 766.702 0.020588
765.419 766.804 0.023854
765.419 766.905 0.025895
765.419 767.006 0.020501
765.419 767.107 0.022279
765.419 767.208 0.02241
765.419 767.309 0.020466
765.419 767.413 0.020996
765.419 767.514 0.025784
765.419 767.616 0.023213
765.419 767.717 0.022878
766.436 767.823 0.021231
766.436 767.924 0.023637
766.436 768.025 0.02687
766.436 768.126 0.021883
766.436 768.227 0.02944
766.436 768.328 0.025025
766.436 768.429 0.020718
767.454 768.53 0.031093
767.454 768.632 0.023183
767.454 768.733 0.022515
767.454 768.835 0.020523
767.454 768.936 0.023362
767.454 769.036 0.02539
767.454 769.137 0.02032
767.454 769.242 0.021385
767.454 769.341 0.023096
767.454 769.442 0.022023
767.454 769.543 0.02052
767.454 769.644 0.023235
767.454 769.745 0.023799
767.454 769.846 0.020487
767.454 769.95 0.020653
767.454 770.051 0.023616
767.454 770.152 0.022908
767.454 770.253 0.02041
767.454 770.36 0.023837
767.454 770.461 0.022538
767.454 770.562 0.022339
767.454 770.662 0.021208
767.454 770.763 0.021884
767.454 770.864 0.021761
767.454 770.965 0.02104
767.454 771.066 0.021791
767.454 771.173 0.022645
767.454 771.275 0.024104
767.454 771.376 0.023229
767.454 771.477 0.021428
767.454 771.578 0.02405
767.454 771.68 0.024096
767.454 771.781 0.021604
767.454 771.882 0.02405
767.454 771.984 0.024082
767.454 772.085 0.022975
767.454 772.186 0.021509
767.454 772.287 0.024523
767.454 772.388 0.024597
767.454 772.489 0.021492
767.454 772.592 0.021524
767.454 772.693 0.024728
767.454 772.794 0.024943
767.454 772.895 0.021876
767.454 772.996 0.024639
767.454 773.097 0.025115
767.454 773.198 0.021499
767.454 773.3 0.022632
767.454 773.401 0.025977
767.454 773.502 0.024004
767.454 773.603 0.02136
767.454 773.705 0.022672
767.454 773.805 0.024083
767.454 773.906 0.021662
767.454 774.007 0.021776
767.454 774.108 0.023471
767.454 774.209 0.023811
767.454 774.31 0.022435
767.454 774.411 0.024225
767.454 774.517 0.024263
767.454 774.618 0.024076
767.454 774.719 0.021364
767.454 774.819 0.023884
767.454 774.921 0.026825
767.454 775.022 0.021464
767.454 775.123 0.021417
767.454 775.224 0.0369
767.454 775.325 0.027019
767.454 775.426 0.021493
767.454 775.532 0.022103
767.454 775.633 0.027281
767.454 775.734 0.027438
767.454 775.836 0.022507
767.454 775.937 0.026959
767.454 776.038 0.027103
767.454 776.139 0.022189
767.454 776.244 0.024211
768.473 776.345 0.027295
768.473 776.446 0.027235
768.473 776.547 0.02155
768.473 776.653 0.021611
768.473 776.754 0.027147
768.473 776.855 0.024148
768.473 776.956 0.021211
768.473 777.061 0.022997
768.473 777.158 0.027011
768.473 777.259 0.021524
768.473 777.362 0.021479
768.473 777.463 0.026824
768.473 777.564 0.026773
768.473 777.665 0.02123
768.473 777.771 0.021701
768.473 777.872 0.027163
768.473 777.973 0.023362
768.473 778.074 0.022027
768.473 778.175 0.025222
768.473 778.276 0.024658
768.473 778.377 0.021287
768.473 778.48 0.021622
768.473 778.581 0.024562
768.473 778.682 0.02376
768.473 778.783 0.021383
768.473 778.889 0.021762
768.473 778.99 0.027382
768.473 779.091 0.026624
768.473 779.192 0.021223
768.473 779.295 0.023904
768.473 779.394 0.024746
768.473 779.495 0.021422
768.473 779.6 0.02162
768.473 779.701 0.026646
768.473 779.802 0.027161
768.473 779.903 0.021318
768.473 780.007 0.022666
768.473 780.108 0.027022
768.473 780.209 0.025291
768.473 780.31 0.021054
768.473 780.411 0.024706
768.473 780.516 0.026114
768.473 780.617 0.023882
768.473 780.718 0.021547
768.473 780.819 0.02434
768.473 780.921 0.024198
768.473 781.022 0.026658
768.473 781.123 0.021874
768.473 781.224 0.024851
768.473 781.325 0.02386
768.473 781.427 0.027158
768.473 781.532 0.021295
768.473 781.633 0.026414
768.473 781.735 0.027591
768.473 781.836 0.025201
768.473 781.937 0.026482
775.11 782.038 0.024482
775.11 782.139 0.021506
775.11 782.242 0.022879
775.11 782.343 0.028226
775.11 782.444 0.024214
775.11 782.545 0.021522
775.11 782.646 0.024476
775.11 782.747 0.024614
775.11 782.848 0.022209
775.11 782.952 0.022665
775.11 783.053 0.024466
775.11 783.154 0.024523
775.11 783.255 0.021702
775.11 783.356 0.024418
775.11 783.457 0.02467
775.11 783.558 0.02187
775.11 783.66 0.022436
775.11 783.761 0.024769
775.11 783.862 0.024489
775.11 783.963 0.021849
775.11 784.069 0.021958
775.11 784.17 0.024085
775.11 784.271 0.023832
775.11 784.372 0.021115
775.11 784.473 0.023173
775.11 784.574 0.023916
775.11 784.675 0.021531
775.11 784.777 0.022655
775.11 784.878 0.024339
775.11 784.979 0.024467
775.11 785.08 0.021377
775.11 785.181 0.024585
775.11 785.282 0.024639
775.11 785.383 0.022133
775.11 785.485 0.023787
775.11 785.586 0.024445
775.11 785.687 0.024638
775.11 785.788 0.021442
775.11 785.889 0.025074
775.11 785.99 0.023924
775.11 786.091 0.021403
775.11 786.194 0.022527
775.11 786.295 0.024271
775.11 786.396 0.02484
775.11 786.497 0.02164
775.11 786.598 0.025882
775.11 786.699 0.024221
775.11 786.8 0.021623
775.11 786.902 0.021426
775.11 787.003 0.024163
775.11 787.104 0.024033
775.11 787.205 0.021528
775.11 787.306 0.03351
775.11 787.408 0.023033
775.11 787.509 0.021837
775.11 787.61 0.022085
775.11 787.712 0.023565
775.11 787.813 0.027782
775.11 787.914 0.025389
775.11 788.019 0.022476
775.11 788.12 0.024756
775.11 788.221 0.026798
775.11 788.323 0.026466
775.11 788.425 0.037217
781.005 788.526 0.024162
781.005 788.627 0.021417
781.005 788.728 0.023114
781.005 788.83 0.027249
781.005 788.931 0.026808
781.005 789.032 0.036026
781.005 789.135 0.022633
781.005 789.236 0.024087
781.005 789.337 0.023841
781.005 790.053 0.02591
787.329 790.154 0.02122
787.329 790.255 0.027141
787.329 790.356 0.030088
787.329 790.457 0.037318
787.329 790.861 0.024573
787.329 790.972 0.023556
788.347 791.103 0.023792
788.347 791.205 0.022204
788.347 791.313 0.025523
788.347 791.414 0.025846
788.347 791.515 0.025995
788.347 791.616 0.021502
788.347 791.719 0.021349
788.347 791.82 0.024157
788.347 791.922 0.02549
788.347 792.023 0.026968
789.364 792.124 0.024429
789.364 792.225 0.023613
789.364 792.326 0.022201
789.364 792.428 0.022951
789.364 792.529 0.023181
789.364 792.63 0.024521
789.364 792.731 0.021233
789.364 792.834 0.022505
789.364 792.935 0.023843
789.364 793.037 0.024336
789.364 793.138 0.023586
789.364 793.239 0.024446
789.364 793.34 0.022895
789.364 793.441 0.022928
789.364 793.543 0.02211
789.364 793.644 0.023806
789.364 793.746 0.023259
789.364 793.847 0.021616
789.364 793.948 0.023367
789.364 794.049 0.023325
789.364 794.151 0.021589
789.364 794.252 0.022649
789.364 794.353 0.023393
789.364 794.454 0.02392
789.364 794.561 0.023623
789.364 794.662 0.021652
789.364 794.763 0.022863
789.364 794.865 0.024003
789.364 794.966 0.021785
789.364 795.067 0.021435
789.364 795.169 0.023271
789.364 795.27 0.022755
789.364 795.371 0.021608
789.364 795.474 0.021503
789.364 795.575 0.022682
789.364 795.676 0.023256
789.364 795.777 0.02125
789.364 795.878 0.02297
789.364 795.98 0.023055
789.364 796.081 0.021344
789.364 796.182 0.023175
789.364 796.283 0.023072
789.364 796.384 0.023043
789.364 796.486 0.021343
789.364 796.587 0.02269
789.364 796.688 0.023189
789.364 796.789 0.023244
789.364 796.89 0.022512
789.364 796.991 0.023683
789.364 797.092 0.022872
789.364 797.193 0.021197
789.364 797.294 0.023693
789.364 797.395 0.023566
789.364 797.496 0.021745
789.364 797.598 0.022289
789.364 797.699 0.023903
789.364 797.8 0.024565
789.364 797.901 0.021971
789.364 798.002 0.025585
789.364 798.103 0.023182
789.364 798.204 0.023832
789.364 798.305 0.021264
789.364 798.406 0.031177
789.364 798.507 0.022674
789.364 798.608 0.029824
789.364 798.709 0.022132
789.364 798.81 0.022461
789.364 798.911 0.024645
789.364 799.012 0.022863
789.364 799.114 0.022864
789.364 799.215 0.02469
790.381 799.316 0.021835
790.381 799.417 0.023485
790.381 799.519 0.02287
790.381 799.62 0.021416
790.381 799.721 0.023688
790.381 799.823 0.024095
790.381 799.924 0.025241
790.381 800.025 0.024363
790.381 800.128 0.021767
790.381 800.229 0.023187
790.381 800.33 0.026142
790.381 800.431 0.021706
790.381 800.533 0.023289
790.381 800.634 0.024008
790.381 800.735 0.023107
790.381 800.836 0.02163
790.381 800.938 0.024364
790.381 801.039 0.023668
790.381 801.14 0.021451
790.381 801.241 0.022624
790.381 801.342 0.024158
790.381 801.443 0.024046
790.381 801.544 0.022546
790.381 801.646 0.023745
790.381 801.752 0.023306
790.381 801.853 0.022839
790.381 801.954 0.022255
790.381 802.056 0.021941
790.381 802.156 0.023541
790.381 802.257 0.023489
790.381 802.358 0.022162
790.381 802.459 0.02362
790.381 802.56 0.02351
790.381 802.661 0.021981
790.381 802.764 0.022222
790.381 802.865 0.023788
790.381 802.966 0.023334
790.381 803.067 0.02151
790.381 803.168 0.02392
790.381 803.269 0.023699
790.381 803.37 0.02128
790.381 803.477 0.024503
790.381 803.581 0.022416
790.381 803.683 0.023736
790.381 803.783 0.023723
790.381 803.885 0.022005
790.381 803.986 0.023828
790.381 804.086 0.023516
790.381 804.187 0.022175
790.381 804.289 0.022448
790.381 804.39 0.024083
790.381 804.491 0.023931
790.381 804.592 0.022196
790.381 804.694 0.022484
790.381 804.795 0.023939
790.381 804.896 0.02341
790.381 804.997 0.022844
790.381 805.098 0.023806
790.381 805.199 0.023469
790.381 805.302 0.023021
790.381 805.403 0.021263
790.381 805.504 0.022606
790.381 805.605 0.023391
790.381 805.706 0.021544
790.381 805.807 0.021822
790.381 805.908 0.023212
790.381 806.009 0.021997
790.381 806.11 0.02228
