642.745 1.43656 0.019296 1.26875 0.157829
644.206 0.207582 0.017754 0.07899 0.124044
645.225 0.185179 0.017085 0.072873 0.109558
646.243 0.171603 0.016494 0.064756 0.10409
647.26 0.171907 0.016826 0.065319 0.103894
648.278 0.170558 0.016063 0.061387 0.10646
649.295 0.179691 0.016354 0.063682 0.113345
650.312 0.175674 0.015892 0.064674 0.108319
651.333 0.176336 0.015967 0.067585 0.106019
652.35 0.170439 0.015812 0.060581 0.10714
653.367 0.161357 0.015632 0.061727 0.09684
654.384 0.272593 0.015768 0.058757 0.211154
655.401 0.232009 0.016104 0.060484 0.168889
656.418 0.228636 0.015084 0.060027 0.165813
657.438 0.231471 0.015136 0.059308 0.169404
658.603 7.53712 0.015258 0.057513 7.47691
666.157 1.08923 0.015463 0.097699 0.988858
667.263 0.23628 0.015256 0.064703 0.168857
668.28 0.228516 0.014995 0.059125 0.166735
669.296 0.240783 0.015031 0.061363 0.176456
670.312 0.24037 0.016159 0.056994 0.180646
671.329 0.259188 0.016812 0.059677 0.19656
672.347 6.16142 0.016413 0.059282 6.09931
678.526 0.270801 0.016375 0.067139 0.200859
679.545 8.5503 0.015989 0.056153 8.4915
688.113 7.90926 0.015528 0.133533 7.77311
696.039 7.8205 0.015267 0.099067 7.71872
703.876 0.905835 0.014666 0.121475 0.781738
704.892 0.808467 0.016395 0.063693 0.741936
705.91 0.243018 0.015309 0.058211 0.182192
706.929 0.237546 0.016859 0.061341 0.173291
707.947 0.230765 0.015241 0.058604 0.169426
708.963 0.244627 0.015443 0.057766 0.184193
709.98 0.252817 0.015587 0.058515 0.191567
710.997 0.654828 0.015192 0.044963 0.607179
712.013 0.25633 0.015632 0.058442 0.195214
713.032 0.232923 0.014948 0.056977 0.173196
714.048 0.237902 0.015494 0.058631 0.176574
715.064 0.647291 0.015087 0.058205 0.586363
716.081 0.599552 0.016166 0.059196 0.537696
717.098 0.628098 0.015559 0.056865 0.568516
718.115 0.223537 0.0152 0.056138 0.164698
719.131 4.69093 0.01555 0.04632 4.64179
723.839 0.655517 0.015097 0.069525 0.583331
724.855 5.13334 0.015315 0.056254 5.07448
730.005 0.268897 0.015046 0.068611 0.197651
731.021 5.91575 0.015098 0.056393 5.85677
736.953 6.07299 0.015186 0.132623 5.9378
743.043 0.157032 0.015303 0.067775 0.086594
744.059 0.141488 0.016029 0.054928 0.08391
745.076 0.144066 0.015878 0.056882 0.084515
746.093 0.152869 0.015606 0.05706 0.09321
747.11 0.151505 0.01555 0.058085 0.090832
748.126 0.145998 0.015516 0.056381 0.087015
749.143 0.145203 0.015363 0.056438 0.086144
750.159 0.151528 0.016266 0.058571 0.09028
751.177 0.144641 0.016215 0.056343 0.08563
752.194 0.144059 0.016514 0.057114 0.084325
753.211 0.15404 0.015857 0.057909 0.093521
754.228 0.148566 0.016462 0.058794 0.087219
755.246 0.142501 0.015514 0.056849 0.083041
756.262 0.140011 0.015029 0.057001 0.080423
757.278 0.217797 0.015325 0.04657 0.168591
758.295 0.134868 0.015484 0.044484 0.087697
759.311 0.149468 0.016174 0.056175 0.090671
760.329 0.140278 0.016683 0.054302 0.083385
761.346 0.155557 0.015716 0.059314 0.093641
762.363 0.132562 0.016862 0.048357 0.08122
763.381 0.130683 0.016431 0.046296 0.081719
764.402 0.141577 0.015898 0.056403 0.082572
765.419 0.133646 0.016216 0.047412 0.083615
766.436 0.134032 0.016707 0.046923 0.084491
767.454 0.244445 0.015446 0.056245 0.185518
768.473 6.62068 0.015429 0.044927 6.57311
775.11 5.87835 0.015591 0.091313 5.78444
781.005 6.30667 0.016014 0.05877 6.24527
787.329 0.709793 0.016227 0.092135 0.615038
788.347 0.715482 0.01605 0.057172 0.655684
789.364 0.67226 0.015412 0.057134 0.612483
790.381 8.03299 0.017513 0.059392 7.97084
798.432 6.65502 0.015779 0.145917 6.50647
805.104 6.18648 0.016119 0.110773 6.07313
811.308 6.93994 0.01548 0.060197 6.87709
818.265 5.20915 0.017352 0.105333 5.1012
823.492 6.63101 0.015293 0.058995 6.56942
830.14 6.53103 0.015821 0.10206 6.42642
836.688 6.4137 0.015724 0.100993 6.31011
843.119 7.53733 0.015469 0.061677 7.47306
850.672 6.52281 0.016478 0.109421 6.41073
857.214 0.726306 0.015751 0.113552 0.610191
858.231 0.162844 0.016908 0.056085 0.104116
859.249 0.581259 0.016822 0.057949 0.520592
860.267 0.851254 0.016528 0.055377 0.79321
861.285 0.846376 0.016265 0.055357 0.788215
862.302 7.11731 0.016024 0.058171 7.05649
869.437 0.792174 0.016313 0.093414 0.696115
870.454 0.818701 0.015449 0.058838 0.756841
871.472 0.823955 0.01525 0.057412 0.763746
872.489 7.60504 0.016029 0.056081 7.54636
880.111 8.0408 0.015182 0.087112 7.95107
888.168 8.13502 0.015299 0.127727 8.00459
896.32 0.750825 0.015307 0.085086 0.663151
897.336 0.211374 0.015121 0.058066 0.150698
898.353 0.203591 0.015127 0.053453 0.147544
899.369 0.205996 0.015547 0.05367 0.149735
900.391 0.206959 0.015924 0.057618 0.146722
901.414 0.205188 0.015849 0.054579 0.148015
902.431 0.226508 0.015671 0.05739 0.1665
903.449 0.230756 0.017176 0.056778 0.171126
904.468 0.216724 0.015701 0.057369 0.156784
905.485 0.215857 0.016124 0.058644 0.154564
906.502 6.10461 0.01581 0.057969 6.04397
912.624 0.253948 0.015751 0.105812 0.144854
913.641 4.3681 0.015471 0.05592 4.3096
918.025 5.89758 0.015223 0.056208 5.83881
923.939 0.217719 0.014909 0.063504 0.151611
924.955 6.64108 0.01594 0.056795 6.58159
931.613 0.78906 0.015219 0.127281 0.659204
932.63 0.205712 0.015819 0.060987 0.142059
933.647 0.199224 0.015671 0.058224 0.138381
934.664 0.19675 0.015543 0.05484 0.139309
935.68 0.189641 0.016527 0.055266 0.131803
936.698 0.207436 0.016955 0.059183 0.145369
937.716 0.196703 0.01745 0.055111 0.138795
938.735 0.197954 0.016983 0.048777 0.146538
939.753 0.210072 0.016806 0.055872 0.151421
940.771 0.211219 0.017014 0.057081 0.151426
941.789 0.221109 0.01677 0.05621 0.162156
942.807 0.222098 0.016758 0.058589 0.160761
943.825 0.22266 0.016843 0.057763 0.161947
944.844 0.224904 0.01671 0.057601 0.164631
946.028 0.232019 0.016286 0.056693 0.172705
947.045 0.213164 0.016222 0.0563 0.15425
948.063 0.21485 0.015754 0.057613 0.154622
949.08 5.95219 0.016539 0.057551 5.89179
955.05 0.213251 0.015981 0.061756 0.148481
956.129 0.185061 0.0162 0.05541 0.127003
957.147 0.196387 0.015941 0.056074 0.137684
958.164 0.71028 0.016033 0.042303 0.665337
959.181 5.39167 0.017032 0.059156 5.32976
964.591 0.182391 0.015967 0.058315 0.12143
965.608 0.195684 0.016452 0.054654 0.138326
966.626 0.198177 0.016542 0.056139 0.139256
967.644 0.197571 0.016573 0.057106 0.137757
968.661 0.198821 0.016936 0.056541 0.139521
969.695 0.208397 0.016379 0.057591 0.148012
970.713 0.190821 0.016529 0.057103 0.130927
971.731 0.190084 0.016285 0.057675 0.129611
972.891 0.189804 0.015854 0.055717 0.131275
973.908 0.189365 0.01534 0.0545 0.132244
974.929 0.193256 0.015707 0.055869 0.134804
975.948 0.194856 0.013985 0.054147 0.138107
976.967 0.193187 0.013759 0.054515 0.13606
977.982 0.189612 0.013587 0.056571 0.130436
979.002 0.187049 0.013625 0.053782 0.130678
980.017 0.201152 0.013981 0.055623 0.142933
981.032 0.189316 0.014303 0.057477 0.129215
982.048 0.193708 0.014134 0.055812 0.135284
983.064 0.203417 0.014401 0.056315 0.144495
984.111 0.197651 0.014205 0.055641 0.139446
985.155 0.206303 0.014353 0.055444 0.148165
986.265 1.8746 0.014369 0.055734 1.81624
988.155 3.53002 0.014182 0.053589 3.47387
991.7 8.12941 0.014119 0.05638 8.0701
999.845 0.78465 0.01403 0.107788 0.674227
1000.87 0.627783 0.014845 0.042894 0.582207
1001.88 3.49291 0.014454 0.045749 3.44454
1005.39 6.81608 0.015942 0.057558 6.75584
1012.23 1.34769 0.014045 0.076503 1.26799
1013.59 1.61623 0.014509 0.058321 1.55524
1015.22 1.69847 0.014097 0.057193 1.63861
1016.93 0.796612 0.014367 0.056675 0.737355
1017.95 0.743703 0.014467 0.054568 0.68649
1018.97 0.5777 0.01451 0.056833 0.518124
1020.5 0.184508 0.014316 0.044477 0.137437
1021.52 0.199038 0.01509 0.044945 0.151289
1022.54 0.211959 0.01503 0.056078 0.153151
1023.55 0.198968 0.014821 0.055285 0.140859
1024.57 0.198301 0.014353 0.05657 0.139072
1025.58 0.244645 0.014418 0.05677 0.1852
1026.6 0.199829 0.015007 0.055528 0.141516
1027.62 0.20631 0.014117 0.044558 0.159094
1028.63 0.196102 0.014302 0.055347 0.138165
1029.65 0.18019 0.015168 0.057207 0.118667
1030.66 0.182688 0.017256 0.054479 0.125095
1031.68 0.230951 0.01385 0.062202 0.166065
1032.7 0.189041 0.015328 0.05976 0.12662
1033.89 0.227626 0.015096 0.05599 0.168824
1034.9 0.18356 0.01465 0.056075 0.124706
1035.92 0.214762 0.014072 0.04747 0.164611
1036.93 0.251471 0.014756 0.057547 0.191201
1037.95 0.206316 0.014894 0.055519 0.148088
1038.97 0.198869 0.014353 0.05556 0.140686
1039.99 0.229918 0.015637 0.05673 0.170494
1041.02 0.205048 0.014899 0.057425 0.144932
1042.04 0.541902 0.014288 0.043591 0.495669
1043.06 0.336886 0.013865 0.056699 0.277574
1044.07 0.316361 0.01387 0.054213 0.25949
1045.09 0.216362 0.014493 0.056837 0.156926
1046.13 0.216161 0.013992 0.055995 0.157562
1047.14 0.269545 0.014153 0.054219 0.212749
1048.16 0.477667 0.013752 0.054165 0.42087
1049.18 0.435318 0.01401 0.044838 0.387826
1050.19 0.196924 0.014379 0.043191 0.151101
1051.21 0.187117 0.015171 0.04462 0.139839
1052.23 0.187603 0.014463 0.044846 0.140182
1053.42 0.198237 0.014466 0.046239 0.149386
1054.62 0.20657 0.01437 0.046506 0.157396
1055.87 0.196862 0.013733 0.046019 0.148024
1056.96 0.19994 0.017056 0.050155 0.146639
1057.97 0.201045 0.015337 0.045408 0.152927
1058.99 0.21248 0.015098 0.049909 0.159874
1060.01 0.218326 0.014868 0.046024 0.169558
1061.02 0.199535 0.014985 0.044102 0.152747
1062.04 0.53251 0.015121 0.047575 0.482273
1063.05 0.269273 0.014464 0.046547 0.220109
1064.07 0.297268 0.015339 0.043879 0.250696
1065.09 0.281002 0.014254 0.047714 0.2306
1066.1 0.297548 0.014131 0.043978 0.250754
1067.12 0.203638 0.014647 0.045901 0.155091
1068.13 0.5825 0.014385 0.045276 0.534541
1069.15 0.518968 0.014304 0.042464 0.473845
1070.16 0.313204 0.014415 0.047648 0.262957
1071.18 0.203716 0.014739 0.046657 0.154445
1072.19 0.202271 0.015535 0.042562 0.156863
1073.21 0.21331 0.014522 0.049242 0.161442
1074.23 0.211287 0.014338 0.04755 0.161137
1075.24 0.204038 0.015838 0.046589 0.154766
1076.26 0.205666 0.014326 0.046364 0.156658
1077.27 0.205763 0.014579 0.047937 0.155183
1078.29 0.196561 0.014475 0.051227 0.142598
1079.3 0.204177 0.015368 0.053272 0.148242
1080.32 0.201661 0.01406 0.053559 0.145229
1081.34 0.196061 0.014382 0.051578 0.141473
1082.35 0.198675 0.015073 0.052747 0.143037
1083.37 0.198149 0.015434 0.052972 0.142489
1084.38 0.194637 0.014354 0.04954 0.142469
1085.4 0.1882 0.014805 0.05002 0.135362
1086.41 0.193752 0.015431 0.049929 0.141141
1087.43 0.19341 0.014543 0.048709 0.141628
1088.45 0.188367 0.015126 0.047654 0.137931
1089.46 0.195168 0.014441 0.050686 0.141765
1090.48 0.195564 0.014813 0.046477 0.14623
1091.5 0.192136 0.015272 0.047266 0.142036
1092.51 0.197745 0.015213 0.047738 0.147292
1093.53 0.191967 0.014998 0.045548 0.143595
1094.54 0.186724 0.014837 0.042019 0.142072
1095.56 0.197048 0.015804 0.047657 0.146575
1096.58 0.190945 0.014684 0.045986 0.142287
1097.59 0.1994 0.014671 0.045733 0.151023
