128.323 129.99 1.33871
129.989 131.33 0.965246
131.02 132.296 1.10893
132.044 133.406 1.45612
133.071 134.863 1.21119
134.093 136.075 1.02018
135.115 137.096 1.09648
136.138 138.194 0.931275
137.165 139.126 0.764136
138.193 139.891 0.962268
139.214 140.854 1.22787
140.236 142.083 1.26822
141.257 143.352 1.68214
142.283 145.035 0.535517
143.315 145.572 0.854496
144.365 146.547 1.29596
146.546 147.844 1.18993
147.568 149.035 1.30339
148.59 150.339 0.99625
149.622 151.337 1.55388
150.644 152.891 0.894945
151.668 153.787 0.706718
152.691 159.461 0.879256
159.461 165.463 0.68256
165.462 174.105 1.33029
174.105 181.971 1.05829
181.971 189.91 0.882214
189.91 190.84 0.731089
190.932 191.814 0.620312
191.952 192.436 1.22007
192.991 193.657 0.891629
194.012 194.549 0.935758
195.033 195.787 0.749142
196.055 196.537 0.914828
197.076 197.812 0.764486
198.097 198.577 1.2403
199.119 199.818 0.884686
200.144 200.777 0.797258
201.177 201.854 0.867202
202.198 202.819 0.745907
203.218 203.9 0.749705
204.25 204.651 0.772326
205.279 210.145 1.63545
210.145 211.782 0.968925
211.166 212.752 0.698589
212.187 213.451 1.31377
213.209 214.766 0.976848
214.231 215.744 0.891963
215.281 216.637 0.892059
216.302 217.53 1.07414
217.324 218.605 1.30455
218.344 219.91 0.797623
219.367 220.709 1.21009
220.401 221.92 1.06383
221.423 222.985 0.973116
222.444 223.959 0.946646
223.466 224.907 1.06201
224.488 225.97 1.01531
225.509 226.986 0.56285
226.531 227.55 0.837814
227.553 228.39 0.896273
228.575 229.287 0.672114
229.596 229.96 1.24955
230.618 231.21 0.988334
231.639 232.2 0.931346
232.66 233.132 0.84171
233.695 233.975 0.52848
234.715 234.872 1.0246
235.739 235.912 0.93995
236.761 236.929 0.812219
237.783 237.928 1.19123
238.804 239.122 0.847177
239.827 246.599 1.35381
246.599 253.387 1.09553
253.387 259.326 1.14426
259.325 265.613 1.37843
265.613 266.992 0.992913
266.633 267.986 1.18976
267.659 269.177 0.661305
268.682 276.532 1.23303
276.532 283.436 1.26671
283.435 289.56 0.89827
289.56 296.485 1.79925
296.485 301.779 0.698445
301.778 308.437 1.14493
308.437 315.15 0.976841
315.15 321.346 0.792068
321.346 328.625 1.82307
328.625 335.107 0.860974
335.106 335.969 0.732564
336.127 336.702 1.4077
337.148 338.111 0.862421
338.171 339.044 0.972651
339.197 340.018 0.773301
340.22 347.406 1.25945
347.405 348.666 0.780666
348.436 349.448 1.17571
349.458 350.625 0.880415
350.478 357.922 1.07746
357.922 365.851 1.90903
365.851 373.361 1.15973
373.36 374.521 1.22896
374.385 379.032 1.15142
379.032 380.185 0.865611
380.053 381.523 0.733131
381.523 389.158 1.04619
389.157 390.205 0.996193
390.203 391.202 0.987394
391.226 392.191 0.799907
392.249 393.254 1.329
393.278 394.584 1.24421
394.298 400.621 0.979489
400.621 406.473 1.18268
406.473 407.657 0.899726
407.493 413.491 0.648276
413.491 419.884 1.1976
419.884 426.602 0.920442
426.601 427.991 0.83135
427.991 434.645 1.04443
434.645 435.692 0.640686
435.666 436.334 1.14879
436.696 444.201 0.957854
444.201 445.16 0.756996
445.221 446.006 1.14785
446.241 447.155 0.971441
447.262 448.127 1.74586
448.284 449.874 0.931086
449.305 450.806 1.63344
450.329 452.44 0.791442
451.352 453.233 1.32735
452.375 454.561 1.45774
453.396 456.02 0.979306
454.419 457 1.26384
455.446 458.265 0.975044
456.467 459.241 0.893001
457.488 460.134 0.776502
458.508 460.911 0.644687
459.528 461.557 0.910358
460.549 462.468 1.68727
461.57 464.156 0.792632
462.59 464.949 1.5651
463.611 466.515 0.920686
464.633 467.437 1.0891
465.657 468.527 1.75285
466.684 470.28 1.11758
467.715 471.399 1.79875
468.743 473.198 0.626164
469.767 473.827 1.46018
470.796 475.288 1.38758
471.818 476.676 0.746831
472.84 477.424 0.896794
473.861 478.321 1.52475
474.881 479.847 0.965844
475.902 480.813 1.0591
476.923 481.873 0.550212
477.946 482.424 0.898352
478.967 483.323 1.09107
479.99 484.553 0.816903
481.011 485.371 1.12522
482.035 486.497 0.813537
483.061 487.316 0.687755
484.082 488.004 0.745872
485.105 488.751 0.867093
486.131 494.705 0.6022
494.705 498.458 1.12568
498.458 499.585 1.31543
499.478 502.981 0.80038
502.98 510.055 1.58492
510.055 513.563 1.12953
513.563 515.352 0.751096
515.352 516.104 1.12017
516.374 520.997 0.752458
520.997 521.75 0.645524
522.018 522.396 0.946112
523.041 523.343 1.38472
524.062 524.729 0.798085
525.108 525.528 1.37633
526.131 526.905 1.24989
527.155 528.156 1.0655
528.181 529.223 0.763055
529.206 529.987 1.51875
530.232 531.506 0.521797
531.256 532.029 0.782381
532.279 532.812 1.50113
533.301 534.314 1.32719
534.335 535.642 1.21033
535.356 536.853 0.70795
536.378 537.562 0.874826
537.399 538.437 1.23856
538.424 539.744 0.930264
539.445 540.675 1.28845
540.471 541.964 1.10944
541.492 543.074 0.936717
542.513 544.012 0.721813
543.535 544.734 0.534465
544.556 545.27 0.964799
545.576 546.235 1.97624
546.596 548.213 0.933419
547.616 549.147 0.91655
548.638 550.064 0.795228
