132.044 135.462 0.038169
132.044 135.561 0.033279
132.044 135.662 0.029564
132.044 135.763 0.02843
132.044 135.864 0.029486
132.044 135.965 0.029166
132.044 136.066 0.026553
133.071 136.167 0.027814
133.071 136.268 0.02833
133.071 136.369 0.027598
133.071 136.471 0.025823
133.071 136.572 0.028414
133.071 136.675 0.027297
133.071 136.777 0.024364
133.071 136.879 0.024007
133.071 136.98 0.025071
133.071 137.081 0.026304
134.093 137.182 0.025357
134.093 137.289 0.024192
134.093 137.392 0.024961
134.093 137.493 0.026186
134.093 137.594 0.02591
134.093 137.695 0.025147
134.093 137.796 0.027514
134.093 137.897 0.026022
134.093 137.998 0.026364
134.093 138.099 0.024217
135.115 138.2 0.025265
135.115 138.305 0.025228
135.115 138.406 0.024919
135.115 138.508 0.023339
135.115 138.617 0.023976
135.115 138.718 0.024966
135.115 138.82 0.025343
135.115 138.921 0.023412
135.115 139.024 0.023378
135.115 139.125 0.024843
136.138 139.226 0.024186
136.138 139.329 0.022722
136.138 139.43 0.022781
136.138 139.531 0.024241
136.138 139.633 0.02454
136.138 139.734 0.022908
136.138 139.835 0.024751
137.165 139.936 0.025
137.165 140.037 0.025492
137.165 140.137 0.022497
137.165 140.238 0.024495
137.165 140.339 0.030545
137.165 140.441 0.023429
137.165 140.542 0.022806
137.165 140.643 0.025728
137.165 140.744 0.024916
137.165 140.845 0.022622
138.193 140.946 0.023078
138.193 141.047 0.024783
138.193 141.148 0.024385
138.193 141.249 0.023214
138.193 141.353 0.032491
138.193 141.452 0.023959
138.193 141.553 0.023335
138.193 141.656 0.023226
138.193 141.757 0.024175
138.193 141.859 0.024876
138.193 141.96 0.023192
138.193 142.062 0.023207
139.214 142.175 0.023605
139.214 142.276 0.024681
139.214 142.377 0.033462
139.214 142.479 0.026159
139.214 142.58 0.023741
139.214 142.681 0.026029
139.214 142.784 0.025452
139.214 142.885 0.023383
139.214 142.988 0.024949
139.214 143.087 0.025458
139.214 143.189 0.025004
139.214 143.289 0.022522
140.236 143.39 0.026288
140.236 143.491 0.024426
140.236 143.595 0.025161
140.236 143.697 0.023308
140.236 143.803 0.024983
140.236 143.904 0.025093
140.236 144.005 0.025183
140.236 144.106 0.023528
140.236 144.207 0.025049
140.236 144.309 0.024697
140.236 144.41 0.023034
140.236 144.512 0.023536
140.236 144.614 0.024555
140.236 144.715 0.023672
140.236 144.816 0.022588
140.236 144.917 0.024137
140.236 145.018 0.02462
141.257 145.237 0.024422
141.257 145.338 0.022983
141.257 145.439 0.024851
141.257 145.545 0.025367
142.283 145.656 0.025172
142.283 145.757 0.023433
142.283 145.858 0.023114
142.283 145.959 0.023819
142.283 146.06 0.024196
142.283 146.161 0.023482
142.283 146.289 0.02361
142.283 146.39 0.022428
143.315 146.491 0.028944
143.315 146.593 0.021715
143.315 146.697 0.023586
143.315 146.798 0.024471
143.315 146.899 0.022062
143.315 147.001 0.022161
143.315 147.102 0.024808
143.315 147.203 0.025666
143.315 147.304 0.023753
143.315 147.405 0.023529
143.315 147.506 0.024428
143.315 147.608 0.024784
143.315 147.709 0.023065
143.315 147.81 0.024357
144.365 147.911 0.023408
144.365 148.045 0.022163
144.365 148.147 0.023607
144.365 148.248 0.025046
144.365 148.349 0.021968
144.365 148.45 0.023144
144.365 148.551 0.023484
144.365 148.654 0.022324
144.365 148.755 0.022834
144.365 148.856 0.024462
144.365 148.957 0.024258
146.546 149.058 0.021642
146.546 149.159 0.024438
146.546 149.26 0.024452
146.546 149.362 0.022612
146.546 149.463 0.021826
146.546 149.564 0.024183
146.546 149.665 0.023347
146.546 149.766 0.022444
146.546 149.877 0.021949
146.546 149.98 0.022108
146.546 150.079 0.023979
146.546 150.18 0.022008
146.546 150.281 0.022766
147.568 150.382 0.025226
147.568 150.483 0.023886
147.568 150.584 0.022989
147.568 150.685 0.023566
147.568 150.787 0.024178
147.568 150.888 0.022273
147.568 150.99 0.022686
147.568 151.091 0.023712
147.568 151.192 0.023369
147.568 151.293 0.023321
148.59 151.394 0.02215
148.59 151.496 0.023816
148.59 151.597 0.023696
148.59 151.698 0.021869
148.59 151.799 0.024462
148.59 151.905 0.022794
148.59 152.009 0.024493
148.59 152.11 0.023531
148.59 152.211 0.02531
148.59 152.312 0.025145
148.59 152.413 0.023655
148.59 152.517 0.023674
148.59 152.63 0.023483
148.59 152.731 0.02477
148.59 152.833 0.02429
149.622 152.934 0.023024
149.622 153.035 0.024186
149.622 153.137 0.023795
149.622 153.239 0.022886
149.622 153.34 0.023792
149.622 153.441 0.023813
149.622 153.542 0.021916
149.622 153.644 0.023439
149.622 153.745 0.024598
150.644 153.846 0.023095
150.644 153.948 0.022155
150.644 154.053 0.02437
150.644 154.165 0.02371
150.644 154.266 0.0233
150.644 154.37 0.021934
150.644 154.472 0.021948
151.668 154.573 0.023117
151.668 154.675 0.024178
151.668 154.776 0.022591
151.668 154.877 0.024152
151.668 154.978 0.024203
151.668 155.08 0.022262
151.668 155.182 0.022559
151.668 155.283 0.024165
151.668 155.385 0.023169
151.668 155.485 0.022492
151.668 155.586 0.023388
151.668 155.687 0.02279
151.668 155.789 0.022478
151.668 155.89 0.024432
151.668 155.991 0.02359
151.668 156.092 0.022562
151.668 156.193 0.022379
151.668 156.294 0.023858
151.668 156.395 0.023346
151.668 156.497 0.021508
151.668 156.598 0.021955
151.668 156.699 0.023366
151.668 156.8 0.022272
151.668 156.901 0.022827
151.668 157.002 0.023519
151.668 157.104 0.024202
151.668 157.205 0.021315
151.668 157.306 0.02375
151.668 157.407 0.023774
151.668 157.509 0.021377
151.668 157.61 0.023949
151.668 157.711 0.02372
151.668 157.813 0.022161
151.668 157.914 0.022469
151.668 158.015 0.02469
151.668 158.116 0.023143
151.668 158.217 0.022651
151.668 158.319 0.025052
151.668 158.42 0.024034
151.668 158.521 0.022238
151.668 158.624 0.022703
151.668 158.725 0.02356
151.668 158.827 0.024296
151.668 158.928 0.022838
151.668 159.029 0.023453
151.668 159.137 0.024588
151.668 159.239 0.024388
151.668 159.344 0.022875
151.668 159.446 0.024836
151.668 159.547 0.025275
151.668 159.657 0.024741
151.668 159.758 0.022593
151.668 159.859 0.024198
151.668 159.96 0.025311
151.668 160.062 0.02372
151.668 160.164 0.023147
151.668 160.292 0.024776
152.691 160.393 0.022173
152.691 160.494 0.024517
152.691 160.595 0.024553
152.691 160.696 0.022897
152.691 160.798 0.02394
152.691 160.899 0.024476
152.691 161 0.024088
152.691 161.101 0.022972
152.691 161.202 0.023943
152.691 161.303 0.02398
152.691 161.404 0.021457
152.691 161.506 0.020809
152.691 161.607 0.023192
152.691 161.708 0.022409
152.691 161.809 0.022077
152.691 161.91 0.023587
152.691 162.011 0.024171
152.691 162.112 0.023931
152.691 162.213 0.021794
152.691 162.314 0.023627
152.691 162.416 0.02313
152.691 162.517 0.021677
152.691 162.619 0.021815
152.691 162.72 0.023027
152.691 162.821 0.022982
152.691 162.922 0.022248
152.691 163.024 0.023988
152.691 163.125 0.024149
152.691 163.226 0.024523
152.691 163.327 0.022908
152.691 163.428 0.02402
152.691 163.529 0.024686
152.691 163.631 0.022124
152.691 163.732 0.023346
152.691 163.833 0.024644
152.691 163.935 0.022
152.691 164.036 0.022525
152.691 164.137 0.023877
152.691 164.238 0.023917
152.691 164.462 0.025278
152.691 164.564 0.023088
152.691 164.666 0.02254
152.691 164.767 0.024423
152.691 164.869 0.023975
152.691 164.97 0.021473
152.691 165.071 0.02458
152.691 165.172 0.024835
152.691 165.273 0.022624
152.691 165.374 0.024057
152.691 165.476 0.02472
152.691 165.577 0.031071
152.691 165.679 0.021789
152.691 165.781 0.021748
152.691 165.883 0.025022
152.691 165.984 0.024295
152.691 166.088 0.024342
159.461 166.191 0.023343
159.461 166.29 0.025619
159.461 166.391 0.025636
159.461 166.492 0.023549
159.461 166.593 0.024819
159.461 166.694 0.025416
159.461 166.796 0.023391
159.461 166.897 0.023403
159.461 166.998 0.025087
159.461 167.1 0.025379
159.461 167.201 0.022957
159.461 167.303 0.02388
159.461 167.404 0.024165
159.461 167.505 0.023761
159.461 167.606 0.023113
159.461 167.707 0.024788
159.461 167.808 0.025013
159.461 167.909 0.025072
159.461 168.01 0.023631
159.461 168.111 0.025542
159.461 168.212 0.025132
159.461 168.313 0.023296
159.461 168.415 0.023224
159.461 168.516 0.024669
159.461 168.617 0.025186
159.461 168.719 0.023241
159.461 168.821 0.023281
159.461 168.929 0.024639
159.461 169.03 0.024499
159.461 169.132 0.025225
159.461 169.233 0.023182
159.461 169.334 0.024777
159.461 169.435 0.024102
159.461 169.536 0.024689
159.461 169.638 0.023046
159.461 169.739 0.02461
159.461 169.84 0.025116
159.461 169.941 0.023672
159.461 170.044 0.02369
159.461 170.145 0.02465
159.461 170.246 0.025438
159.461 170.347 0.023745
159.461 170.448 0.023344
159.461 170.549 0.025513
159.461 170.65 0.025216
159.461 170.752 0.022979
159.461 170.854 0.023487
159.461 170.955 0.026115
159.461 171.057 0.023737
159.461 171.158 0.021997
159.461 171.259 0.024625
159.461 171.36 0.024669
159.461 171.461 0.024556
159.461 171.562 0.022384
159.461 171.664 0.024882
159.461 171.765 0.023898
159.461 171.866 0.022266
159.461 171.967 0.022163
159.461 172.068 0.025482
159.461 172.169 0.024462
159.461 172.27 0.022409
159.461 172.372 0.022265
159.461 172.473 0.024375
159.461 172.574 0.024791
159.461 172.675 0.022745
159.461 172.777 0.023024
159.461 172.878 0.024573
159.461 172.98 0.02414
159.461 173.081 0.024862
159.461 173.182 0.024107
159.461 173.283 0.023876
159.461 173.384 0.024369
159.461 173.485 0.023408
159.461 173.586 0.024228
159.461 173.687 0.024573
159.461 173.788 0.024646
159.461 173.889 0.022738
159.461 173.99 0.025001
159.461 174.091 0.025074
159.461 174.192 0.023241
159.461 174.293 0.02499
159.461 174.394 0.024667
159.461 174.495 0.023337
159.461 174.597 0.02307
159.461 174.698 0.024411
159.461 174.812 0.024677
159.461 174.913 0.024702
159.461 175.014 0.024079
159.461 175.115 0.023467
159.461 175.216 0.025717
159.461 175.317 0.024622
159.461 175.418 0.025115
165.462 175.519 0.023865
165.462 175.62 0.024976
165.462 175.722 0.024952
165.462 175.823 0.024162
165.462 175.924 0.023461
165.462 176.025 0.024705
165.462 176.126 0.024798
165.462 176.227 0.023182
165.462 176.329 0.023161
165.462 176.43 0.025292
165.462 176.531 0.024978
165.462 176.632 0.023184
165.462 176.734 0.023662
165.462 176.835 0.024485
165.462 176.936 0.024362
165.462 177.037 0.023619
165.462 177.139 0.023607
165.462 177.24 0.024733
165.462 177.342 0.025507
165.462 177.443 0.023033
165.462 177.546 0.02303
165.462 177.647 0.024788
165.462 177.748 0.024272
165.462 177.849 0.022957
165.462 177.95 0.023079
165.462 178.052 0.024691
165.462 178.153 0.02489
165.462 178.254 0.022754
165.462 178.357 0.023305
165.462 178.458 0.025378
165.462 178.559 0.024884
165.462 178.66 0.023218
165.462 178.763 0.023183
165.462 178.864 0.024758
165.462 178.965 0.024919
165.462 179.066 0.023148
165.462 179.169 0.023543
165.462 179.27 0.025432
165.462 179.371 0.024991
165.462 179.472 0.022765
165.462 179.575 0.023073
165.462 179.677 0.024842
165.462 179.778 0.024713
165.462 179.879 0.023093
165.462 179.98 0.022794
165.462 180.082 0.024792
165.462 180.183 0.025402
165.462 180.284 0.023176
165.462 180.387 0.023396
165.462 180.488 0.025512
165.462 180.589 0.024582
165.462 180.69 0.02321
165.462 180.791 0.024491
165.462 180.892 0.025037
165.462 180.993 0.025066
165.462 181.094 0.023578
165.462 181.195 0.024935
165.462 181.296 0.026893
165.462 181.397 0.022859
165.462 181.499 0.023872
165.462 181.6 0.02463
165.462 181.701 0.024865
165.462 181.802 0.02259
165.462 181.904 0.023197
165.462 182.008 0.024863
165.462 182.11 0.025246
165.462 182.212 0.022591
165.462 182.312 0.0235
165.462 182.413 0.025506
165.462 182.514 0.0249
165.462 182.615 0.022803
165.462 182.719 0.022673
165.462 182.82 0.024695
165.462 182.921 0.024937
165.462 183.022 0.023723
174.105 183.125 0.023655
174.105 183.226 0.025064
174.105 183.327 0.024937
174.105 183.428 0.022922
174.105 183.53 0.022955
174.105 183.631 0.024401
174.105 183.732 0.02496
174.105 183.833 0.023386
174.105 183.934 0.023738
174.105 184.035 0.02444
174.105 184.136 0.024249
174.105 184.237 0.023087
174.105 184.339 0.023872
174.105 184.44 0.025108
174.105 184.541 0.025435
174.105 184.642 0.023053
174.105 184.744 0.023192
174.105 184.846 0.025238
174.105 184.947 0.024638
174.105 185.048 0.022648
174.105 185.149 0.023076
174.105 185.25 0.024023
174.105 185.352 0.024283
174.105 185.453 0.024396
174.105 185.554 0.023362
174.105 185.655 0.024557
174.105 185.756 0.024492
174.105 185.857 0.024171
174.105 185.958 0.023027
174.105 186.06 0.024435
174.105 186.161 0.0244
174.105 186.262 0.024467
174.105 186.363 0.023552
174.105 186.464 0.025382
174.105 186.565 0.025248
174.105 186.666 0.024756
174.105 186.767 0.02295
174.105 186.868 0.024461
174.105 186.969 0.024694
174.105 187.07 0.024064
174.105 187.171 0.023008
174.105 187.272 0.024085
174.105 187.373 0.025093
174.105 187.474 0.024836
174.105 187.575 0.022845
174.105 187.677 0.02534
174.105 187.777 0.02494
174.105 187.879 0.025262
174.105 187.98 0.023363
174.105 188.082 0.023272
174.105 188.182 0.024729
174.105 188.283 0.027859
174.105 188.384 0.023357
174.105 188.485 0.02675
174.105 188.586 0.024093
174.105 188.687 0.024719
174.105 188.788 0.025848
174.105 188.889 0.024929
174.105 188.99 0.025114
174.105 189.09 0.026055
174.105 189.191 0.023819
174.105 189.292 0.024701
174.105 189.393 0.024925
174.105 189.494 0.023016
174.105 189.596 0.023394
174.105 189.696 0.024603
174.105 189.797 0.025129
174.105 189.898 0.022852
174.105 189.999 0.024848
174.105 190.1 0.02573
174.105 190.201 0.025364
174.105 190.302 0.023907
174.105 190.408 0.024082
174.105 190.518 0.023005
174.105 190.619 0.025109
174.105 190.72 0.024398
181.971 190.821 0.0236
181.971 190.922 0.025662
181.971 191.023 0.030938
181.971 191.124 0.022664
181.971 191.225 0.022824
181.971 191.328 0.024388
181.971 191.451 0.023228
181.971 191.551 0.025106
189.91 191.652 0.02496
189.91 191.753 0.030696
189.91 191.858 0.023503
189.91 191.96 0.024526
189.91 192.061 0.0324
189.91 192.173 0.031856
189.91 192.275 0.023554
189.91 192.376 0.025878
190.932 192.478 0.025823
190.932 192.579 0.02376
190.932 192.68 0.025582
190.932 192.781 0.025144
190.932 192.882 0.025172
190.932 192.983 0.022828
190.932 193.084 0.030327
190.932 193.185 0.024788
190.932 193.286 0.02311
190.932 193.388 0.026012
190.932 193.51 0.024097
190.932 193.612 0.025592
191.952 193.713 0.024955
191.952 193.815 0.023672
191.952 193.916 0.025695
191.952 194.017 0.024777
191.952 194.121 0.023682
191.952 194.222 0.031074
191.952 194.323 0.02579
191.952 194.424 0.023737
191.952 194.525 0.025341
192.991 194.626 0.025032
192.991 194.728 0.025201
192.991 194.829 0.02318
192.991 194.93 0.025519
192.991 195.031 0.025682
192.991 195.138 0.024302
192.991 195.239 0.024908
192.991 195.355 0.023042
192.991 195.456 0.024988
194.012 195.557 0.024657
194.012 195.658 0.02378
194.012 195.764 0.025393
194.012 195.865 0.025687
194.012 195.966 0.025403
194.012 196.068 0.024223
194.012 196.169 0.026041
194.012 196.278 0.025705
194.012 196.385 0.02549
194.012 196.486 0.022955
194.012 196.587 0.024412
195.033 196.688 0.024449
195.033 196.789 0.024227
195.033 196.89 0.02626
195.033 196.992 0.025835
195.033 197.093 0.024216
195.033 197.194 0.025278
195.033 197.312 0.02383
195.033 197.438 0.02467
196.055 197.539 0.023279
196.055 197.64 0.024564
196.055 197.741 0.025473
196.055 197.842 0.023424
196.055 197.943 0.025827
196.055 198.044 0.024895
196.055 198.145 0.023239
196.055 198.246 0.025164
196.055 198.347 0.025207
196.055 198.448 0.024119
196.055 198.549 0.025289
197.076 198.65 0.025186
197.076 198.756 0.023153
197.076 198.858 0.026027
197.076 198.959 0.02594
197.076 199.06 0.025745
197.076 199.162 0.023214
197.076 199.263 0.025368
197.076 199.381 0.025451
197.076 199.482 0.025268
197.076 199.583 0.024249
197.076 199.684 0.025684
197.076 199.785 0.025856
198.097 199.886 0.023753
198.097 199.988 0.025851
198.097 200.089 0.025555
198.097 200.19 0.023831
198.097 200.291 0.024721
198.097 200.392 0.024669
198.097 200.493 0.023195
198.097 200.594 0.024211
198.097 200.695 0.025429
199.119 200.796 0.023502
199.119 200.897 0.024528
199.119 200.999 0.024933
199.119 201.104 0.024753
199.119 201.206 0.024252
199.119 201.306 0.026248
199.119 201.408 0.026396
199.119 201.509 0.023713
200.144 201.61 0.024698
200.144 201.711 0.025136
200.144 201.812 0.028636
200.144 201.913 0.024646
200.144 202.014 0.025279
200.144 202.116 0.023504
200.144 202.217 0.025215
200.144 202.318 0.024515
200.144 202.423 0.02551
200.144 202.521 0.025402
200.144 202.64 0.022699
201.177 202.741 0.025025
201.177 202.842 0.024838
201.177 202.943 0.023402
201.177 203.045 0.02544
201.177 203.166 0.024123
201.177 203.267 0.02515
201.177 203.369 0.024827
201.177 203.47 0.022745
202.198 203.571 0.025288
202.198 203.672 0.024875
202.198 203.773 0.02303
202.198 203.874 0.02493
202.198 203.975 0.025261
202.198 204.076 0.023445
202.198 204.177 0.025146
202.198 204.278 0.025265
202.198 204.38 0.02364
202.198 204.482 0.022925
202.198 204.584 0.025086
203.218 204.685 0.025011
203.218 204.809 0.024467
203.218 204.91 0.024714
203.218 205.011 0.025499
203.218 205.112 0.02609
203.218 205.213 0.025596
203.218 205.315 0.023486
203.218 205.416 0.025734
204.25 205.517 0.025575
204.25 205.618 0.023602
204.25 205.719 0.02606
204.25 205.821 0.024516
204.25 205.922 0.022889
204.25 206.023 0.024356
204.25 206.124 0.024477
204.25 206.225 0.023871
204.25 206.326 0.024611
204.25 206.427 0.025124
204.25 206.529 0.023632
204.25 206.631 0.023821
204.25 206.732 0.025078
204.25 206.833 0.024512
204.25 206.935 0.023799
204.25 207.036 0.025867
204.25 207.137 0.026329
204.25 207.238 0.023608
204.25 207.339 0.024955
204.25 207.44 0.024706
204.25 207.541 0.024092
204.25 207.642 0.025371
204.25 207.743 0.02551
204.25 207.844 0.023933
204.25 207.945 0.02506
204.25 208.046 0.024627
204.25 208.147 0.023373
204.25 208.248 0.024979
204.25 208.349 0.024423
204.25 208.45 0.022866
204.25 208.552 0.02357
204.25 208.653 0.0252
204.25 208.754 0.025095
204.25 208.855 0.024141
204.25 208.956 0.025494
204.25 209.057 0.025202
204.25 209.158 0.022821
204.25 209.265 0.02264
204.25 209.366 0.02534
204.25 209.467 0.024678
204.25 209.568 0.0226
204.25 209.669 0.024071
204.25 209.77 0.024564
204.25 209.871 0.023726
204.25 209.972 0.024978
204.25 210.073 0.024805
204.25 210.177 0.023903
204.25 210.29 0.023919
204.25 210.401 0.023815
204.25 210.502 0.026037
204.25 210.603 0.025133
204.25 210.704 0.023371
204.25 210.81 0.024005
204.25 210.911 0.025056
204.25 211.012 0.025043
204.25 211.116 0.023745
204.25 211.241 0.033383
204.25 211.342 0.023304
204.25 211.444 0.025159
204.25 211.55 0.025154
204.25 211.654 0.026237
204.25 211.758 0.025174
205.279 211.863 0.024059
205.279 211.976 0.024092
205.279 212.079 0.024774
205.279 212.181 0.025732
205.279 212.283 0.031613
205.279 212.384 0.024989
205.279 212.485 0.024696
205.279 212.586 0.023475
205.279 212.69 0.023569
210.145 212.815 0.025211
210.145 212.929 0.024563
210.145 213.031 0.023622
210.145 213.134 0.025878
210.145 213.236 0.024838
210.145 213.337 0.031149
210.145 213.439 0.023753
211.166 213.54 0.025355
211.166 213.651 0.025115
211.166 213.766 0.025843
211.166 213.867 0.025793
211.166 213.968 0.023665
211.166 214.069 0.025347
211.166 214.181 0.025308
211.166 214.282 0.025346
211.166 214.383 0.02338
211.166 214.484 0.025015
211.166 214.593 0.025134
211.166 214.716 0.024344
212.187 214.817 0.024827
212.187 214.918 0.024144
212.187 215.019 0.023757
212.187 215.132 0.023402
212.187 215.242 0.02331
212.187 215.344 0.027765
212.187 215.445 0.025708
212.187 215.546 0.023634
212.187 215.65 0.026243
213.209 215.757 0.025947
213.209 215.858 0.025134
213.209 215.961 0.023585
213.209 216.068 0.023713
213.209 216.17 0.025347
213.209 216.273 0.025227
213.209 216.375 0.0247
213.209 216.483 0.023833
213.209 216.584 0.025323
214.231 216.685 0.024859
214.231 216.798 0.025452
214.231 216.899 0.024123
214.231 217.011 0.024096
214.231 217.112 0.024865
214.231 217.213 0.025575
214.231 217.315 0.02417
214.231 217.416 0.030913
214.231 217.517 0.025173
215.281 217.623 0.025657
215.281 217.728 0.02368
215.281 217.829 0.025502
215.281 217.942 0.025166
215.281 218.043 0.025762
215.281 218.147 0.02417
215.281 218.252 0.024003
215.281 218.353 0.025302
215.281 218.454 0.024802
215.281 218.555 0.024033
216.302 218.657 0.025249
216.302 218.758 0.025629
216.302 218.862 0.024434
216.302 218.968 0.024545
216.302 219.069 0.025944
216.302 219.17 0.025614
216.302 219.271 0.024702
216.302 219.372 0.026432
216.302 219.476 0.025451
216.302 219.577 0.024415
216.302 219.678 0.025986
216.302 219.779 0.026106
216.302 219.881 0.02552
217.324 219.982 0.023429
217.324 220.083 0.025357
217.324 220.184 0.025527
217.324 220.285 0.024162
217.324 220.386 0.024903
217.324 220.51 0.024118
217.324 220.597 0.024957
217.324 220.698 0.023775
218.344 220.799 0.024508
218.344 220.9 0.025768
218.344 221.001 0.023359
218.344 221.109 0.023764
218.344 221.21 0.025657
218.344 221.312 0.026062
218.344 221.413 0.023565
218.344 221.514 0.030008
218.344 221.618 0.025464
218.344 221.716 0.02387
218.344 221.817 0.025242
218.344 221.918 0.025666
219.367 222.019 0.023741
219.367 222.122 0.024179
219.367 222.223 0.026626
219.367 222.324 0.025367
219.367 222.447 0.024584
219.367 222.552 0.024857
219.367 222.653 0.023176
219.367 222.754 0.025127
219.367 222.855 0.025845
219.367 222.956 0.023889
220.401 223.066 0.024457
220.401 223.167 0.025518
220.401 223.268 0.025018
220.401 223.369 0.02369
220.401 223.47 0.025558
220.401 223.574 0.025161
220.401 223.675 0.023305
220.401 223.776 0.025477
220.401 223.877 0.025673
221.423 223.978 0.023234
221.423 224.081 0.023531
221.423 224.195 0.023565
221.423 224.297 0.025434
221.423 224.401 0.024978
221.423 224.503 0.024268
221.423 224.606 0.031542
221.423 224.711 0.025622
221.423 224.812 0.026031
222.444 224.913 0.023742
222.444 225.014 0.024907
222.444 225.115 0.02531
222.444 225.216 0.024448
222.444 225.317 0.024997
222.444 225.418 0.02649
222.444 225.519 0.024835
222.444 225.621 0.023426
222.444 225.722 0.024988
222.444 225.823 0.025305
222.444 225.924 0.026013
223.466 226.027 0.024109
223.466 226.128 0.025124
223.466 226.229 0.025275
223.466 226.33 0.024277
223.466 226.431 0.025454
223.466 226.532 0.025141
223.466 226.64 0.024672
223.466 226.742 0.023007
223.466 226.843 0.025221
223.466 226.944 0.02557
224.488 227.045 0.023767
224.488 227.146 0.025191
224.488 227.249 0.025149
224.488 227.35 0.023155
224.488 227.453 0.023645
225.509 227.554 0.025521
225.509 227.662 0.025438
225.509 227.763 0.023725
225.509 227.864 0.025473
225.509 227.965 0.024927
225.509 228.067 0.023602
225.509 228.169 0.023246
225.509 228.27 0.025183
225.509 228.371 0.025255
226.531 228.472 0.024215
226.531 228.573 0.025275
226.531 228.679 0.02461
226.531 228.781 0.024794
226.531 228.882 0.023443
226.531 228.983 0.025006
226.531 229.085 0.025526
226.531 229.186 0.023603
226.531 229.287 0.025986
227.553 229.388 0.025487
227.553 229.489 0.024212
227.553 229.59 0.024913
227.553 229.71 0.023853
227.553 229.806 0.025183
227.553 229.907 0.023599
228.575 230.008 0.025102
228.575 230.109 0.024757
228.575 230.21 0.023464
228.575 230.312 0.023721
228.575 230.413 0.025415
228.575 230.513 0.025822
228.575 230.614 0.023608
228.575 230.728 0.023019
228.575 230.83 0.024817
228.575 230.931 0.025541
228.575 231.032 0.023618
228.575 231.133 0.025269
229.596 231.233 0.02552
229.596 231.345 0.025171
229.596 231.46 0.025321
229.596 231.561 0.023581
229.596 231.662 0.025799
229.596 231.767 0.030978
229.596 231.879 0.025
229.596 231.98 0.023731
229.596 232.082 0.025216
229.596 232.198 0.023554
230.618 232.298 0.025294
230.618 232.402 0.024553
230.618 232.503 0.023714
230.618 232.604 0.025261
230.618 232.705 0.02606
230.618 232.807 0.023714
230.618 232.909 0.02565
230.618 233.011 0.025476
230.618 233.112 0.025271
231.639 233.213 0.023584
231.639 233.32 0.025464
231.639 233.421 0.025076
231.639 233.522 0.023311
231.639 233.625 0.023682
231.639 233.727 0.024825
231.639 233.829 0.031314
231.639 233.93 0.023559
232.66 234.031 0.025457
232.66 234.132 0.026018
232.66 234.234 0.023933
232.66 234.334 0.02554
232.66 234.435 0.025558
233.695 234.537 0.022997
233.695 234.637 0.025103
233.695 234.738 0.024788
233.695 234.839 0.030641
233.695 234.943 0.024083
233.695 235.044 0.02614
233.695 235.146 0.025363
233.695 235.247 0.023708
233.695 235.348 0.025254
233.695 235.448 0.025701
233.695 235.55 0.023915
233.695 235.651 0.025251
233.695 235.762 0.024517
233.695 235.865 0.032811
234.715 235.99 0.025382
234.715 236.079 0.02375
234.715 236.181 0.025511
234.715 236.282 0.024809
234.715 236.383 0.02434
234.715 236.484 0.025121
234.715 236.585 0.025374
234.715 236.686 0.023736
234.715 236.789 0.024551
234.715 236.89 0.032011
235.739 236.992 0.025348
235.739 237.094 0.023475
235.739 237.195 0.0254
235.739 237.318 0.024205
235.739 237.419 0.026212
235.739 237.521 0.025319
235.739 237.622 0.02362
235.739 237.723 0.025818
236.761 237.824 0.027284
236.761 237.925 0.023602
236.761 238.026 0.024929
236.761 238.127 0.024881
236.761 238.228 0.023947
236.761 238.331 0.024011
236.761 238.432 0.025871
236.761 238.533 0.025662
236.761 238.634 0.02387
236.761 238.735 0.026134
236.761 238.836 0.025168
236.761 238.937 0.031001
236.761 239.038 0.025296
237.783 239.139 0.025208
237.783 239.24 0.023808
237.783 239.342 0.025511
237.783 239.442 0.025448
237.783 239.544 0.024523
237.783 239.65 0.023746
237.783 239.751 0.025885
237.783 239.852 0.025168
237.783 239.953 0.023668
238.804 240.054 0.02565
238.804 240.155 0.026239
238.804 240.256 0.024117
238.804 240.357 0.024611
238.804 240.458 0.025716
238.804 240.559 0.023527
238.804 240.661 0.023566
238.804 240.762 0.025343
238.804 240.863 0.024617
238.804 240.964 0.022838
238.804 241.065 0.025011
238.804 241.167 0.024901
238.804 241.268 0.023043
238.804 241.369 0.024963
238.804 241.47 0.025085
238.804 241.571 0.023141
238.804 241.673 0.023589
238.804 241.774 0.025053
238.804 241.877 0.024908
238.804 241.978 0.022885
238.804 242.079 0.024668
238.804 242.18 0.024607
238.804 242.281 0.022637
238.804 242.382 0.024807
238.804 242.483 0.024557
238.804 242.583 0.022943
238.804 242.686 0.023373
238.804 242.786 0.025012
238.804 242.887 0.025329
238.804 242.988 0.022695
238.804 243.089 0.024073
238.804 243.19 0.025019
238.804 243.291 0.022708
238.804 243.392 0.025185
238.804 243.493 0.024306
238.804 243.594 0.023014
238.804 243.696 0.022778
238.804 243.797 0.024832
238.804 243.898 0.024936
238.804 243.999 0.023746
238.804 244.1 0.025232
238.804 244.202 0.025074
238.804 244.303 0.023235
238.804 244.404 0.02454
238.804 244.505 0.025405
238.804 244.606 0.023318
238.804 244.707 0.026765
238.804 244.808 0.025493
238.804 244.909 0.022823
238.804 245.01 0.023985
238.804 245.111 0.024675
238.804 245.212 0.022767
238.804 245.314 0.023159
238.804 245.415 0.024493
238.804 245.516 0.025471
238.804 245.617 0.023231
238.804 245.718 0.024647
238.804 245.819 0.025394
238.804 245.92 0.023115
238.804 246.021 0.024708
238.804 246.123 0.02508
238.804 246.224 0.024862
238.804 246.325 0.02371
238.804 246.426 0.02733
238.804 246.527 0.024441
238.804 246.628 0.02283
238.804 246.73 0.025879
238.804 246.831 0.024989
238.804 246.937 0.022866
238.804 247.038 0.024343
238.804 247.141 0.024419
238.804 247.244 0.025405
238.804 247.345 0.022493
238.804 247.453 0.022681
238.804 247.554 0.024542
238.804 247.655 0.024959
238.804 247.757 0.023265
238.804 247.859 0.024923
239.827 247.96 0.025121
239.827 248.061 0.023118
239.827 248.162 0.024091
239.827 248.263 0.024299
239.827 248.375 0.024993
239.827 248.476 0.025148
239.827 248.577 0.023468
239.827 248.678 0.025109
239.827 248.779 0.024873
239.827 248.88 0.02365
239.827 248.982 0.025286
239.827 249.083 0.025231
239.827 249.183 0.022285
239.827 249.284 0.025331
239.827 249.385 0.025166
239.827 249.486 0.023688
239.827 249.588 0.023325
239.827 249.689 0.024964
239.827 249.79 0.024344
239.827 249.891 0.023092
239.827 249.992 0.025237
239.827 250.093 0.025512
239.827 250.194 0.023098
239.827 250.295 0.025048
239.827 250.396 0.025268
239.827 250.497 0.024611
239.827 250.598 0.022183
239.827 250.699 0.024577
239.827 250.8 0.025468
239.827 250.901 0.023344
239.827 251.002 0.024342
239.827 251.103 0.024109
239.827 251.204 0.023454
239.827 251.307 0.023741
239.827 251.408 0.025589
239.827 251.509 0.024415
239.827 251.61 0.022902
239.827 251.71 0.023996
239.827 251.811 0.024035
239.827 251.912 0.023619
239.827 252.013 0.024484
239.827 252.114 0.024127
239.827 252.215 0.023618
239.827 252.316 0.024778
239.827 252.417 0.02449
239.827 252.518 0.022672
239.827 252.62 0.022702
239.827 252.721 0.024349
239.827 252.822 0.024165
239.827 252.923 0.022915
239.827 253.027 0.024754
239.827 253.128 0.024685
239.827 253.229 0.022665
239.827 253.33 0.023982
239.827 253.431 0.02502
239.827 253.533 0.031901
239.827 253.634 0.023016
239.827 253.735 0.024743
239.827 253.837 0.02485
239.827 253.938 0.023198
239.827 254.039 0.024234
239.827 254.14 0.02458
239.827 254.241 0.022771
239.827 254.346 0.023206
239.827 254.447 0.023897
246.599 254.548 0.024181
246.599 254.649 0.02352
246.599 254.753 0.024371
246.599 254.854 0.024652
246.599 254.955 0.02292
246.599 255.057 0.022296
246.599 255.158 0.024103
246.599 255.284 0.022265
246.599 255.408 0.023751
246.599 255.531 0.024592
246.599 255.632 0.024687
246.599 255.733 0.02346
246.599 255.834 0.025219
246.599 255.935 0.024983
246.599 256.036 0.023617
246.599 256.137 0.024352
246.599 256.238 0.024381
246.599 256.345 0.02454
246.599 256.446 0.023908
246.599 256.547 0.024478
246.599 256.648 0.024751
246.599 256.749 0.02324
246.599 256.851 0.024747
246.599 256.951 0.024695
246.599 257.052 0.023015
246.599 257.155 0.023358
246.599 257.256 0.025416
246.599 257.357 0.024771
246.599 257.458 0.023193
246.599 257.558 0.024036
246.599 257.659 0.023801
246.599 257.76 0.022544
246.599 257.861 0.024405
246.599 257.962 0.024253
246.599 258.063 0.023007
246.599 258.165 0.022638
246.599 258.266 0.024713
246.599 258.367 0.02447
246.599 258.468 0.02277
246.599 258.57 0.023802
246.599 258.671 0.024022
246.599 258.787 0.024785
246.599 258.889 0.02459
246.599 258.99 0.023345
246.599 259.091 0.025519
246.599 259.192 0.024563
246.599 259.293 0.031875
246.599 259.394 0.024332
246.599 259.495 0.024897
246.599 259.596 0.02336
246.599 259.697 0.024859
246.599 259.798 0.025101
246.599 259.899 0.025404
246.599 260.001 0.023405
246.599 260.102 0.025469
246.599 260.203 0.024688
246.599 260.304 0.022937
246.599 260.405 0.024169
253.387 260.506 0.024612
253.387 260.607 0.023642
253.387 260.709 0.025076
253.387 260.81 0.024797
253.387 260.911 0.023529
253.387 261.013 0.023487
253.387 261.114 0.025036
253.387 261.215 0.025264
253.387 261.316 0.023632
253.387 261.417 0.024314
253.387 261.518 0.024167
253.387 261.621 0.023785
253.387 261.723 0.023541
253.387 261.824 0.025371
253.387 261.925 0.02478
253.387 262.026 0.022958
253.387 262.127 0.025569
253.387 262.228 0.024951
253.387 262.332 0.023439
253.387 262.431 0.024188
253.387 262.531 0.024096
253.387 262.653 0.025134
253.387 262.754 0.02508
253.387 262.855 0.023089
253.387 262.957 0.024906
253.387 263.058 0.025299
253.387 263.159 0.02324
253.387 263.26 0.023214
253.387 263.362 0.025331
253.387 263.463 0.024916
253.387 263.564 0.023139
253.387 263.665 0.024443
253.387 263.769 0.024656
253.387 263.87 0.02334
253.387 263.971 0.023397
253.387 264.073 0.026105
253.387 264.174 0.024339
253.387 264.275 0.023312
253.387 264.376 0.02452
253.387 264.477 0.024634
253.387 264.578 0.021945
253.387 264.679 0.024656
253.387 264.78 0.024555
253.387 264.881 0.022592
253.387 264.982 0.024579
253.387 265.083 0.024337
253.387 265.184 0.022664
253.387 265.286 0.022769
253.387 265.387 0.024507
253.387 265.488 0.024551
253.387 265.589 0.029023
253.387 265.69 0.024623
253.387 265.791 0.024353
253.387 265.892 0.022208
253.387 265.995 0.024255
253.387 266.097 0.024896
253.387 266.198 0.023158
253.387 266.301 0.029895
253.387 266.413 0.02316
253.387 266.514 0.02458
253.387 266.615 0.024301
253.387 266.716 0.030104
253.387 266.817 0.025031
253.387 266.918 0.024517
259.325 267.019 0.023307
259.325 267.12 0.024625
259.325 267.221 0.024414
259.325 267.322 0.022923
259.325 267.423 0.024498
259.325 267.525 0.024751
259.325 267.626 0.024024
259.325 267.727 0.026341
259.325 267.829 0.024062
259.325 267.932 0.022474
265.613 268.034 0.022674
265.613 268.134 0.024725
265.613 268.235 0.0249
265.613 268.337 0.022582
265.613 268.438 0.025256
265.613 268.539 0.02558
265.613 268.64 0.023008
265.613 268.742 0.02617
265.613 268.843 0.024617
265.613 268.945 0.023705
265.613 269.047 0.024395
265.613 269.148 0.024274
266.633 269.264 0.025615
266.633 269.365 0.024772
266.633 269.466 0.022578
266.633 269.567 0.024302
266.633 269.668 0.024714
266.633 269.769 0.023722
267.659 269.87 0.025223
267.659 269.971 0.024693
267.659 270.072 0.023128
267.659 270.173 0.025093
267.659 270.274 0.024397
267.659 270.375 0.023084
267.659 270.476 0.024798
267.659 270.577 0.024578
267.659 270.678 0.02231
267.659 270.779 0.024134
267.659 270.88 0.024105
267.659 270.981 0.022766
267.659 271.083 0.023995
267.659 271.184 0.02458
267.659 271.285 0.024459
267.659 271.386 0.023234
267.659 271.487 0.023948
267.659 271.588 0.02421
267.659 271.713 0.024247
267.659 271.815 0.024378
267.659 271.916 0.022519
267.659 272.017 0.024151
267.659 272.118 0.023584
267.659 272.219 0.022748
267.659 272.32 0.024037
267.659 272.421 0.025007
267.659 272.522 0.023131
267.659 272.623 0.024693
267.659 272.724 0.024868
267.659 272.825 0.022221
267.659 272.927 0.023113
267.659 273.029 0.024638
267.659 273.13 0.024368
267.659 273.231 0.02269
267.659 273.332 0.024847
267.659 273.433 0.024523
267.659 273.534 0.022607
267.659 273.635 0.024311
267.659 273.742 0.024118
267.659 273.843 0.024341
267.659 273.957 0.024194
267.659 274.058 0.02293
267.659 274.163 0.024674
267.659 274.268 0.024537
267.659 274.369 0.02437
267.659 274.473 0.022711
267.659 274.574 0.023508
267.659 274.675 0.024006
267.659 274.776 0.022759
267.659 274.877 0.024249
267.659 274.984 0.023533
267.659 275.085 0.02376
267.659 275.19 0.022686
267.659 275.291 0.024305
267.659 275.392 0.024796
267.659 275.494 0.023443
267.659 275.595 0.024179
267.659 275.696 0.023989
267.659 275.797 0.022511
267.659 275.899 0.022438
267.659 276 0.024154
267.659 276.101 0.023894
267.659 276.202 0.022425
267.659 276.303 0.023645
267.659 276.404 0.024008
267.659 276.505 0.03088
267.659 276.606 0.024106
267.659 276.71 0.024619
267.659 276.811 0.022828
267.659 276.916 0.022702
267.659 277.017 0.024435
267.659 277.142 0.022564
267.659 277.242 0.024182
267.659 277.344 0.024236
267.659 277.445 0.023199
267.659 277.554 0.023676
267.659 277.655 0.025315
267.659 277.757 0.024572
268.682 277.858 0.023008
268.682 277.959 0.02462
268.682 278.06 0.024351
268.682 278.162 0.022611
268.682 278.263 0.024339
268.682 278.374 0.024018
268.682 278.475 0.023695
268.682 278.576 0.022752
268.682 278.677 0.024731
268.682 278.778 0.024903
268.682 278.879 0.022124
268.682 278.98 0.024161
268.682 279.081 0.024465
268.682 279.181 0.02278
268.682 279.284 0.023002
268.682 279.384 0.024752
268.682 279.485 0.024518
268.682 279.586 0.023175
268.682 279.687 0.025134
268.682 279.788 0.024518
268.682 279.89 0.023621
268.682 279.991 0.024741
268.682 280.092 0.024372
268.682 280.193 0.023147
268.682 280.294 0.024837
268.682 280.395 0.024612
268.682 280.496 0.023216
268.682 280.597 0.025155
268.682 280.698 0.024459
268.682 280.799 0.022369
268.682 280.9 0.022283
268.682 281.001 0.024049
268.682 281.102 0.024152
268.682 281.203 0.022924
268.682 281.304 0.024333
268.682 281.405 0.023843
268.682 281.506 0.023354
268.682 281.607 0.024509
268.682 281.708 0.025047
268.682 281.809 0.02277
268.682 281.912 0.022632
268.682 282.013 0.024458
268.682 282.114 0.024275
268.682 282.215 0.022616
268.682 282.316 0.024507
268.682 282.417 0.024519
268.682 282.518 0.023006
268.682 282.619 0.024544
268.682 282.72 0.024422
268.682 282.821 0.022309
268.682 282.922 0.023532
268.682 283.023 0.023878
268.682 283.124 0.022848
268.682 283.226 0.023004
268.682 283.327 0.024751
268.682 283.428 0.024827
268.682 283.529 0.022751
268.682 283.631 0.02393
268.682 283.732 0.024508
268.682 283.833 0.024062
268.682 283.934 0.024432
268.682 284.035 0.024975
268.682 284.136 0.022611
268.682 284.237 0.023773
268.682 284.338 0.025206
268.682 284.439 0.022581
268.682 284.541 0.022521
268.682 284.652 0.022348
276.532 284.754 0.024398
276.532 284.854 0.024118
276.532 284.955 0.023438
276.532 285.057 0.024846
276.532 285.157 0.024125
276.532 285.258 0.02234
276.532 285.359 0.0241
276.532 285.46 0.024357
276.532 285.561 0.022891
276.532 285.664 0.022999
276.532 285.765 0.024852
276.532 285.866 0.024719
276.532 285.967 0.022808
276.532 286.068 0.024276
276.532 286.169 0.024059
276.532 286.27 0.022725
276.532 286.376 0.02267
276.532 286.477 0.023658
276.532 286.578 0.024267
276.532 286.679 0.022698
276.532 286.78 0.023741
276.532 286.881 0.023546
276.532 286.982 0.022168
276.532 287.083 0.024878
276.532 287.184 0.023511
276.532 287.285 0.022936
276.532 287.386 0.024554
276.532 287.487 0.024391
276.532 287.588 0.022323
276.532 287.689 0.024537
276.532 287.79 0.024911
276.532 287.89 0.022338
276.532 287.992 0.022998
276.532 288.093 0.024755
276.532 288.194 0.021976
276.532 288.295 0.022923
276.532 288.396 0.024308
276.532 288.497 0.024689
276.532 288.598 0.022478
276.532 288.699 0.024656
