128.323 1.6335 0.031209 1.45504 0.16694
129.989 0.245955 0.029779 0.106141 0.133121
131.02 0.192345 0.022213 0.078556 0.111055
132.044 0.172418 0.021632 0.063563 0.106172
133.071 0.165313 0.021748 0.056512 0.106087
134.093 0.163969 0.020856 0.057631 0.103553
135.115 0.1761 0.021499 0.05786 0.115564
136.138 0.173569 0.025887 0.063762 0.10711
137.165 0.172039 0.026082 0.067643 0.101597
138.193 0.161043 0.020024 0.060762 0.097609
139.214 0.164507 0.020366 0.066583 0.095192
140.236 0.278321 0.019979 0.062827 0.212787
141.257 0.246124 0.024164 0.064168 0.179231
142.283 0.244724 0.031364 0.06723 0.174528
143.315 0.256057 0.042205 0.064502 0.188728
144.365 2.15996 0.02024 0.068655 2.08856
146.546 0.238113 0.020612 0.062656 0.172753
147.568 0.23667 0.020308 0.053987 0.179903
148.59 0.26347 0.03097 0.063996 0.196703
149.622 0.253935 0.021261 0.063666 0.187148
150.644 0.248078 0.022147 0.056967 0.188337
151.668 0.249908 0.020466 0.056029 0.190779
152.691 6.74882 0.019668 0.059463 6.68659
159.461 5.98112 0.019435 0.076443 5.90199
165.462 8.62183 0.019498 0.079037 8.54019
174.105 7.81551 0.049296 0.078434 7.73449
181.971 7.91367 0.024697 0.082621 7.8283
189.91 0.907251 0.020778 0.092296 0.81228
190.932 0.861616 0.019179 0.056162 0.802605
191.952 0.23863 0.037238 0.058935 0.177068
192.991 0.235256 0.020477 0.058407 0.174238
194.012 0.231197 0.019137 0.057125 0.171473
195.033 0.732437 0.020859 0.057205 0.672608
196.055 0.234018 0.019774 0.056431 0.174993
197.076 0.714358 0.020531 0.057145 0.654439
198.097 0.245213 0.020323 0.056668 0.185793
199.119 0.237153 0.02175 0.056915 0.177495
200.144 0.599744 0.020607 0.056812 0.540236
201.177 0.656242 0.019504 0.057545 0.596074
202.198 0.601118 0.019009 0.057582 0.540776
203.218 0.649949 0.019475 0.057621 0.589741
204.25 0.22749 0.02088 0.054839 0.169822
205.279 4.84483 0.02013 0.055681 4.78642
210.145 0.137961 0.019783 0.059772 0.075627
211.166 0.14155 0.020522 0.05783 0.081001
212.187 0.135109 0.020295 0.055236 0.077167
213.209 0.134229 0.020927 0.057524 0.073985
214.231 0.13524 0.02038 0.054602 0.0779
215.281 0.134466 0.020069 0.055778 0.075979
216.302 0.137541 0.020955 0.056959 0.077874
217.324 0.138079 0.019602 0.056536 0.078863
218.344 0.136709 0.021899 0.057689 0.076341
219.367 0.139971 0.021608 0.057784 0.079486
220.401 0.140895 0.021058 0.058519 0.079644
221.423 0.1408 0.019971 0.059098 0.078837
222.444 0.137697 0.020696 0.058007 0.077014
223.466 0.139913 0.020583 0.057855 0.079385
224.488 0.140897 0.020113 0.055104 0.083067
225.509 0.142899 0.020927 0.056291 0.083914
226.531 0.143273 0.020958 0.058518 0.082055
227.553 0.13716 0.020624 0.055785 0.07881
228.575 0.132842 0.020141 0.056337 0.07381
229.596 0.156711 0.020645 0.055606 0.098468
230.618 0.160605 0.020104 0.055121 0.10289
231.639 0.138685 0.020355 0.058126 0.077856
232.66 0.142076 0.019859 0.05414 0.085291
233.695 0.137401 0.019698 0.056447 0.078345
234.715 0.132433 0.022509 0.045401 0.084432
235.739 0.150885 0.021237 0.059119 0.08921
236.761 0.146311 0.020302 0.057127 0.086512
237.783 0.12375 0.019943 0.040065 0.081046
238.804 0.145125 0.020779 0.059434 0.083104
239.827 6.74948 0.021126 0.056111 6.69076
246.599 6.76705 0.019171 0.129512 6.63495
253.387 5.91849 0.019244 0.108163 5.8077
259.325 6.26661 0.019442 0.092155 6.17184
265.613 0.724751 0.019109 0.094995 0.627152
266.633 0.732184 0.020211 0.05385 0.675778
267.659 0.666052 0.022313 0.05448 0.609
268.682 7.82659 0.021897 0.053791 7.77022
276.532 6.88153 0.021091 0.109854 6.76894
283.435 6.10155 0.021914 0.09462 6.00432
289.56 6.90259 0.021432 0.091136 6.80887
296.485 5.27316 0.019081 0.113093 5.15747
301.778 6.6393 0.018814 0.066836 6.5699
308.437 6.69079 0.020483 0.125475 6.56273
315.15 6.17614 0.019517 0.063807 6.10975
321.346 7.25782 0.01979 0.056796 7.19837
328.625 6.46103 0.019307 0.102739 6.35573
335.106 0.666596 0.019253 0.062296 0.601693
336.127 0.309679 0.02026 0.054367 0.25271
337.148 0.544444 0.02159 0.058144 0.483699
338.171 0.846681 0.024545 0.056749 0.787323
339.197 0.758668 0.018933 0.057017 0.699074
340.22 7.15661 0.027519 0.058912 7.09509
347.405 0.77424 0.019692 0.138524 0.633004
348.436 0.818537 0.020616 0.057517 0.758439
349.458 0.814753 0.018891 0.057315 0.75488
350.478 7.42216 0.020699 0.058418 7.36113
357.922 7.90739 0.020638 0.084501 7.82031
365.851 7.48747 0.019011 0.128302 7.35659
373.36 0.754849 0.023737 0.094538 0.657724
374.385 4.6271 0.018873 0.055382 4.56912
379.032 0.692531 0.020215 0.056651 0.633334
380.053 1.44315 0.025386 0.054241 1.38632
381.523 7.6104 0.023273 0.050806 7.55701
389.157 0.314044 0.044277 0.099921 0.211521
390.203 0.856934 0.020228 0.058588 0.795755
391.226 0.808747 0.020677 0.054412 0.751743
392.249 0.976015 0.028013 0.062278 0.911161
393.278 0.875872 0.019016 0.056023 0.817299
394.298 6.29956 0.022119 0.055858 6.24075
400.621 5.83217 0.018833 0.058914 5.77066
406.473 0.259041 0.018942 0.058703 0.197779
407.493 5.97659 0.020564 0.057022 5.91698
413.491 6.37192 0.019495 0.061875 6.30728
419.884 6.68886 0.027506 0.089111 6.59715
426.601 1.34871 0.019488 0.057019 1.28914
427.991 6.60534 0.048075 0.052728 6.55002
434.645 0.726768 0.019401 0.084339 0.639845
435.666 0.633544 0.027027 0.058721 0.571825
436.696 7.48446 0.019143 0.055786 7.42608
444.201 0.796067 0.019197 0.113917 0.679586
445.221 0.765775 0.018087 0.057871 0.705331
446.241 0.614867 0.019269 0.052675 0.559573
447.262 0.196298 0.020973 0.05762 0.136061
448.284 0.206953 0.0195 0.057167 0.147121
449.305 0.200624 0.023601 0.057145 0.140932
450.329 0.196846 0.021545 0.058118 0.136117
451.352 0.962582 0.021313 0.056135 0.903831
452.375 0.184903 0.020498 0.056023 0.126288
453.396 0.186383 0.021052 0.055098 0.128664
454.419 0.183406 0.02248 0.054444 0.126148
455.446 0.186427 0.019855 0.057052 0.126764
456.467 0.173593 0.019343 0.05421 0.116798
457.488 0.182648 0.01881 0.055464 0.124564
458.508 0.17971 0.018656 0.056726 0.120364
459.528 0.176144 0.019532 0.05584 0.117604
460.549 0.184825 0.018777 0.058325 0.123917
461.57 0.183412 0.019053 0.055688 0.125181
462.59 0.184575 0.019868 0.05777 0.124205
463.611 0.187342 0.020432 0.056878 0.127843
464.633 0.194807 0.02182 0.060738 0.130747
465.657 0.203259 0.025684 0.058476 0.142176
466.684 0.20808 0.028304 0.058305 0.146518
467.715 0.196478 0.026457 0.057016 0.136791
468.743 0.199854 0.022637 0.062731 0.133692
469.767 0.204155 0.027628 0.061032 0.140333
470.796 0.179731 0.020059 0.054479 0.122607
471.818 0.1802 0.021574 0.056751 0.120836
472.84 0.182199 0.018982 0.059192 0.120074
473.861 0.173921 0.019489 0.05486 0.116453
474.881 0.178534 0.019841 0.054689 0.120676
475.902 0.177154 0.019677 0.060027 0.114466
476.923 0.182371 0.020872 0.056326 0.123012
477.946 0.179742 0.019705 0.059697 0.117478
478.967 0.182872 0.022225 0.056978 0.123081
479.99 0.179879 0.018884 0.058571 0.118676
481.011 0.198723 0.022496 0.056498 0.139648
482.035 0.177034 0.021103 0.055161 0.119232
483.061 0.176203 0.019277 0.054336 0.119299
484.082 0.827465 0.021424 0.054656 0.770048
485.105 0.778051 0.019083 0.055483 0.719872
486.131 8.55189 0.020148 0.059913 8.48924
494.705 3.73164 0.020646 0.058973 3.67009
498.458 0.99264 0.018918 0.057651 0.932379
499.478 3.47974 0.021165 0.054756 3.42222
502.98 7.04241 0.031148 0.053375 6.98642
510.055 3.48766 0.018937 0.11801 3.36702
513.563 1.76626 0.021986 0.060414 1.70313
515.352 0.131368 0.021175 0.054027 0.074789
516.374 4.59792 0.022954 0.057484 4.53751
520.997 0.688904 0.019577 0.055212 0.631052
522.018 0.132917 0.02047 0.053993 0.076258
523.041 0.187494 0.020433 0.051897 0.133021
524.062 0.181605 0.019392 0.054464 0.124543
525.108 0.185376 0.021164 0.05941 0.123289
526.131 0.181614 0.022365 0.055777 0.122896
527.155 0.177137 0.023396 0.055974 0.118472
528.181 0.175551 0.023341 0.055082 0.116342
529.206 0.174488 0.020697 0.055293 0.116474
530.232 0.176453 0.022677 0.054853 0.118616
531.256 0.186315 0.022298 0.056324 0.127079
532.279 0.181163 0.020259 0.055993 0.121385
533.301 0.196299 0.022427 0.06276 0.130894
534.335 0.169972 0.019867 0.053641 0.113318
535.356 0.175594 0.020464 0.0587 0.114179
536.378 0.165413 0.019407 0.053701 0.109151
537.399 0.162487 0.018416 0.054134 0.105744
538.424 0.170358 0.018944 0.054407 0.113195
539.445 0.178174 0.023886 0.054788 0.120817
540.471 0.183942 0.020018 0.056906 0.124433
541.492 0.176268 0.020309 0.056014 0.117511
542.513 0.189951 0.020247 0.056157 0.131209
543.535 0.18103 0.020421 0.054054 0.124414
544.556 0.538007 0.018658 0.052722 0.482713
545.576 0.339312 0.018578 0.054283 0.282417
546.596 0.272605 0.019527 0.056271 0.21375
547.616 0.20039 0.020738 0.055579 0.142263
548.638 0.258249 0.019142 0.055578 0.200142
549.74 0.264925 0.022377 0.055358 0.206844
550.799 0.454744 0.019388 0.049752 0.40241
551.82 0.450759 0.019722 0.044218 0.403824
552.84 0.19682 0.023766 0.045174 0.148365
554.395 0.25221 0.033079 0.059064 0.188625
555.429 0.177958 0.019284 0.043342 0.132062
556.449 0.190285 0.019218 0.044953 0.142745
557.515 0.194563 0.021124 0.047726 0.14354
558.537 0.188848 0.02056 0.047627 0.138478
559.558 0.187285 0.021078 0.044978 0.139383
560.58 0.184971 0.022365 0.045444 0.136554
561.604 0.192132 0.018999 0.045697 0.143847
562.624 0.190513 0.018826 0.039838 0.148098
563.643 0.378683 0.019023 0.047766 0.32825
564.663 0.417187 0.020419 0.046336 0.368166
565.685 0.249041 0.022221 0.049143 0.197305
566.708 0.257517 0.01875 0.046531 0.208121
567.727 0.242332 0.019258 0.045998 0.193714
568.748 0.28364 0.02048 0.049549 0.231527
569.769 0.210319 0.019342 0.052664 0.155089
570.79 0.545375 0.027167 0.059165 0.483584
571.818 0.503753 0.021788 0.051004 0.450106
572.84 0.281853 0.019672 0.051077 0.228212
573.861 0.200874 0.020783 0.051534 0.146745
574.883 0.199555 0.020328 0.051726 0.145223
575.904 0.262616 0.028319 0.060966 0.197437
576.934 0.197341 0.020771 0.053127 0.141617
578.036 0.208838 0.027476 0.056907 0.14879
579.064 0.1944 0.019141 0.050568 0.141214
580.084 0.250604 0.026815 0.069203 0.177038
581.112 0.192861 0.0209 0.052526 0.137642
582.134 0.205236 0.025673 0.055066 0.14669
583.161 0.192635 0.02078 0.05245 0.137616
584.182 0.189024 0.022921 0.053022 0.13343
585.206 0.191181 0.024163 0.052959 0.135332
586.231 0.221528 0.019523 0.053657 0.165223
587.252 0.224196 0.032174 0.062206 0.157293
588.285 0.245823 0.030901 0.062364 0.179809
589.317 0.241604 0.027802 0.062615 0.174593
590.346 0.261622 0.02957 0.069003 0.187744
591.377 0.180128 0.020435 0.051152 0.12643
592.398 0.189747 0.022519 0.054108 0.132807
593.422 0.266666 0.034722 0.06798 0.194196
594.458 0.239598 0.028621 0.059149 0.175939
595.488 0.257663 0.027272 0.063041 0.190503
596.517 0.240442 0.028491 0.063757 0.173885
597.547 0.259842 0.027644 0.066541 0.189012
598.575 0.254061 0.029661 0.05428 0.1954
599.606 0.253982 0.033211 0.070028 0.179031
600.647 0.181738 0.023763 0.052729 0.126424
