110.903 112.506 1.37373
112.506 113.881 1.0029
113.553 114.885 1.12997
114.593 116.016 1.45982
115.624 117.478 1.18734
116.653 118.666 1.04091
117.708 119.708 1.10306
118.732 120.83 0.945494
119.755 121.777 0.743034
120.779 122.521 1.00084
121.802 123.523 1.24456
122.868 124.768 1.34526
123.892 126.14 1.64099
124.921 127.782 0.549349
125.943 128.398 0.974817
126.965 129.375 1.13556
128.397 132.204 1.31917
132.204 133.726 1.34847
133.225 135.075 1.06876
134.253 136.145 1.5677
135.278 137.769 0.925484
136.298 138.695 0.725227
137.319 143.63 0.91573
143.63 149.413 0.775849
149.413 158.238 1.43625
158.237 166.346 1.12364
166.346 174.582 0.96195
174.582 175.549 0.792636
175.602 176.343 0.659505
176.624 177.004 1.24277
177.646 178.247 0.935085
178.666 179.183 0.979802
179.687 180.435 0.758684
180.71 181.195 0.928604
181.731 182.427 0.765663
182.754 183.194 1.25512
183.775 184.45 0.9157
184.798 185.367 0.830775
185.823 186.488 0.873085
186.847 187.483 0.735969
187.868 188.536 0.764794
188.893 189.302 0.794114
189.931 190.167 1.57305
190.955 191.741 0.980532
191.984 196.815 0.68425
196.815 197.5 1.34808
197.835 198.851 0.996188
198.86 199.849 0.935012
199.88 200.784 0.935229
200.901 201.72 1.08298
201.957 202.806 1.43114
202.977 204.239 0.726957
204 204.968 1.31088
205.021 206.279 1.08971
206.042 207.37 1.00143
207.067 208.373 0.944958
208.09 209.319 1.08295
209.111 210.402 1.06279
210.131 211.466 0.555854
211.151 212.023 0.872759
212.174 212.897 0.898531
213.196 213.797 0.681011
214.216 214.479 1.30216
215.245 215.784 1.03353
216.264 216.819 0.952147
217.286 217.772 0.850295
218.305 218.625 0.544309
219.328 219.475 1.04466
220.348 220.521 1.00241
221.37 221.53 0.847793
222.392 222.544 1.24558
223.414 223.79 0.858193
224.436 224.65 1.15126
225.461 225.802 0.976337
226.481 226.779 1.10976
227.52 227.89 1.22225
228.54 229.113 1.01076
229.562 230.125 1.18659
230.584 231.313 0.733278
231.604 232.047 1.05307
232.624 233.101 1.11443
233.645 234.217 0.838349
234.666 241.725 1.82731
241.725 247.16 0.716462
247.159 253.912 1.11453
253.912 260.641 1.14459
260.641 267.305 0.920886
267.305 268.227 1.64508
268.344 275.022 0.92109
275.022 275.944 0.689653
276.051 276.635 1.4143
277.073 278.05 0.862204
278.096 278.963 0.973061
279.117 279.956 0.783039
280.137 287.379 1.20756
287.379 288.588 0.787251
288.399 289.376 1.16379
289.42 290.541 0.896683
290.45 297.948 1.14406
297.948 306.347 1.84957
306.347 314.099 1.14596
314.099 315.246 1.19182
315.119 319.886 1.08693
319.886 320.974 0.87885
320.905 325.976 0.736214
325.976 333.305 1.02583
333.304 339.267 1.187
339.267 340.455 1.00124
340.286 341.457 0.750292
341.316 342.208 1.35847
342.336 343.568 1.2476
343.369 349.843 0.973263
349.843 355.934 1.19062
355.933 360.631 0.96233
360.631 366.709 0.744773
366.709 373.904 1.23129
373.904 375.137 0.834102
374.937 378.938 0.815744
378.938 385.653 1.0306
385.653 387.213 0.574538
387.213 391.955 1.09519
391.955 399.129 0.899171
399.129 403.93 0.747225
403.929 404.899 1.20076
404.95 406.101 0.872903
405.97 406.974 1.71197
406.991 408.689 0.886465
408.01 409.576 1.65963
409.031 411.243 0.728337
410.052 411.972 1.35212
411.072 413.325 1.4997
412.092 414.826 1.02779
413.114 415.855 1.32916
414.134 417.185 0.928602
415.157 418.114 0.933113
416.176 419.048 0.804246
417.201 419.854 0.728727
418.22 420.583 0.954202
419.239 421.539 1.69852
420.261 423.239 0.816889
421.283 424.056 1.5932
422.307 425.663 0.936958
423.33 426.601 1.08631
424.351 427.688 1.65898
425.378 429.348 1.18701
426.401 430.536 1.89626
427.421 432.433 0.759092
428.446 433.193 1.39493
429.479 434.591 1.48506
430.508 436.077 0.756265
431.534 436.834 0.809253
432.558 437.644 1.62662
433.578 439.272 1.00002
434.599 440.272 1.06629
435.65 441.34 0.584166
436.675 441.925 0.833381
437.699 442.759 1.18578
438.723 443.945 0.771242
439.747 444.717 1.04191
440.767 445.76 0.840718
441.787 446.601 0.699182
442.811 447.301 0.743542
443.831 449.517 0.970145
449.517 457.681 0.870424
457.681 463.42 1.0869
463.419 466.955 1.44024
466.955 470.704 0.802567
470.703 477.881 1.62448
477.88 483.772 1.15745
483.772 485.366 0.706397
485.365 495.224 1.474
495.224 496.698 0.682331
496.243 502.116 0.680908
502.116 502.798 0.980145
503.136 503.779 1.52694
504.155 505.307 0.75488
505.18 506.063 1.40573
506.206 507.469 1.18121
507.231 508.651 1.10302
508.26 509.755 0.784884
509.284 510.54 1.40284
510.306 511.944 0.601922
511.334 512.547 0.729747
512.355 513.277 1.54333
513.383 514.822 1.2261
514.411 516.048 1.20657
515.432 517.256 0.750703
516.455 518.007 0.97058
517.477 518.979 1.142
518.501 520.121 0.958072
519.522 521.08 1.28778
520.544 522.369 1.1434
521.568 523.513 0.944708
522.589 524.459 0.740345
523.609 525.2 0.502543
524.63 527.282 0.981047
527.281 528.264 1.99017
528.3 530.255 0.939726
529.337 531.195 0.917897
530.359 532.114 0.854244
