114.593 117.776 0.048738
114.593 117.825 0.033942
114.593 117.899 0.031472
114.593 118.015 0.026819
114.593 118.116 0.028491
114.593 118.217 0.028366
114.593 118.318 0.028833
114.593 118.421 0.026585
114.593 118.533 0.027673
114.593 118.634 0.02818
115.624 118.735 0.028218
115.624 118.836 0.035648
115.624 118.979 0.026129
115.624 119.081 0.027538
115.624 119.182 0.026595
115.624 119.282 0.025797
115.624 119.383 0.028821
115.624 119.484 0.027837
115.624 119.585 0.026564
115.624 119.686 0.023913
116.653 119.787 0.025802
116.653 119.891 0.031878
116.653 119.992 0.027041
116.653 120.093 0.022838
116.653 120.194 0.025096
116.653 120.295 0.024515
116.653 120.396 0.022402
116.653 120.497 0.02235
116.653 120.598 0.024733
116.653 120.709 0.024462
116.653 120.81 0.026954
117.708 120.911 0.031857
117.708 121.014 0.023052
117.708 121.115 0.024324
117.708 121.217 0.023944
117.708 121.318 0.02282
117.708 121.423 0.022762
117.708 121.523 0.025164
117.708 121.624 0.025345
117.708 121.725 0.02493
118.732 121.826 0.023189
118.732 121.936 0.030371
118.732 122.036 0.024692
118.732 122.138 0.025082
118.732 122.242 0.02229
118.732 122.365 0.024913
118.732 122.48 0.024427
119.755 122.581 0.024801
119.755 122.686 0.022521
119.755 122.787 0.022714
119.755 122.888 0.02558
119.755 122.99 0.025214
119.755 123.091 0.023583
119.755 123.193 0.022849
119.755 123.294 0.024526
119.755 123.395 0.024634
119.755 123.498 0.022968
120.779 123.602 0.022935
120.779 123.703 0.024677
120.779 123.804 0.024781
120.779 123.905 0.024118
120.779 124.021 0.022983
120.779 124.122 0.022889
120.779 124.223 0.025343
120.779 124.324 0.025155
120.779 124.428 0.02286
120.779 124.529 0.022622
120.779 124.63 0.024807
120.779 124.749 0.022349
121.802 124.85 0.02564
121.802 124.962 0.025107
121.802 125.063 0.025299
121.802 125.164 0.032623
121.802 125.269 0.022438
121.802 125.409 0.02511
121.802 125.51 0.025549
121.802 125.611 0.024182
121.802 125.712 0.024096
121.802 125.813 0.024418
121.802 125.938 0.022454
121.802 126.039 0.030968
121.802 126.14 0.023908
122.868 126.24 0.022953
122.868 126.342 0.024477
122.868 126.461 0.024107
122.868 126.575 0.023426
122.868 126.675 0.025089
122.868 126.776 0.02529
122.868 126.877 0.023861
122.868 126.985 0.022911
122.868 127.086 0.024301
122.868 127.187 0.025628
122.868 127.288 0.023436
122.868 127.389 0.024645
122.868 127.49 0.024033
122.868 127.591 0.023292
122.868 127.694 0.022661
123.892 127.806 0.023584
123.892 127.907 0.023757
123.892 128.008 0.023185
123.892 128.109 0.022084
123.892 128.21 0.023293
123.892 128.398 0.025366
124.921 128.499 0.032528
124.921 128.6 0.022761
124.921 128.705 0.02232
124.921 128.817 0.022728
124.921 128.918 0.024217
124.921 129.019 0.024275
124.921 129.121 0.023366
124.921 129.225 0.023241
124.921 129.326 0.02453
125.943 129.428 0.024333
125.943 129.528 0.022036
125.943 129.629 0.025326
125.943 129.731 0.024156
125.943 129.832 0.022942
125.943 129.933 0.022821
125.943 130.034 0.023944
125.943 130.135 0.023945
125.943 130.236 0.022008
125.943 130.339 0.022399
125.943 130.441 0.024211
126.965 130.542 0.024765
126.965 130.643 0.022868
126.965 130.747 0.023168
126.965 130.848 0.024515
126.965 130.949 0.023569
126.965 131.05 0.021941
126.965 131.153 0.021809
126.965 131.254 0.024503
126.965 131.355 0.024005
126.965 131.456 0.022776
126.965 131.56 0.023069
126.965 131.661 0.02476
126.965 131.762 0.024457
126.965 131.863 0.021861
126.965 131.967 0.021913
126.965 132.068 0.024958
126.965 132.169 0.032044
126.965 132.27 0.024308
126.965 132.374 0.022485
126.965 132.475 0.024343
126.965 132.597 0.0221
126.965 132.698 0.024316
126.965 132.799 0.024022
126.965 132.9 0.022826
126.965 133.008 0.022933
126.965 133.109 0.024128
126.965 133.211 0.024494
126.965 133.312 0.027194
126.965 133.413 0.023353
126.965 133.782 0.022664
128.397 133.827 0.022779
128.397 133.929 0.024165
128.397 134.032 0.025075
128.397 134.134 0.024607
128.397 134.235 0.023542
128.397 134.349 0.031326
128.397 134.451 0.022973
128.397 134.564 0.023129
128.397 134.665 0.024007
128.397 134.766 0.02434
128.397 134.901 0.022979
128.397 135.002 0.024628
132.204 135.103 0.023939
132.204 135.205 0.02278
132.204 135.306 0.024848
132.204 135.417 0.025783
132.204 135.518 0.024405
132.204 135.619 0.022809
132.204 135.72 0.024425
132.204 135.821 0.024612
132.204 135.922 0.022177
132.204 136.028 0.022867
132.204 136.129 0.024522
133.225 136.231 0.024372
133.225 136.332 0.022275
133.225 136.433 0.022398
133.225 136.534 0.024558
133.225 136.637 0.024657
133.225 136.739 0.022662
133.225 136.841 0.022911
133.225 136.949 0.025205
133.225 137.054 0.024235
133.225 137.155 0.02372
133.225 137.257 0.022379
133.225 137.358 0.02444
133.225 137.462 0.024766
133.225 137.563 0.023533
133.225 137.667 0.023097
133.225 137.768 0.024265
134.253 137.869 0.024369
134.253 137.974 0.022291
134.253 138.075 0.023567
134.253 138.176 0.024563
134.253 138.28 0.024159
134.253 138.383 0.023349
134.253 138.485 0.022295
134.253 138.586 0.023998
134.253 138.688 0.024113
135.278 138.789 0.022593
135.278 138.89 0.023447
135.278 138.991 0.023947
135.278 139.093 0.024779
135.278 139.194 0.022608
135.278 139.295 0.024233
135.278 139.396 0.024529
136.298 139.499 0.02228
136.298 139.6 0.022596
136.298 139.701 0.023415
136.298 139.802 0.022635
136.298 139.903 0.021839
136.298 140.004 0.023141
136.298 140.105 0.02351
136.298 140.206 0.021264
136.298 140.307 0.021553
136.298 140.408 0.023379
136.298 140.509 0.023794
136.298 140.61 0.021378
136.298 140.713 0.022388
136.298 140.814 0.023597
136.298 140.914 0.023085
136.298 141.015 0.022428
136.298 141.116 0.023128
136.298 141.217 0.023127
136.298 141.318 0.022421
136.298 141.42 0.022458
136.298 141.52 0.023845
136.298 141.621 0.023624
136.298 141.723 0.022203
136.298 141.825 0.022667
136.298 141.925 0.024205
136.298 142.026 0.021199
136.298 142.127 0.021768
136.298 142.228 0.023042
136.298 142.329 0.022501
136.298 142.43 0.021682
136.298 142.532 0.021579
136.298 142.633 0.023464
136.298 142.734 0.023798
136.298 142.835 0.022589
136.298 142.936 0.023731
136.298 143.037 0.023993
136.298 143.138 0.024738
136.298 143.239 0.022091
136.298 143.34 0.024227
136.298 143.441 0.023874
136.298 143.542 0.021745
136.298 143.645 0.021575
136.298 143.762 0.021839
136.298 143.869 0.021603
136.298 143.974 0.02386
136.298 144.08 0.02289
136.298 144.181 0.023229
136.298 144.282 0.021558
136.298 144.386 0.021123
136.298 144.488 0.023383
137.319 144.589 0.023726
137.319 144.689 0.021653
137.319 144.79 0.023449
137.319 144.891 0.023492
137.319 144.992 0.024321
137.319 145.093 0.021456
137.319 145.195 0.023345
137.319 145.296 0.023218
137.319 145.397 0.021328
137.319 145.498 0.020948
137.319 145.599 0.023617
137.319 145.699 0.023375
137.319 145.8 0.02374
137.319 145.902 0.022315
137.319 146.002 0.024093
137.319 146.104 0.022882
137.319 146.205 0.02177
137.319 146.306 0.021198
137.319 146.407 0.022938
137.319 146.508 0.023313
137.319 146.609 0.021816
137.319 146.71 0.022994
137.319 146.811 0.023287
137.319 146.912 0.022607
137.319 147.013 0.021416
137.319 147.114 0.023277
137.319 147.215 0.023188
137.319 147.316 0.021874
137.319 147.417 0.021684
137.319 147.518 0.023251
137.319 147.619 0.022339
137.319 147.721 0.02109
137.319 147.822 0.022905
137.319 147.923 0.022712
137.319 148.023 0.022548
137.319 148.124 0.020969
137.319 148.225 0.022601
137.319 148.327 0.022468
137.319 148.427 0.02077
137.319 148.528 0.022107
137.319 148.63 0.023096
137.319 148.731 0.022899
137.319 148.832 0.021174
137.319 148.935 0.02278
137.319 149.034 0.022877
137.319 149.135 0.021865
137.319 149.236 0.021078
137.319 149.338 0.023242
137.319 149.439 0.023835
137.319 149.554 0.022755
137.319 149.671 0.022608
137.319 149.774 0.022408
137.319 149.875 0.022446
137.319 149.976 0.021741
137.319 150.077 0.022939
137.319 150.178 0.022709
143.63 150.279 0.021241
143.63 150.38 0.020956
143.63 150.481 0.024192
143.63 150.582 0.023239
143.63 150.683 0.022185
143.63 150.784 0.021758
143.63 150.886 0.022893
143.63 150.987 0.022423
143.63 151.088 0.021614
143.63 151.189 0.023097
143.63 151.29 0.022451
143.63 151.391 0.022786
143.63 151.492 0.02094
143.63 151.593 0.023321
143.63 151.693 0.023658
143.63 151.794 0.021626
143.63 151.895 0.021855
143.63 151.996 0.022853
143.63 152.097 0.024652
143.63 152.198 0.021186
143.63 152.301 0.021341
143.63 152.402 0.023115
143.63 152.503 0.023259
143.63 152.605 0.021154
143.63 152.707 0.021728
143.63 152.808 0.022913
143.63 152.909 0.023042
143.63 153.01 0.021461
143.63 153.114 0.021749
143.63 153.215 0.023267
143.63 153.316 0.023547
143.63 153.417 0.021653
143.63 153.518 0.021343
143.63 153.619 0.022968
143.63 153.72 0.023188
143.63 153.821 0.021591
143.63 153.922 0.021388
143.63 154.023 0.022543
143.63 154.124 0.022604
143.63 154.225 0.021187
143.63 154.326 0.021296
143.63 154.427 0.023389
143.63 154.528 0.022756
143.63 154.629 0.020812
143.63 154.732 0.021445
143.63 154.833 0.023072
143.63 154.934 0.023024
143.63 155.035 0.020964
143.63 155.136 0.021508
143.63 155.237 0.023072
143.63 155.338 0.023669
143.63 155.439 0.021553
143.63 155.541 0.020855
143.63 155.642 0.02312
143.63 155.743 0.022723
143.63 155.844 0.020893
143.63 155.945 0.021842
143.63 156.046 0.02277
143.63 156.147 0.023172
143.63 156.248 0.02151
143.63 156.349 0.021287
143.63 156.45 0.022447
143.63 156.551 0.022171
143.63 156.652 0.020797
143.63 156.754 0.021036
143.63 156.855 0.023559
143.63 156.956 0.022992
143.63 157.059 0.02163
143.63 157.16 0.021574
143.63 157.261 0.02339
143.63 157.362 0.022889
143.63 157.463 0.021437
143.63 157.564 0.021373
143.63 157.665 0.023107
143.63 157.766 0.022976
143.63 157.873 0.023162
143.63 157.974 0.020974
143.63 158.076 0.021672
143.63 158.178 0.023459
143.63 158.279 0.0225
143.63 158.38 0.020871
143.63 158.483 0.021286
143.63 158.593 0.02106
143.63 158.694 0.023744
143.63 158.795 0.022483
143.63 158.898 0.021498
143.63 158.999 0.021871
143.63 159.108 0.021739
143.63 159.209 0.02293
143.63 159.31 0.022575
143.63 159.412 0.021291
143.63 159.516 0.021426
143.63 159.618 0.023843
149.413 159.718 0.022593
149.413 159.819 0.020772
149.413 159.92 0.020768
149.413 160.021 0.023028
149.413 160.122 0.022959
149.413 160.223 0.021233
149.413 160.324 0.021043
149.413 160.425 0.023142
149.413 160.526 0.022836
149.413 160.628 0.02135
149.413 160.729 0.021533
149.413 160.83 0.023711
149.413 160.931 0.023011
149.413 161.032 0.021834
149.413 161.133 0.021481
149.413 161.235 0.023401
149.413 161.336 0.022782
149.413 161.437 0.021052
149.413 161.538 0.021701
149.413 161.639 0.022345
149.413 161.74 0.022499
149.413 161.841 0.020721
149.413 161.942 0.021388
149.413 162.043 0.023228
149.413 162.144 0.023152
149.413 162.245 0.021219
149.413 162.347 0.021434
149.413 162.449 0.022719
149.413 162.55 0.022373
149.413 162.667 0.022506
149.413 162.768 0.022539
149.413 162.87 0.021102
149.413 162.973 0.021207
149.413 163.074 0.022413
149.413 163.175 0.023084
149.413 163.276 0.020958
149.413 163.378 0.0218
149.413 163.478 0.023089
149.413 163.584 0.023118
149.413 163.685 0.022824
149.413 163.786 0.021694
149.413 163.887 0.023033
149.413 163.988 0.022837
149.413 164.09 0.023226
149.413 164.191 0.020951
149.413 164.302 0.021896
149.413 164.406 0.021187
149.413 164.507 0.022893
149.413 164.609 0.023099
149.413 164.71 0.020896
149.413 164.812 0.022841
149.413 164.912 0.022781
149.413 165.013 0.022468
149.413 165.114 0.021467
149.413 165.217 0.022643
149.413 165.318 0.022686
149.413 165.419 0.023386
149.413 165.52 0.021506
149.413 165.621 0.021548
149.413 165.722 0.022753
149.413 165.823 0.022941
149.413 165.924 0.021217
149.413 166.025 0.021173
149.413 166.126 0.024817
149.413 166.227 0.022807
149.413 166.328 0.021131
149.413 166.439 0.022272
149.413 166.543 0.028085
149.413 166.644 0.023687
149.413 166.756 0.022857
149.413 166.861 0.022346
149.413 166.966 0.022984
149.413 167.067 0.021384
149.413 167.169 0.021713
149.413 167.273 0.022345
149.413 167.376 0.022456
158.237 167.476 0.022878
158.237 167.577 0.021419
158.237 167.678 0.022191
158.237 167.779 0.02311
158.237 167.88 0.022861
158.237 167.981 0.020946
158.237 168.082 0.022576
158.237 168.183 0.022464
158.237 168.284 0.024753
158.237 168.385 0.022229
158.237 168.486 0.021279
158.237 168.587 0.022843
158.237 168.688 0.02271
158.237 168.789 0.021171
158.237 168.891 0.021299
158.237 168.992 0.022713
158.237 169.093 0.022673
158.237 169.194 0.022607
158.237 169.296 0.021569
158.237 169.397 0.022504
158.237 169.498 0.022676
158.237 169.599 0.02283
158.237 169.7 0.021143
158.237 169.801 0.022068
158.237 169.902 0.022868
158.237 170.003 0.022451
158.237 170.104 0.021253
158.237 170.205 0.022956
158.237 170.307 0.022756
158.237 170.408 0.022671
158.237 170.509 0.020551
158.237 170.612 0.021565
158.237 170.713 0.023198
158.237 170.814 0.023224
158.237 170.915 0.020935
158.237 171.017 0.021083
158.237 171.119 0.023335
158.237 171.219 0.022978
158.237 171.32 0.021023
158.237 171.422 0.021124
158.237 171.523 0.022617
158.237 171.624 0.022467
158.237 171.725 0.021263
158.237 171.826 0.021072
158.237 171.927 0.022136
158.237 172.028 0.022149
158.237 172.129 0.020464
158.237 172.231 0.021337
158.237 172.332 0.023153
158.237 172.433 0.022633
158.237 172.534 0.021219
158.237 172.635 0.020848
158.237 172.736 0.022944
158.237 172.837 0.022692
158.237 172.938 0.021009
158.237 173.039 0.020791
158.237 173.14 0.0232
158.237 173.241 0.022628
158.237 173.342 0.020777
158.237 173.443 0.021245
158.237 173.544 0.0226
158.237 173.645 0.022174
158.237 173.746 0.022651
158.237 173.847 0.020942
158.237 173.95 0.021158
158.237 174.051 0.023044
158.237 174.152 0.023424
158.237 174.253 0.021777
158.237 174.354 0.021511
158.237 174.455 0.022837
158.237 174.56 0.023348
158.237 174.669 0.023066
158.237 174.77 0.022793
158.237 174.88 0.021435
158.237 174.989 0.021717
158.237 175.09 0.021488
158.237 175.2 0.022456
158.237 175.3 0.023726
158.237 175.401 0.024038
158.237 175.54 0.02196
166.346 175.657 0.022453
166.346 175.758 0.021574
166.346 175.859 0.022868
166.346 175.96 0.023563
166.346 176.061 0.022168
166.346 176.162 0.023089
166.346 176.263 0.023682
174.582 176.367 0.022945
174.582 176.469 0.021375
174.582 176.57 0.022835
174.582 176.671 0.023502
174.582 176.772 0.022609
174.582 176.875 0.021665
174.582 176.976 0.023139
175.602 177.077 0.02296
175.602 177.178 0.021767
175.602 177.279 0.022646
175.602 177.38 0.022752
175.602 177.481 0.021928
175.602 177.582 0.024009
175.602 177.683 0.023312
175.602 177.787 0.023772
175.602 177.892 0.0209
175.602 177.995 0.021227
175.602 178.096 0.022931
175.602 178.197 0.022935
176.624 178.298 0.020728
176.624 178.399 0.022982
176.624 178.5 0.022713
176.624 178.601 0.020822
176.624 178.702 0.023315
176.624 178.805 0.022504
176.624 178.907 0.020951
176.624 179.008 0.021157
176.624 179.109 0.023058
177.646 179.21 0.022568
177.646 179.311 0.020522
177.646 179.412 0.024077
177.646 179.513 0.023452
177.646 179.615 0.021565
177.646 179.717 0.021354
177.646 179.824 0.023128
177.646 179.925 0.022396
177.646 180.026 0.021556
177.646 180.128 0.021066
178.666 180.229 0.02272
178.666 180.33 0.022567
178.666 180.431 0.02088
178.666 180.533 0.021472
178.666 180.633 0.022918
178.666 180.734 0.020808
178.666 180.837 0.02072
178.666 180.946 0.020943
178.666 181.085 0.02232
178.666 181.189 0.023048
179.687 181.287 0.022304
179.687 181.388 0.023305
179.687 181.489 0.023298
179.687 181.59 0.021022
179.687 181.691 0.023387
179.687 181.792 0.024694
179.687 181.893 0.021528
179.687 182.017 0.022974
179.687 182.118 0.02116
180.71 182.219 0.022514
180.71 182.32 0.023341
180.71 182.421 0.021023
180.71 182.522 0.021209
180.71 182.623 0.023579
180.71 182.724 0.023123
180.71 182.825 0.022211
180.71 182.926 0.02261
180.71 183.035 0.022327
180.71 183.136 0.021173
181.731 183.237 0.021884
181.731 183.338 0.022986
181.731 183.439 0.022852
181.731 183.543 0.022426
181.731 183.644 0.022901
181.731 183.753 0.022777
181.731 183.854 0.031402
181.731 183.955 0.021999
181.731 184.063 0.021942
181.731 184.164 0.022857
181.731 184.265 0.023135
181.731 184.366 0.021798
182.754 184.467 0.022755
182.754 184.568 0.022833
182.754 184.686 0.022866
182.754 184.787 0.020784
182.754 184.89 0.028341
182.754 184.992 0.029686
182.754 185.093 0.022718
182.754 185.194 0.021408
182.754 185.295 0.024121
183.775 185.396 0.023499
183.775 185.497 0.021277
183.775 185.599 0.02318
183.775 185.7 0.023431
183.775 185.801 0.021239
183.775 185.902 0.03031
183.775 186.003 0.023025
183.775 186.104 0.022158
184.798 186.206 0.021315
184.798 186.307 0.022711
184.798 186.408 0.021162
184.798 186.509 0.021288
184.798 186.61 0.023771
184.798 186.722 0.022695
184.798 186.823 0.023201
184.798 186.957 0.021745
184.798 187.059 0.023151
184.798 187.162 0.022666
184.798 187.265 0.021681
185.823 187.366 0.022959
185.823 187.467 0.022702
185.823 187.568 0.02123
185.823 187.673 0.021509
185.823 187.772 0.023193
185.823 187.873 0.021587
185.823 187.977 0.02084
185.823 188.085 0.021974
185.823 188.186 0.024108
186.847 188.287 0.023153
186.847 188.388 0.022063
186.847 188.489 0.030186
186.847 188.59 0.022905
186.847 188.691 0.021167
186.847 188.793 0.023013
186.847 188.894 0.022577
186.847 188.997 0.03047
186.847 189.107 0.021487
186.847 189.208 0.02271
187.868 189.309 0.023969
187.868 189.411 0.021319
187.868 189.512 0.020765
187.868 189.613 0.023126
187.868 189.714 0.022909
187.868 189.815 0.0222
187.868 189.917 0.023923
187.868 190.023 0.030267
188.893 190.124 0.030511
188.893 190.227 0.02146
188.893 190.327 0.022536
188.893 190.429 0.020973
188.893 190.53 0.021155
188.893 190.631 0.023168
188.893 190.732 0.022612
188.893 190.833 0.021009
188.893 190.934 0.023266
188.893 191.035 0.0325
188.893 191.136 0.028434
188.893 191.238 0.021608
188.893 191.341 0.022393
188.893 191.443 0.022947
188.893 191.544 0.020943
188.893 191.645 0.023668
189.931 191.745 0.022047
189.931 191.847 0.021143
189.931 191.95 0.021193
189.931 192.052 0.024658
189.931 192.153 0.022452
189.931 192.257 0.020933
189.931 192.371 0.020818
189.931 192.475 0.021175
189.931 192.614 0.023921
189.931 192.722 0.023262
190.955 192.823 0.021916
190.955 192.924 0.020672
190.955 193.025 0.023304
190.955 193.127 0.022493
190.955 193.228 0.021329
190.955 193.329 0.022442
190.955 193.43 0.022939
190.955 193.531 0.021404
190.955 193.632 0.021194
190.955 193.733 0.022429
190.955 193.834 0.022612
190.955 193.935 0.021878
190.955 194.036 0.023721
190.955 194.137 0.022912
190.955 194.238 0.020905
190.955 194.339 0.021528
190.955 194.44 0.023527
190.955 194.541 0.022207
190.955 194.642 0.021559
190.955 194.754 0.022217
190.955 194.856 0.024131
190.955 194.957 0.022765
190.955 195.058 0.02165
190.955 195.162 0.022187
190.955 195.264 0.023659
190.955 195.366 0.022576
190.955 195.469 0.021659
190.955 195.57 0.0217
190.955 195.671 0.023248
190.955 195.772 0.022971
190.955 195.873 0.020382
190.955 195.974 0.023184
190.955 196.075 0.023226
190.955 196.176 0.021759
190.955 196.279 0.022059
190.955 196.38 0.023389
190.955 196.481 0.023032
190.955 196.583 0.021482
190.955 196.684 0.023232
190.955 196.785 0.028813
190.955 196.886 0.022913
190.955 196.992 0.021534
190.955 197.093 0.022854
190.955 197.194 0.022778
190.955 197.295 0.020958
190.955 197.398 0.021449
190.955 197.499 0.022406
191.984 197.6 0.022226
191.984 197.701 0.021038
191.984 197.802 0.022952
191.984 197.907 0.022229
191.984 198.008 0.022549
191.984 198.109 0.020979
191.984 198.211 0.022307
191.984 198.324 0.022317
191.984 198.428 0.022737
191.984 198.529 0.023631
191.984 198.63 0.021751
191.984 198.731 0.023332
191.984 198.832 0.023326
196.815 198.938 0.029932
196.815 199.039 0.021704
196.815 199.14 0.023203
196.815 199.241 0.022783
196.815 199.342 0.021146
196.815 199.443 0.023115
196.815 199.544 0.0222
196.815 199.646 0.021941
196.815 199.752 0.02192
197.835 199.852 0.022647
197.835 199.953 0.030769
197.835 200.058 0.020911
197.835 200.161 0.021435
197.835 200.273 0.021412
197.835 200.375 0.023386
197.835 200.476 0.023143
197.835 200.577 0.022135
197.835 200.678 0.023245
197.835 200.783 0.023039
198.86 200.884 0.022996
198.86 200.992 0.031968
198.86 201.101 0.0211
198.86 201.208 0.021151
198.86 201.31 0.022875
198.86 201.411 0.023344
198.86 201.512 0.022113
198.86 201.615 0.021254
198.86 201.716 0.022612
199.88 201.817 0.023109
199.88 201.918 0.0209
199.88 202.024 0.023506
199.88 202.125 0.023288
199.88 202.226 0.022779
199.88 202.327 0.022382
199.88 202.428 0.023683
199.88 202.529 0.022358
199.88 202.63 0.021058
199.88 202.733 0.021999
200.901 202.834 0.02294
200.901 202.935 0.022858
200.901 203.036 0.020844
200.901 203.137 0.023133
200.901 203.238 0.02293
200.901 203.339 0.021027
200.901 203.442 0.021804
200.901 203.543 0.023131
200.901 203.644 0.022866
200.901 203.745 0.021962
200.901 203.846 0.023054
200.901 203.947 0.023385
200.901 204.048 0.021234
200.901 204.152 0.021759
201.957 204.253 0.02295
201.957 204.354 0.022417
201.957 204.455 0.020871
201.957 204.556 0.02311
201.957 204.658 0.022888
201.957 204.759 0.021105
201.957 204.86 0.02174
201.957 204.961 0.022817
202.977 205.068 0.023366
202.977 205.175 0.022549
202.977 205.276 0.021929
202.977 205.377 0.02286
202.977 205.478 0.022918
202.977 205.579 0.021208
202.977 205.68 0.020782
202.977 205.781 0.02221
202.977 205.883 0.023139
202.977 205.984 0.021043
202.977 206.085 0.023111
202.977 206.194 0.02277
204 206.295 0.02192
204 206.396 0.021241
204 206.497 0.022804
204 206.598 0.022614
204 206.699 0.022752
204 206.8 0.021659
204 206.901 0.022813
204 207.002 0.022721
204 207.103 0.020504
204 207.21 0.022508
204 207.311 0.022561
205.021 207.412 0.022419
205.021 207.513 0.021329
205.021 207.614 0.022132
205.021 207.715 0.022412
205.021 207.816 0.021388
205.021 207.917 0.021083
205.021 208.018 0.022676
205.021 208.119 0.022463
205.021 208.221 0.030649
205.021 208.323 0.021581
206.042 208.424 0.022386
206.042 208.526 0.022659
206.042 208.627 0.020941
206.042 208.728 0.022609
206.042 208.83 0.022716
206.042 208.93 0.020793
206.042 209.033 0.02224
206.042 209.134 0.023471
206.042 209.235 0.031082
207.067 209.336 0.020893
207.067 209.437 0.023109
207.067 209.538 0.022554
207.067 209.639 0.021116
207.067 209.74 0.020988
207.067 209.841 0.022953
207.067 209.943 0.022698
207.067 210.044 0.021578
207.067 210.145 0.023519
207.067 210.246 0.029433
207.067 210.347 0.020723
208.09 210.459 0.02091
208.09 210.561 0.020807
208.09 210.662 0.022793
208.09 210.763 0.022629
208.09 210.864 0.021557
208.09 210.965 0.023416
208.09 211.066 0.022583
208.09 211.176 0.024133
208.09 211.277 0.028153
208.09 211.383 0.02171
209.111 211.484 0.02253
209.111 211.585 0.022713
209.111 211.686 0.021175
209.111 211.788 0.023467
209.111 211.889 0.022091
209.111 211.99 0.021299
210.131 212.09 0.022969
210.131 212.191 0.023658
210.131 212.292 0.029938
210.131 212.394 0.022204
210.131 212.495 0.023459
210.131 212.606 0.023156
210.131 212.707 0.022084
210.131 212.809 0.020449
211.151 212.91 0.022188
211.151 213.011 0.023074
211.151 213.111 0.02068
211.151 213.213 0.023433
211.151 213.326 0.028162
211.151 213.422 0.021961
211.151 213.523 0.021183
211.151 213.626 0.021484
211.151 213.727 0.022581
212.174 213.828 0.022258
212.174 213.929 0.021571
212.174 214.03 0.022641
212.174 214.131 0.022955
212.174 214.232 0.022527
212.174 214.337 0.029115
212.174 214.437 0.022527
213.196 214.538 0.021994
213.196 214.639 0.021383
213.196 214.741 0.022624
213.196 214.842 0.022212
213.196 214.943 0.021245
213.196 215.044 0.021432
213.196 215.145 0.022616
213.196 215.246 0.023179
213.196 215.347 0.022138
213.196 215.456 0.021491
213.196 215.56 0.022883
213.196 215.661 0.022487
213.196 215.762 0.021492
214.216 215.866 0.020846
214.216 215.971 0.022453
214.216 216.072 0.023295
214.216 216.173 0.021201
214.216 216.279 0.021656
214.216 216.379 0.029438
214.216 216.48 0.023208
214.216 216.581 0.021068
214.216 216.682 0.023273
214.216 216.783 0.022796
215.245 216.885 0.023455
215.245 216.986 0.021261
215.245 217.087 0.023548
215.245 217.188 0.023176
215.245 217.289 0.021159
215.245 217.394 0.021357
215.245 217.495 0.023719
215.245 217.596 0.022686
215.245 217.7 0.021637
216.264 217.799 0.022077
216.264 217.9 0.022554
216.264 218.001 0.020679
216.264 218.103 0.022047
216.264 218.204 0.02264
216.264 218.305 0.023797
216.264 218.408 0.020999
216.264 218.509 0.023186
216.264 218.633 0.021231
217.286 218.726 0.023358
217.286 218.827 0.022824
217.286 218.928 0.02153
217.286 219.029 0.022248
217.286 219.13 0.022536
218.305 219.231 0.021242
218.305 219.332 0.022781
218.305 219.433 0.028839
218.305 219.535 0.0213
218.305 219.636 0.021443
218.305 219.737 0.022996
218.305 219.838 0.023486
218.305 219.939 0.021421
218.305 220.043 0.021022
218.305 220.145 0.022828
218.305 220.246 0.022669
218.305 220.347 0.021294
218.305 220.449 0.022751
219.328 220.55 0.02215
219.328 220.651 0.02144
219.328 220.754 0.020782
219.328 220.855 0.022593
219.328 220.956 0.023051
219.328 221.057 0.021299
219.328 221.158 0.022645
219.328 221.26 0.023061
219.328 221.361 0.021097
219.328 221.462 0.028989
220.348 221.563 0.022764
220.348 221.664 0.022709
220.348 221.765 0.021306
220.348 221.866 0.022281
220.348 221.967 0.022938
220.348 222.068 0.021142
220.348 222.17 0.022241
220.348 222.272 0.023027
220.348 222.373 0.023742
221.37 222.474 0.028281
221.37 222.575 0.023863
221.37 222.676 0.022832
221.37 222.777 0.020564
221.37 222.88 0.021209
221.37 222.981 0.023233
221.37 223.082 0.022371
221.37 223.184 0.021581
221.37 223.285 0.022398
221.37 223.386 0.022922
221.37 223.487 0.025301
221.37 223.588 0.020447
221.37 223.689 0.022493
221.37 223.79 0.022793
222.392 223.891 0.02092
222.392 223.996 0.02162
222.392 224.097 0.023015
222.392 224.198 0.022631
222.392 224.299 0.021541
222.392 224.401 0.022626
222.392 224.502 0.025285
222.392 224.603 0.020939
223.414 224.704 0.020984
223.414 224.805 0.023079
223.414 224.906 0.02286
223.414 225.007 0.021238
223.414 225.11 0.021201
223.414 225.211 0.023524
223.414 225.312 0.023465
223.414 225.414 0.020807
223.414 225.515 0.022697
223.414 225.616 0.02318
223.414 225.717 0.021157
224.436 225.82 0.02095
224.436 225.921 0.022672
224.436 226.022 0.02348
224.436 226.123 0.020632
224.436 226.225 0.023062
224.436 226.326 0.022347
224.436 226.427 0.023227
224.436 226.529 0.021041
224.436 226.63 0.022449
224.436 226.731 0.022137
225.461 226.832 0.021092
225.461 226.935 0.020996
225.461 227.036 0.022754
225.461 227.137 0.022932
225.461 227.238 0.021198
225.461 227.339 0.022537
225.461 227.44 0.022949
225.461 227.542 0.021423
225.461 227.643 0.027182
225.461 227.744 0.022424
225.461 227.845 0.022974
226.481 227.946 0.021351
226.481 228.048 0.02278
226.481 228.149 0.023096
226.481 228.25 0.021111
226.481 228.351 0.021006
226.481 228.452 0.02315
226.481 228.554 0.022573
226.481 228.655 0.028745
226.481 228.76 0.02123
226.481 228.861 0.022837
226.481 228.963 0.022594
226.481 229.064 0.021561
227.52 229.166 0.022558
227.52 229.266 0.02289
227.52 229.367 0.020906
227.52 229.468 0.020935
227.52 229.569 0.022718
227.52 229.671 0.022312
227.52 229.772 0.020497
227.52 229.874 0.022832
227.52 229.975 0.023116
227.52 230.076 0.021174
228.54 230.177 0.02142
228.54 230.278 0.022536
228.54 230.379 0.023461
228.54 230.48 0.02105
228.54 230.582 0.023204
228.54 230.687 0.022918
228.54 230.788 0.022755
228.54 230.889 0.022078
228.54 230.99 0.02272
228.54 231.091 0.022686
228.54 231.192 0.020888
228.54 231.294 0.021604
229.562 231.395 0.022959
229.562 231.496 0.023093
229.562 231.597 0.021349
229.562 231.698 0.028913
229.562 231.799 0.023443
229.562 231.9 0.021065
229.562 232.002 0.020932
230.584 232.103 0.023058
230.584 232.204 0.022878
230.584 232.306 0.0213
230.584 232.407 0.022672
230.584 232.509 0.02313
230.584 232.61 0.02322
230.584 232.711 0.03045
230.584 232.812 0.022977
230.584 232.913 0.022191
230.584 233.014 0.020572
231.604 233.121 0.020613
231.604 233.222 0.022657
231.604 233.323 0.023253
231.604 233.424 0.02106
231.604 233.525 0.022352
231.604 233.627 0.022171
231.604 233.728 0.031828
231.604 233.829 0.021234
231.604 233.93 0.023372
231.604 234.031 0.023556
231.604 234.132 0.020574
232.624 234.234 0.020888
232.624 234.335 0.02241
232.624 234.436 0.022636
232.624 234.538 0.020445
232.624 234.639 0.022791
232.624 234.74 0.031478
232.624 234.841 0.021237
232.624 234.942 0.020408
232.624 235.043 0.022491
233.645 235.145 0.022797
233.645 235.246 0.020971
233.645 235.349 0.021171
233.645 235.45 0.0228
233.645 235.551 0.022884
233.645 235.652 0.021556
233.645 235.753 0.022691
233.645 235.853 0.023052
233.645 235.954 0.021213
233.645 236.055 0.02121
233.645 236.156 0.023061
233.645 236.257 0.023041
233.645 236.358 0.020968
233.645 236.461 0.020957
233.645 236.562 0.02309
233.645 236.663 0.022814
233.645 236.764 0.021215
233.645 236.867 0.020916
233.645 236.969 0.02265
233.645 237.07 0.022724
233.645 237.171 0.02127
233.645 237.272 0.022811
233.645 237.373 0.022785
233.645 237.474 0.020381
233.645 237.575 0.020313
233.645 237.676 0.022618
233.645 237.777 0.022994
233.645 237.878 0.021034
233.645 237.981 0.02071
233.645 238.082 0.023334
233.645 238.183 0.023578
233.645 238.285 0.0205
233.645 238.385 0.021835
233.645 238.487 0.02172
233.645 238.587 0.020332
233.645 238.688 0.020464
233.645 238.789 0.022682
233.645 238.89 0.022691
233.645 238.992 0.020984
233.645 239.093 0.022689
233.645 239.194 0.022536
233.645 239.295 0.02302
233.645 239.402 0.020842
233.645 239.505 0.020877
233.645 239.606 0.022357
233.645 239.707 0.022053
233.645 239.809 0.020623
233.645 239.91 0.022505
233.645 240.011 0.022993
233.645 240.112 0.021156
233.645 240.213 0.02283
233.645 240.314 0.022447
233.645 240.415 0.022959
233.645 240.516 0.021007
233.645 240.618 0.022563
233.645 240.719 0.023134
233.645 240.82 0.021169
233.645 240.923 0.021023
233.645 241.023 0.022537
233.645 241.124 0.022724
233.645 241.225 0.021124
233.645 241.326 0.023195
233.645 241.427 0.022902
233.645 241.528 0.020921
233.645 241.629 0.021156
233.645 241.73 0.02301
233.645 241.831 0.021833
233.645 241.936 0.021201
233.645 242.039 0.021268
233.645 242.14 0.022394
233.645 242.241 0.022598
233.645 242.342 0.020984
233.645 242.444 0.022522
233.645 242.546 0.022726
233.645 242.648 0.021019
233.645 242.75 0.020561
233.645 242.851 0.023126
233.645 242.952 0.023132
233.645 243.053 0.021845
233.645 243.154 0.023015
233.645 243.255 0.022864
233.645 243.356 0.021431
233.645 243.458 0.02121
234.666 243.559 0.022605
234.666 243.66 0.022262
234.666 243.761 0.021019
234.666 243.862 0.022755
234.666 243.963 0.022805
234.666 244.064 0.02058
234.666 244.165 0.020495
234.666 244.266 0.023063
234.666 244.367 0.0227
234.666 244.468 0.020852
234.666 244.572 0.02129
234.666 244.672 0.022963
234.666 244.773 0.022973
234.666 244.874 0.020416
234.666 244.975 0.021993
234.666 245.076 0.022173
234.666 245.177 0.020403
234.666 245.279 0.020955
234.666 245.38 0.022637
234.666 245.481 0.023286
234.666 245.582 0.020955
234.666 245.683 0.023032
234.666 245.784 0.022943
234.666 245.885 0.0207
234.666 245.986 0.021029
234.666 246.087 0.023123
234.666 246.188 0.022825
234.666 246.289 0.020623
234.666 246.39 0.023122
234.666 246.491 0.022786
234.666 246.592 0.020895
234.666 246.694 0.020819
234.666 246.795 0.022487
234.666 246.896 0.023499
234.666 246.997 0.02052
234.666 247.098 0.022974
234.666 247.199 0.022498
234.666 247.3 0.020789
234.666 247.401 0.021344
234.666 247.502 0.022903
234.666 247.603 0.022324
234.666 247.704 0.021461
234.666 247.805 0.02269
241.725 247.907 0.022645
241.725 248.008 0.021088
241.725 248.109 0.020991
241.725 248.21 0.022619
241.725 248.311 0.022931
241.725 248.412 0.020411
241.725 248.518 0.021049
241.725 248.619 0.023104
241.725 248.72 0.022579
241.725 248.821 0.020983
241.725 248.924 0.020925
241.725 249.025 0.022628
241.725 249.126 0.022907
241.725 249.233 0.021223
241.725 249.335 0.021449
241.725 249.436 0.022475
241.725 249.537 0.022693
241.725 249.638 0.021768
241.725 249.74 0.021476
241.725 249.841 0.023254
241.725 249.942 0.022602
241.725 250.043 0.021104
241.725 250.144 0.022271
241.725 250.245 0.022483
241.725 250.346 0.020562
241.725 250.448 0.021453
241.725 250.549 0.022795
241.725 250.65 0.022154
241.725 250.751 0.021072
241.725 250.852 0.022712
241.725 250.954 0.022431
241.725 251.055 0.020765
241.725 251.156 0.020988
241.725 251.258 0.022701
241.725 251.359 0.022534
241.725 251.46 0.020703
241.725 251.564 0.020804
241.725 251.665 0.022613
241.725 251.766 0.022359
241.725 251.867 0.021077
241.725 251.974 0.021121
241.725 252.075 0.022489
241.725 252.176 0.02274
241.725 252.277 0.020772
241.725 252.378 0.022038
241.725 252.482 0.022673
241.725 252.583 0.022259
241.725 252.684 0.020552
241.725 252.785 0.021937
241.725 252.886 0.022639
241.725 252.987 0.021439
241.725 253.089 0.02089
241.725 253.189 0.02308
241.725 253.291 0.022751
241.725 253.392 0.020878
241.725 253.493 0.023234
241.725 253.597 0.022475
241.725 253.698 0.023161
241.725 253.799 0.021187
241.725 253.901 0.022276
241.725 254.003 0.022212
241.725 254.105 0.021308
241.725 254.206 0.021262
241.725 254.307 0.022871
241.725 254.409 0.022871
241.725 254.51 0.021108
241.725 254.614 0.02084
241.725 254.715 0.023138
241.725 254.816 0.022941
241.725 254.918 0.02122
241.725 255.019 0.022478
247.159 255.12 0.022754
247.159 255.221 0.020702
247.159 255.322 0.021172
247.159 255.423 0.022838
247.159 255.524 0.022387
247.159 255.625 0.021771
247.159 255.728 0.020928
247.159 255.829 0.022454
247.159 255.931 0.022567
247.159 256.032 0.02138
247.159 256.133 0.022361
247.159 256.239 0.021949
247.159 256.34 0.021959
247.159 256.441 0.020341
247.159 256.542 0.022323
247.159 256.643 0.022664
247.159 256.744 0.020745
247.159 256.846 0.021037
247.159 256.948 0.022581
247.159 257.048 0.022187
247.159 257.15 0.021052
247.159 257.254 0.02136
247.159 257.364 0.021583
247.159 257.466 0.023166
247.159 257.567 0.022449
247.159 257.668 0.021215
247.159 257.773 0.02093
247.159 257.874 0.022973
247.159 257.975 0.022743
247.159 258.076 0.020868
247.159 258.182 0.022028
247.159 258.287 0.023224
247.159 258.388 0.022857
247.159 258.489 0.021033
247.159 258.593 0.021663
247.159 258.694 0.022648
247.159 258.795 0.022712
247.159 258.897 0.020912
247.159 259.001 0.020885
247.159 259.103 0.022987
247.159 259.204 0.022751
247.159 259.305 0.022213
247.159 259.411 0.021681
247.159 259.512 0.022517
247.159 259.613 0.022438
247.159 259.714 0.021495
247.159 259.815 0.023335
247.159 259.915 0.022777
247.159 260.016 0.021005
247.159 260.118 0.020867
247.159 260.219 0.022849
247.159 260.32 0.022331
247.159 260.421 0.021002
247.159 260.522 0.022932
247.159 260.623 0.031677
247.159 260.732 0.024067
247.159 260.837 0.021312
247.159 260.948 0.021071
247.159 261.047 0.023494
247.159 261.148 0.023084
247.159 261.25 0.021067
247.159 261.353 0.020803
247.159 261.453 0.022547
247.159 261.554 0.022268
247.159 261.655 0.022109
247.159 261.756 0.023506
253.912 261.857 0.023047
253.912 261.961 0.022552
253.912 262.061 0.021012
253.912 262.162 0.022415
253.912 262.264 0.022292
253.912 262.365 0.020364
253.912 262.466 0.02222
253.912 262.567 0.022151
253.912 262.668 0.02077
253.912 262.769 0.021154
253.912 262.87 0.022388
253.912 262.971 0.022495
253.912 263.072 0.02077
253.912 263.174 0.020493
253.912 263.275 0.022278
253.912 263.376 0.021828
253.912 263.477 0.0206
253.912 263.578 0.022963
253.912 263.68 0.022443
253.912 263.781 0.020479
253.912 263.882 0.021115
253.912 263.983 0.022228
253.912 264.084 0.022224
253.912 264.185 0.020909
253.912 265.035 0.02253
253.912 265.136 0.022904
253.912 265.237 0.020715
253.912 265.338 0.020903
253.912 265.44 0.023201
253.912 265.541 0.022821
253.912 265.642 0.021055
253.912 265.754 0.020996
253.912 265.855 0.023219
253.912 265.956 0.022615
253.912 266.058 0.021096
253.912 266.158 0.021443
253.912 266.259 0.022462
253.912 266.361 0.022727
253.912 266.462 0.021069
253.912 266.563 0.022826
253.912 266.664 0.022247
253.912 266.765 0.022288
253.912 266.867 0.02152
253.912 266.968 0.02337
253.912 267.073 0.02269
253.912 267.174 0.02114
253.912 267.275 0.030682
253.912 267.376 0.022861
253.912 267.477 0.02124
253.912 267.608 0.023303
253.912 267.729 0.021855
253.912 267.842 0.020918
253.912 267.943 0.022985
253.912 268.043 0.022952
253.912 268.145 0.022632
260.641 268.246 0.022355
260.641 268.347 0.022258
260.641 268.452 0.023009
260.641 268.553 0.020853
260.641 268.654 0.02249
260.641 268.755 0.022783
260.641 268.858 0.02291
260.641 268.963 0.02186
260.641 269.063 0.022542
260.641 269.178 0.022494
260.641 269.295 0.02134
260.641 269.395 0.022367
260.641 269.496 0.022882
260.641 269.599 0.020973
260.641 269.7 0.022498
260.641 269.801 0.023286
260.641 269.902 0.020676
267.305 270.003 0.020862
267.305 270.104 0.022751
267.305 270.205 0.022777
267.305 270.306 0.021496
267.305 270.407 0.022656
267.305 270.508 0.02311
267.305 270.609 0.020954
267.305 270.711 0.021185
267.305 270.812 0.022995
267.305 270.912 0.023155
267.305 271.014 0.021215
267.305 271.115 0.023417
267.305 271.216 0.023507
267.305 271.317 0.021253
267.305 271.418 0.021938
267.305 271.519 0.02304
267.305 271.621 0.021161
267.305 271.722 0.021607
267.305 271.823 0.023011
