110.903 1.57102 0.030599 1.40122 0.160087
112.506 0.234614 0.024637 0.094485 0.130923
113.553 0.194957 0.025526 0.087266 0.105088
114.593 0.17661 0.026817 0.067208 0.106827
115.624 0.162165 0.026829 0.059009 0.100514
116.653 0.163338 0.022739 0.055961 0.104818
117.708 0.173752 0.022373 0.059504 0.111497
118.732 0.172545 0.022383 0.063154 0.106808
119.755 0.164037 0.022378 0.058845 0.102605
120.779 0.160201 0.022168 0.059636 0.097998
121.802 0.166311 0.020743 0.064673 0.099026
122.868 0.284047 0.022689 0.067227 0.214244
123.892 0.263717 0.027251 0.069574 0.191521
124.921 0.275644 0.020397 0.065676 0.207288
125.943 0.275736 0.020667 0.0678 0.205206
126.965 1.25073 0.020868 0.064713 1.18336
128.397 3.78616 0.019508 0.063706 3.71978
132.204 0.250548 0.020818 0.059157 0.18878
133.225 0.258972 0.026299 0.070176 0.186057
134.253 0.250406 0.021112 0.056707 0.190999
135.278 0.245611 0.019621 0.060593 0.182413
136.298 0.235234 0.019794 0.059176 0.173268
137.319 6.28881 0.020419 0.057672 6.22845
143.63 5.75799 0.023677 0.078259 5.67712
149.413 8.80098 0.021727 0.085542 8.71283
158.237 8.088 0.019409 0.14138 7.94406
166.346 8.14822 0.082767 0.102647 8.04193
174.582 0.873543 0.019296 0.115154 0.755829
175.602 0.231793 0.02079 0.06105 0.168126
176.624 0.228453 0.019297 0.060891 0.16494
177.646 0.229369 0.019942 0.060039 0.166747
178.666 0.227321 0.019349 0.058577 0.166122
179.687 0.725595 0.021741 0.059174 0.663775
180.71 0.23566 0.019894 0.057668 0.175263
181.731 0.672886 0.022623 0.057669 0.612637
182.754 0.223296 0.019718 0.059409 0.161274
183.775 0.215607 0.021951 0.057055 0.155973
184.798 0.218014 0.020761 0.060531 0.154862
185.823 0.640947 0.022842 0.054924 0.58342
186.847 0.615199 0.019125 0.056253 0.556341
187.868 0.643369 0.019477 0.060718 0.580007
188.893 0.199959 0.037238 0.055471 0.141866
189.931 0.211274 0.023154 0.058711 0.149802
190.955 0.202421 0.027774 0.056084 0.143542
191.984 4.80912 0.02121 0.057573 4.74898
196.815 0.138721 0.018838 0.058978 0.077149
197.835 0.143382 0.023846 0.055764 0.084976
198.86 0.139529 0.019057 0.053789 0.083145
199.88 0.134744 0.019937 0.056635 0.075458
200.901 0.135078 0.024169 0.054744 0.077675
201.957 0.134089 0.019948 0.056738 0.074792
202.977 0.134899 0.021191 0.056791 0.07536
204 0.136828 0.020071 0.055671 0.078537
205.021 0.139438 0.019771 0.058862 0.077994
206.042 0.135213 0.02105 0.057398 0.07518
207.067 0.137789 0.018915 0.058336 0.076827
208.09 0.13848 0.020221 0.057109 0.078765
209.111 0.140247 0.018761 0.058457 0.079216
210.131 0.137855 0.018937 0.057083 0.078186
211.151 0.134857 0.021072 0.055876 0.076433
212.174 0.137034 0.018905 0.054909 0.079568
213.196 0.136005 0.019084 0.058757 0.074581
214.216 0.134262 0.027584 0.057048 0.074641
215.245 0.136789 0.018712 0.055986 0.07808
216.264 0.134897 0.020348 0.056629 0.075708
217.286 0.134575 0.018611 0.054803 0.077236
218.305 0.134405 0.021073 0.055423 0.076383
219.328 0.12692 0.019336 0.047102 0.077255
220.348 0.135218 0.020507 0.054474 0.078173
221.37 0.137771 0.021683 0.05642 0.07873
222.392 0.129432 0.020716 0.043633 0.083247
223.414 0.136573 0.020977 0.056102 0.077487
224.436 0.135544 0.023298 0.054361 0.07854
225.461 0.13542 0.019105 0.054988 0.077889
226.481 0.133201 0.021141 0.054764 0.075853
227.52 0.134983 0.019008 0.055514 0.076869
228.54 0.133912 0.020674 0.057466 0.073893
229.562 0.134487 0.02086 0.055463 0.076461
230.584 0.133953 0.018862 0.055881 0.075447
231.604 0.138278 0.019083 0.056187 0.079499
232.624 0.135568 0.018845 0.056406 0.076563
233.645 0.168156 0.018965 0.05359 0.112003
234.666 7.03795 0.019826 0.057859 6.97751
241.725 5.41419 0.018355 0.119693 5.29191
247.159 6.73234 0.018413 0.058523 6.67118
253.912 6.71012 0.0182 0.098375 6.60917
260.641 6.64272 0.019793 0.114402 6.52577
267.305 0.282666 0.019871 0.097469 0.182578
268.344 6.6537 0.022918 0.054619 6.59641
275.022 0.683947 0.020152 0.077916 0.603421
276.051 0.30684 0.019066 0.05695 0.247321
277.073 0.530835 0.019836 0.058785 0.469473
278.096 0.846277 0.018531 0.052135 0.791541
279.117 0.819225 0.01903 0.060034 0.756531
280.137 7.22259 0.018092 0.058982 7.161
287.379 0.762505 0.017922 0.111829 0.648106
288.399 0.77857 0.018988 0.060251 0.715679
289.42 0.799078 0.019409 0.056151 0.740322
290.45 7.47553 0.021515 0.057222 7.41556
297.948 8.37906 0.01813 0.115605 8.26086
306.347 7.73216 0.018922 0.084907 7.64465
314.099 0.752852 0.018381 0.093248 0.657031
315.119 4.74729 0.019003 0.055932 4.68876
319.886 0.779844 0.018184 0.05422 0.723051
320.905 5.05107 0.018701 0.053956 4.9945
325.976 7.30825 0.018104 0.056164 7.2495
333.304 5.94224 0.019107 0.091565 5.84803
339.267 0.83025 0.018484 0.085506 0.74204
340.286 0.714576 0.018428 0.058387 0.653614
341.316 0.717144 0.019322 0.058718 0.655821
342.336 0.93598 0.018566 0.055354 0.878007
343.369 6.45297 0.019582 0.055279 6.39514
349.843 6.07 0.019443 0.059084 6.00833
355.933 4.67794 0.018006 0.066964 4.60838
360.631 6.05878 0.018879 0.059701 5.9964
366.709 7.175 0.018797 0.109933 7.06242
373.904 0.220784 0.018952 0.118038 0.100089
374.937 3.98068 0.018831 0.060945 3.91718
378.938 6.69482 0.018841 0.054756 6.6375
385.653 1.54015 0.018507 0.07651 1.46104
387.213 4.72097 0.020197 0.055739 4.66265
391.955 7.15335 0.019706 0.055413 7.09535
399.129 4.77829 0.021093 0.104947 4.67076
403.929 0.948862 0.019365 0.055308 0.890988
404.95 0.770032 0.019387 0.049102 0.718159
405.97 0.182901 0.019501 0.055712 0.124541
406.991 0.192842 0.018221 0.053237 0.136937
408.01 0.195231 0.019592 0.057068 0.1355
409.031 0.181489 0.019795 0.054701 0.12402
410.052 0.861048 0.01831 0.054449 0.803967
411.072 0.174905 0.019296 0.054039 0.118285
412.092 0.182459 0.020358 0.053954 0.125933
413.114 0.175052 0.019502 0.057069 0.115371
414.134 0.170661 0.021093 0.056299 0.111783
415.157 0.173653 0.018625 0.058125 0.11287
416.176 0.168485 0.020852 0.054777 0.111124
417.201 0.165444 0.017866 0.054618 0.108219
418.22 0.171113 0.017963 0.056441 0.112076
419.239 0.170408 0.020121 0.055137 0.112466
420.261 0.179947 0.021009 0.057338 0.120024
421.283 0.194701 0.022533 0.057349 0.134114
422.307 0.196878 0.021925 0.059275 0.134899
423.33 0.190892 0.02033 0.05912 0.128961
424.351 0.193195 0.02558 0.062469 0.127368
425.378 0.186363 0.021838 0.060292 0.123183
426.401 0.192622 0.019275 0.056126 0.133496
427.421 0.195867 0.021897 0.05891 0.133616
428.446 0.194476 0.03221 0.056222 0.135653
429.479 0.190526 0.027699 0.057171 0.130338
430.508 0.199859 0.024884 0.059691 0.137007
431.534 0.184681 0.022575 0.054894 0.126129
432.558 0.198333 0.018572 0.060751 0.134617
433.578 0.177869 0.019959 0.056108 0.119114
434.599 0.172626 0.047278 0.049927 0.120108
435.65 0.17628 0.023752 0.055701 0.117498
436.675 0.182262 0.023086 0.057168 0.122464
437.699 0.177425 0.022987 0.057669 0.117163
438.723 0.197223 0.022242 0.061261 0.133073
439.747 0.191025 0.019397 0.056993 0.131456
440.767 0.179023 0.018629 0.053341 0.12293
441.787 0.184324 0.02308 0.057586 0.123344
442.811 0.798761 0.018551 0.055828 0.740295
443.831 5.65668 0.028248 0.055108 5.59893
449.517 8.14223 0.020877 0.058143 8.08146
457.681 5.71293 0.024177 0.143641 5.56672
463.419 3.51113 0.023301 0.060468 3.44797
466.955 3.72463 0.022884 0.052354 3.66967
470.703 7.15724 0.018411 0.055596 7.09905
477.88 5.87008 0.019047 0.099313 5.76809
483.772 1.57286 0.019961 0.067397 1.50285
485.365 9.82736 0.029724 0.056303 9.76828
495.224 0.834326 0.018487 0.147538 0.684211
496.243 5.85235 0.019211 0.056686 5.79308
502.116 0.156533 0.018034 0.056518 0.097342
503.136 0.184308 0.018192 0.05844 0.123204
504.155 0.181803 0.022206 0.056121 0.122063
505.18 0.180831 0.023961 0.053997 0.122053
506.206 0.17189 0.020192 0.057271 0.111853
507.231 0.170693 0.027997 0.059993 0.108088
508.26 0.180514 0.022792 0.063474 0.113464
509.284 0.180009 0.019904 0.057125 0.120005
510.306 0.179906 0.024678 0.06215 0.115089
511.334 0.164586 0.018038 0.055974 0.106048
512.355 0.17417 0.021177 0.055565 0.115275
513.383 0.183232 0.026079 0.060773 0.118057
514.411 0.164618 0.02012 0.055941 0.106091
515.432 0.16087 0.018963 0.055779 0.102433
516.455 0.156001 0.020879 0.054606 0.098781
517.477 0.158642 0.022672 0.055429 0.100607
518.501 0.1679 0.020127 0.05866 0.106374
519.522 0.173811