595.311 597.114 1.23144
597.114 598.347 0.927685
598.138 599.276 1.07149
599.164 600.349 1.41273
600.188 601.763 1.15338
601.224 602.92 1.03926
602.248 603.96 1.04673
603.272 605.008 0.899922
604.299 605.909 0.730023
605.334 606.642 0.921466
606.358 607.586 1.15702
607.382 608.744 1.18695
608.404 609.932 1.51582
609.429 611.448 0.569578
610.454 612.019 0.967686
611.481 612.988 1.21371
612.698 614.203 1.15716
613.732 615.361 1.25535
614.753 616.617 0.978979
615.788 617.604 1.43944
616.813 619.045 0.857246
617.836 619.904 0.687879
618.857 625.435 0.886586
625.435 631.403 0.745423
631.403 639.974 1.34002
639.973 647.867 1.085
647.866 648.957 0.723903
648.895 649.682 0.707739
649.919 650.391 0.508886
650.941 651.094 1.15509
651.965 652.25 0.828523
652.988 653.148 0.846749
654.01 654.166 0.640957
655.032 655.187 0.811405
656.054 656.207 0.633992
657.076 657.222 1.14386
658.096 658.367 0.836509
659.12 659.295 0.706281
660.149 660.303 0.769395
661.171 661.316 0.636238
662.193 662.343 0.652015
663.214 663.365 0.680786
664.236 664.388 1.49426
665.259 665.903 0.901718
666.282 666.806 0.628816
667.305 667.474 1.24804
668.327 668.723 0.910282
669.35 669.634 0.838485
670.372 670.532 0.794599
671.395 671.545 0.998095
672.417 672.573 1.22039
673.438 673.794 0.687301
674.46 674.61 1.15468
675.482 675.765 1.02112
676.503 676.787 0.92322
677.525 677.713 0.836498
678.548 678.7 1.01276
679.57 679.733 0.996706
680.591 680.753 0.547779
681.613 681.766 0.778132
682.636 682.788 0.786074
683.658 683.812 0.57846
684.68 684.831 1.22994
685.702 686.062 0.934744
686.726 687.001 0.885524
687.747 687.909 0.778884
688.769 688.917 0.525002
689.791 689.941 1.03186
690.812 690.977 0.950701
691.832 691.997 0.817371
692.857 693.014 1.1914
693.88 694.207 0.805948
694.903 695.062 1.08062
695.925 696.144 0.941856
696.946 697.106 1.02069
697.969 698.128 1.14327
698.992 699.273 0.949129
700.013 700.223 1.13123
701.035 701.355 0.623224
702.057 702.207 0.976609
703.081 703.235 1.03667
704.103 704.272 0.7427
705.126 705.271 1.56469
706.149 706.837 0.680749
707.17 713.791 1.04417
713.79 714.836 0.912774
714.813 715.75 0.761995
715.834 716.513 1.63072
716.856 718.145 0.734745
717.877 718.88 0.679832
718.899 719.561 1.36634
719.932 720.929 0.833744
720.954 721.763 0.929911
721.983 722.702 0.747351
723.01 723.451 0.942287
724.032 724.394 0.814316
725.054 725.219 1.07491
726.077 726.295 0.919307
727.101 727.261 0.982149
728.122 728.284 1.67588
729.143 729.961 1.00449
730.164 730.966 1.23548
731.185 732.202 1.01883
732.207 733.222 0.902618
733.229 734.126 0.718801
734.253 734.846 0.86854
735.274 735.716 0.959001
736.295 736.675 0.984869
737.318 737.661 0.801855
738.34 738.504 1.25778
739.363 739.764 1.32829
740.387 741.093 0.97191
741.41 742.066 1.13124
742.432 743.198 0.951073
743.455 744.151 0.640914
744.478 744.792 1.04257
745.5 745.836 0.896656
746.521 746.734 0.737862
747.548 747.697 0.977694
748.57 748.731 0.533591
749.593 749.743 1.07211
750.616 750.816 0.696083
751.638 751.786 0.663535
752.661 752.809 1.08406
753.683 753.896 0.827941
754.705 754.854 1.5729
755.728 756.428 0.848934
756.749 757.278 1.49695
757.771 758.776 0.758175
758.793 759.535 1.15442
759.814 760.691 1.41458
760.835 762.107 0.9206
761.856 763.029 1.19978
762.877 764.23 0.89269
763.903 765.124 0.76486
764.925 765.889 0.715993
765.946 766.607 0.665676
766.968 767.273 0.814144
767.99 768.146 1.48065
769.011 769.627 0.723051
770.034 770.351 1.34306
771.054 771.696 0.825762
772.075 772.522 0.930034
773.095 773.453 1.45797
774.117 774.912 1.04051
775.138 775.954 1.64948
776.161 777.604 0.611003
777.182 778.217 1.33031
778.204 779.548 1.29728
779.226 780.846 0.711145
780.247 781.558 0.824169
781.268 782.39 1.39442
782.289 783.786 0.929396
783.312 784.716 0.970167
784.335 785.689 0.457922
785.357 786.148 0.828969
786.379 786.978 1.06025
787.4 788.039 0.789581
788.423 788.831 1.06685
789.444 789.898 0.866197
790.468 790.766 0.681032
791.49 791.642 0.720386
792.516 792.664 0.874115
793.538 793.678 0.539532
794.559 794.702 1.02177
795.58 795.74 1.3641
796.602 797.105 0.767595
797.623 797.874 1.36967
798.644 799.244 1.07175
799.667 800.317 0.687061
800.692 801.005 1.08585
801.713 802.092 0.664698
802.737 802.885 0.539801
803.759 803.907 0.808361
804.784 804.93 1.28813
805.805 806.219 0.70602
806.828 806.985 1.182
807.85 808.168 1.09228
808.872 809.261 0.94648
809.895 810.209 0.623117
810.917 811.06 1.25401
811.939 812.315 0.475652
812.962 813.105 0.634466
813.983 814.125 1.30669
815.006 815.435 1.12579
816.027 816.561 1.14528
817.048 817.708 0.668246
818.071 818.377 0.868407
819.091 819.247 1.06566
820.112 820.314 0.830907
821.133 821.276 1.21263
822.156 822.49 1.04318
823.179 823.536 0.888874
824.201 824.426 0.652421
825.221 825.367 0.503902
826.242 826.384 0.853473
827.264 827.403 1.81461
828.284 829.218 0.890099
829.306 830.109 0.843235
830.328 830.954 0.811989
