598.138 601.648 0.038534
598.138 601.69 0.035143
599.164 601.791 0.030417
599.164 601.893 0.028533
599.164 601.994 0.028867
599.164 602.097 0.029166
599.164 602.209 0.029021
599.164 602.31 0.027071
599.164 602.419 0.025796
599.164 602.533 0.025993
599.164 602.634 0.025879
599.164 602.736 0.024329
599.164 602.837 0.025802
600.188 602.938 0.025812
600.188 603.039 0.024497
600.188 603.14 0.022588
600.188 603.25 0.023104
600.188 603.351 0.025106
600.188 603.452 0.024367
600.188 603.553 0.022337
600.188 603.655 0.022478
600.188 603.756 0.024539
600.188 603.857 0.024021
600.188 603.958 0.022919
601.224 604.059 0.022335
601.224 604.16 0.024627
601.224 604.261 0.023567
601.224 604.362 0.022614
601.224 604.465 0.023371
601.224 604.567 0.023797
601.224 604.669 0.023856
601.224 604.77 0.022623
601.224 604.871 0.024464
601.224 604.972 0.024214
602.248 605.073 0.02377
602.248 605.174 0.021735
602.248 605.275 0.023022
602.248 605.376 0.023544
602.248 605.477 0.03268
602.248 605.578 0.023771
602.248 605.679 0.025149
602.248 605.78 0.02365
602.248 605.881 0.022134
603.272 605.982 0.02333
603.272 606.084 0.023843
603.272 606.185 0.023537
603.272 606.286 0.022258
603.272 606.387 0.022887
603.272 606.488 0.031257
603.272 606.602 0.024415
604.299 606.703 0.023951
604.299 606.804 0.022334
604.299 606.905 0.023456
604.299 607.006 0.023518
604.299 607.107 0.022232
604.299 607.208 0.022231
604.299 607.309 0.022704
604.299 607.41 0.02386
604.299 607.518 0.023516
605.334 607.619 0.022209
605.334 607.72 0.022863
605.334 607.821 0.023054
605.334 607.922 0.021984
605.334 608.024 0.022125
605.334 608.125 0.023837
605.334 608.226 0.023337
605.334 608.327 0.022052
605.334 608.428 0.022548
605.334 608.529 0.022608
605.334 608.63 0.031611
605.334 608.731 0.022757
606.358 608.832 0.023476
606.358 608.933 0.024037
606.358 609.035 0.023141
606.358 609.136 0.023159
606.358 609.237 0.023557
606.358 609.338 0.023449
606.358 609.439 0.022552
606.358 609.542 0.029008
606.358 609.643 0.031437
606.358 609.744 0.025079
606.358 609.852 0.024012
607.382 609.953 0.021737
607.382 610.054 0.024032
607.382 610.155 0.02428
607.382 610.256 0.023573
607.382 610.357 0.021962
607.382 610.458 0.024024
607.382 610.559 0.029921
607.382 610.66 0.021715
607.382 610.762 0.021844
607.382 610.863 0.023432
607.382 610.964 0.023145
607.382 611.065 0.022244
607.382 611.166 0.023416
607.382 611.267 0.02408
607.382 611.368 0.021623
608.404 611.469 0.021792
608.404 611.57 0.030789
608.404 611.671 0.02458
608.404 611.772 0.022026
608.404 611.873 0.02322
608.404 611.974 0.023944
609.429 612.075 0.023434
609.429 612.176 0.02191
609.429 612.277 0.023256
609.429 612.378 0.023024
609.429 612.479 0.022306
609.429 612.581 0.022418
609.429 612.682 0.023703
609.429 612.783 0.02858
609.429 612.892 0.023415
610.454 612.992 0.022047
610.454 613.093 0.023248
610.454 613.194 0.029959
610.454 613.295 0.021859
610.454 613.397 0.022086
610.454 613.498 0.023458
610.454 613.599 0.02388
610.454 613.7 0.021904
610.454 613.801 0.025154
610.454 613.904 0.023585
610.454 614.006 0.023607
610.454 614.108 0.022308
611.481 614.208 0.024546
611.481 614.309 0.023544
611.481 614.41 0.022351
611.481 614.511 0.022502
611.481 614.612 0.023905
611.481 614.713 0.023539
611.481 614.815 0.021871
611.481 614.918 0.022175
611.481 615.019 0.023761
611.481 615.12 0.023533
611.481 615.221 0.021837
611.481 615.322 0.023642
612.698 615.423 0.02358
612.698 615.524 0.021407
612.698 615.625 0.022011
612.698 615.726 0.023765
612.698 615.827 0.023497
612.698 615.928 0.021894
612.698 616.03 0.02267
612.698 616.135 0.023665
612.698 616.252 0.023888
612.698 616.355 0.023488
612.698 616.456 0.023076
612.698 616.557 0.022269
613.732 616.658 0.02359
613.732 616.759 0.023773
613.732 616.859 0.021961
613.732 616.962 0.02269
613.732 617.073 0.022407
613.732 617.175 0.023819
613.732 617.276 0.023043
613.732 617.377 0.022617
613.732 617.478 0.023523
613.732 617.58 0.02459
614.753 617.681 0.022321
614.753 617.783 0.022211
614.753 617.884 0.023763
614.753 617.985 0.024362
614.753 618.086 0.022502
614.753 618.187 0.023438
614.753 618.288 0.023098
614.753 618.389 0.021933
614.753 618.491 0.021782
614.753 618.592 0.023578
614.753 618.693 0.023344
614.753 618.794 0.021786
614.753 618.895 0.023821
614.753 618.996 0.023395
615.788 619.098 0.021916
615.788 619.199 0.022011
615.788 619.3 0.02323
615.788 619.401 0.023514
615.788 619.502 0.021299
615.788 619.603 0.023186
615.788 619.704 0.022855
615.788 619.806 0.021843
616.813 619.906 0.022279
616.813 620.007 0.022824
616.813 620.108 0.023229
616.813 620.209 0.02274
616.813 620.31 0.023989
616.813 620.411 0.022535
616.813 620.512 0.021343
617.836 620.614 0.022118
617.836 620.715 0.023134
617.836 620.816 0.022973
617.836 620.917 0.022035
617.836 621.018 0.023263
617.836 621.119 0.024059
617.836 621.22 0.024523
617.836 621.321 0.022968
617.836 621.422 0.024803
617.836 621.523 0.023774
617.836 621.624 0.022194
617.836 621.726 0.021613
617.836 621.827 0.024411
617.836 621.928 0.023866
617.836 622.029 0.022599
617.836 622.132 0.022808
617.836 622.233 0.024309
617.836 622.334 0.024164
617.836 622.436 0.021634
617.836 622.553 0.021873
617.836 622.654 0.021933
617.836 622.755 0.024005
617.836 622.856 0.023726
617.836 622.969 0.02378
617.836 623.07 0.021831
617.836 623.171 0.022434
617.836 623.273 0.023205
617.836 623.374 0.023573
617.836 623.475 0.021461
617.836 623.575 0.023436
617.836 623.676 0.025042
617.836 623.777 0.022606
617.836 623.878 0.022361
617.836 623.979 0.023516
617.836 624.081 0.023575
617.836 624.186 0.021803
617.836 624.287 0.021547
617.836 624.388 0.023156
617.836 624.489 0.023722
617.836 624.59 0.021974
617.836 624.691 0.023958
617.836 624.792 0.024042
617.836 624.893 0.022934
617.836 624.994 0.022427
617.836 625.095 0.023658
617.836 625.196 0.02402
617.836 625.297 0.022106
617.836 625.398 0.031142
617.836 625.499 0.02375
617.836 625.608 0.024066
617.836 625.709 0.022
617.836 625.811 0.0216
617.836 625.912 0.023784
617.836 626.014 0.024265
617.836 626.115 0.022259
617.836 626.217 0.022692
617.836 626.318 0.023291
618.857 626.419 0.023244
618.857 626.52 0.02252
618.857 626.621 0.023233
618.857 626.724 0.023475
618.857 626.825 0.023269
618.857 626.926 0.022
618.857 627.027 0.022997
618.857 627.128 0.023386
618.857 627.229 0.023835
618.857 627.33 0.022248
618.857 627.431 0.023259
618.857 627.531 0.023158
618.857 627.632 0.022214
618.857 627.733 0.02193
618.857 627.834 0.023429
618.857 627.935 0.023359
618.857 628.036 0.022228
618.857 628.138 0.021742
618.857 628.239 0.022836
618.857 628.34 0.022688
618.857 628.441 0.021551
618.857 628.543 0.021413
618.857 628.644 0.022929
618.857 628.745 0.022884
618.857 628.846 0.021485
618.857 628.949 0.021384
618.857 629.05 0.023054
618.857 629.151 0.022826
618.857 629.252 0.020974
618.857 629.354 0.0218
618.857 629.456 0.022872
618.857 629.557 0.022728
618.857 629.657 0.021114
618.857 629.758 0.023007
618.857 629.859 0.023226
618.857 629.96 0.022568
618.857 630.061 0.021606
618.857 630.162 0.022897
618.857 630.263 0.022895
618.857 630.365 0.021067
618.857 630.466 0.02137
618.857 630.566 0.023953
618.857 630.668 0.023243
618.857 630.769 0.022034
618.857 630.87 0.02145
618.857 630.971 0.023269
618.857 631.08 0.023079
618.857 631.181 0.022571
618.857 631.301 0.023036
618.857 631.403 0.022957
618.857 631.504 0.021058
618.857 631.605 0.021784
618.857 631.706 0.023251
618.857 631.807 0.022416
618.857 631.909 0.021585
618.857 632.009 0.02177
618.857 632.111 0.022433
625.435 632.212 0.023318
625.435 632.313 0.021693
625.435 632.413 0.021568
625.435 632.514 0.0232
625.435 632.615 0.023374
625.435 632.72 0.021694
625.435 632.821 0.021446
625.435 632.922 0.024277
625.435 633.023 0.023109
625.435 633.124 0.023303
625.435 633.225 0.02178
625.435 633.326 0.023267
625.435 633.427 0.023908
625.435 633.528 0.023173
625.435 633.629 0.021698
625.435 633.73 0.023149
625.435 633.831 0.023092
625.435 633.932 0.023016
625.435 634.033 0.021454
625.435 634.134 0.023392
625.435 634.235 0.023003
625.435 634.336 0.022888
625.435 634.437 0.021516
625.435 634.539 0.021867
625.435 634.64 0.023042
625.435 634.741 0.022173
625.435 634.842 0.020944
625.435 634.943 0.021335
625.435 635.044 0.02303
625.435 635.145 0.023591
625.435 635.246 0.02119
625.435 635.347 0.022222
625.435 635.448 0.023712
625.435 635.549 0.02328
625.435 635.65 0.02188
625.435 635.751 0.02189
625.435 635.852 0.022846
625.435 635.953 0.022652
625.435 636.054 0.022428
625.435 636.155 0.021555
625.435 636.256 0.022851
625.435 636.357 0.023188
625.435 636.458 0.021892
625.435 636.559 0.022432
625.435 636.66 0.022763
625.435 636.761 0.022764
625.435 636.862 0.021162
625.435 636.963 0.021219
625.435 637.064 0.022466
625.435 637.165 0.02272
625.435 637.266 0.020918
625.435 637.367 0.021336
625.435 637.468 0.023242
625.435 637.569 0.023118
625.435 637.67 0.021674
625.435 637.771 0.022466
625.435 637.873 0.024428
625.435 637.974 0.023104
625.435 638.075 0.021465
625.435 638.176 0.021573
625.435 638.277 0.02318
625.435 638.378 0.023251
625.435 638.479 0.021427
625.435 638.58 0.021457
625.435 638.681 0.022948
625.435 638.782 0.02259
625.435 638.883 0.021943
625.435 638.984 0.020985
625.435 639.085 0.022818
625.435 639.186 0.023091
625.435 639.288 0.021663
625.435 639.389 0.020921
625.435 639.49 0.023106
625.435 639.591 0.023274
625.435 639.692 0.021174
625.435 639.793 0.021322
625.435 639.894 0.023093
625.435 640.002 0.025515
625.435 640.104 0.03087
625.435 640.226 0.022761
625.435 640.327 0.021914
625.435 640.428 0.021292
625.435 640.529 0.02111
625.435 640.633 0.023947
625.435 640.734 0.022516
625.435 640.835 0.020864
625.435 640.936 0.021375
625.435 641.037 0.021983
625.435 641.138 0.022476
625.435 641.239 0.022999
631.403 641.34 0.02153
631.403 641.441 0.023423
631.403 641.542 0.022513
631.403 641.643 0.022732
631.403 641.744 0.021805
631.403 641.845 0.023079
631.403 641.946 0.022758
631.403 642.047 0.022789
631.403 642.148 0.021836
631.403 642.25 0.021106
631.403 642.352 0.02345
631.403 642.453 0.02297
631.403 642.554 0.021311
631.403 642.655 0.021444
631.403 642.756 0.022286
631.403 642.857 0.023063
631.403 642.959 0.021331
631.403 643.06 0.021336
631.403 643.161 0.023011
631.403 643.262 0.02248
631.403 643.363 0.023592
631.403 643.464 0.021538
631.403 643.567 0.021089
631.403 643.668 0.0225
631.403 643.77 0.022524
631.403 643.871 0.021359
631.403 643.972 0.0215
631.403 644.073 0.022535
631.403 644.174 0.023492
631.403 644.275 0.022672
631.403 644.377 0.021791
631.403 644.478 0.023015
631.403 644.579 0.022914
631.403 644.68 0.023144
631.403 644.781 0.022346
631.403 644.883 0.021623
631.403 644.984 0.023283
631.403 645.085 0.023102
631.403 645.186 0.021856
631.403 645.287 0.021837
631.403 645.388 0.02258
631.403 645.489 0.022971
631.403 645.59 0.021701
631.403 645.691 0.021532
631.403 645.792 0.022915
631.403 645.893 0.0233
631.403 645.994 0.021742
631.403 646.095 0.021855
631.403 646.196 0.024888
631.403 646.297 0.023693
631.403 646.398 0.021715
631.403 646.499 0.021816
631.403 646.6 0.02333
631.403 646.701 0.023452
631.403 646.802 0.021438
631.403 646.904 0.021679
631.403 647.005 0.022886
631.403 647.106 0.023213
631.403 647.207 0.022021
631.403 647.308 0.024497
631.403 647.409 0.024384
631.403 647.51 0.022867
631.403 647.611 0.022142
631.403 647.713 0.022023
631.403 647.814 0.023571
631.403 647.915 0.022776
631.403 648.023 0.022722
631.403 648.124 0.021611
631.403 648.225 0.022195
631.403 648.326 0.023191
631.403 648.427 0.023276
631.403 648.528 0.02236
631.403 648.629 0.021058
631.403 648.73 0.022441
631.403 648.831 0.023388
631.403 648.932 0.023703
639.973 649.033 0.031798
639.973 649.135 0.023078
639.973 649.236 0.023599
639.973 649.337 0.023065
639.973 649.438 0.021517
639.973 649.539 0.021429
639.973 649.64 0.02276
647.866 649.741 0.023127
647.866 649.842 0.021657
647.866 649.953 0.021307
647.866 650.07 0.023262
647.866 650.173 0.023086
647.866 650.275 0.021908
647.866 650.376 0.023157
648.895 650.477 0.022714
648.895 650.578 0.023227
648.895 650.679 0.021912
648.895 650.78 0.021342
648.895 650.882 0.022386
649.919 650.987 0.023256
649.919 651.088 0.023347
649.919 651.189 0.021397
649.919 651.29 0.022271
649.919 651.391 0.022733
649.919 651.494 0.022817
649.919 651.594 0.023066
649.919 651.695 0.021989
649.919 651.796 0.02321
649.919 651.898 0.023278
649.919 652 0.023022
649.919 652.101 0.030934
649.919 652.205 0.021923
650.941 652.305 0.023933
650.941 652.406 0.023599
650.941 652.507 0.02301
650.941 652.608 0.021503
650.941 652.709 0.023338
650.941 652.81 0.02301
650.941 652.911 0.021492
650.941 653.02 0.02175
651.965 653.121 0.028568
651.965 653.222 0.022827
651.965 653.323 0.022736
651.965 653.423 0.023105
651.965 653.524 0.021833
651.965 653.627 0.021626
651.965 653.728 0.023208
651.965 653.828 0.023009
651.965 653.93 0.02185
652.988 654.031 0.021601
652.988 654.132 0.030365
652.988 654.233 0.022583
652.988 654.334 0.022995
652.988 654.435 0.02157
652.988 654.538 0.021123
652.988 654.639 0.02363
652.988 654.74 0.023636
654.01 654.841 0.02176
654.01 654.942 0.022414
654.01 655.043 0.023074
654.01 655.144 0.031494
654.01 655.245 0.021657
654.01 655.346 0.021366
654.01 655.447 0.023691
654.01 655.548 0.023829
654.01 655.649 0.020942
654.01 655.75 0.020993
654.01 655.851 0.022782
654.01 655.952 0.022986
655.032 656.053 0.023596
655.032 656.156 0.022103
655.032 656.257 0.022283
655.032 656.358 0.022978
655.032 656.459 0.025144
655.032 656.56 0.022664
655.032 656.661 0.022553
655.032 656.762 0.022855
656.054 656.863 0.022831
656.054 656.964 0.021343
656.054 657.065 0.021784
656.054 657.171 0.021713
656.054 657.272 0.023681
656.054 657.373 0.023175
656.054 657.474 0.021515
656.054 657.575 0.022242
656.054 657.676 0.022651
656.054 657.777 0.023726
656.054 657.878 0.023593
656.054 657.979 0.021429
656.054 658.08 0.023195
656.054 658.181 0.031254
656.054 658.282 0.023933
657.076 658.383 0.021549
657.076 658.483 0.023382
657.076 658.584 0.022902
657.076 658.685 0.023277
657.076 658.786 0.021623
657.076 658.887 0.023235
657.076 658.989 0.022822
657.076 659.09 0.022608
657.076 659.191 0.023179
658.096 659.295 0.021325
658.096 659.396 0.02323
658.096 659.497 0.023367
658.096 659.598 0.023266
658.096 659.699 0.022071
658.096 659.801 0.021353
658.096 659.904 0.022371
659.12 660.005 0.023628
659.12 660.106 0.02379
659.12 660.207 0.022884
659.12 660.308 0.02277
659.12 660.409 0.023456
659.12 660.51 0.023409
659.12 660.61 0.021994
659.12 660.713 0.021423
659.12 660.813 0.022677
659.12 660.914 0.02384
659.12 661.015 0.021954
660.149 661.117 0.021872
660.149 661.219 0.025166
660.149 661.32 0.023516
660.149 661.421 0.022982
660.149 661.522 0.022156
660.149 661.625 0.022441
660.149 661.726 0.023372
660.149 661.827 0.023317
660.149 661.928 0.021817
661.171 662.029 0.021628
661.171 662.13 0.023638
661.171 662.231 0.023337
661.171 662.333 0.023105
661.171 662.437 0.021471
661.171 662.538 0.022198
661.171 662.64 0.023373
661.171 662.741 0.023588
661.171 662.842 0.023477
661.171 662.942 0.021382
662.193 663.043 0.023868
662.193 663.144 0.024783
662.193 663.245 0.02306
662.193 663.351 0.023013
662.193 663.454 0.021488
662.193 663.556 0.021613
662.193 663.657 0.023594
662.193 663.758 0.02327
662.193 663.859 0.021804
662.193 663.96 0.021979
663.214 664.061 0.023651
663.214 664.162 0.023411
663.214 664.263 0.022898
663.214 664.364 0.029094
663.214 664.465 0.022924
663.214 664.566 0.022925
663.214 664.666 0.023719
663.214 664.767 0.021503
663.214 664.868 0.021776
663.214 664.969 0.022527
663.214 665.07 0.022739
663.214 665.171 0.02334
663.214 665.272 0.0218
663.214 665.373 0.022719
663.214 665.474 0.022821
663.214 665.575 0.022916
663.214 665.676 0.021266
663.214 665.778 0.021222
663.214 665.879 0.023084
664.236 665.98 0.022702
664.236 666.081 0.021565
664.236 666.184 0.021389
664.236 666.285 0.023046
664.236 666.387 0.029297
664.236 666.487 0.022834
664.236 666.588 0.021873
664.236 666.69 0.021656
664.236 666.791 0.023469
665.259 666.892 0.023394
665.259 666.993 0.023248
665.259 667.094 0.021032
665.259 667.195 0.023511
665.259 667.296 0.023094
665.259 667.397 0.0292
666.282 667.498 0.021594
666.282 667.6 0.022008
666.282 667.701 0.022899
666.282 667.802 0.023089
666.282 667.903 0.021655
666.282 668.004 0.021682
666.282 668.105 0.023292
666.282 668.206 0.023209
666.282 668.307 0.023512
666.282 668.408 0.032335
666.282 668.511 0.022976
666.282 668.612 0.023392
666.282 668.713 0.02327
667.305 668.814 0.021524
667.305 668.915 0.021163
667.305 669.016 0.022765
667.305 669.117 0.022958
667.305 669.218 0.021803
667.305 669.319 0.021702
667.305 669.421 0.024426
667.305 669.522 0.023015
667.305 669.623 0.023227
668.327 669.724 0.021
668.327 669.825 0.023392
668.327 669.926 0.023223
668.327 670.027 0.023415
668.327 670.128 0.02166
668.327 670.23 0.021028
668.327 670.352 0.02286
668.327 670.455 0.030321
669.35 670.554 0.022719
669.35 670.655 0.022975
669.35 670.756 0.023136
669.35 670.857 0.021251
669.35 670.958 0.022116
669.35 671.059 0.023882
669.35 671.16 0.023832
669.35 671.261 0.022693
670.372 671.362 0.022026
670.372 671.463 0.031593
670.372 671.564 0.02326
670.372 671.666 0.022655
670.372 671.767 0.021078
670.372 671.869 0.021156
670.372 671.97 0.022575
670.372 672.071 0.022921
670.372 672.172 0.021411
670.372 672.273 0.023377
670.372 672.374 0.023787
670.372 672.475 0.025111
671.395 672.576 0.023308
671.395 672.677 0.021712
671.395 672.778 0.023103
671.395 672.879 0.023776
671.395 672.98 0.02301
671.395 673.081 0.021253
671.395 673.183 0.021975
671.395 673.284 0.023331
671.395 673.385 0.022966
671.395 673.486 0.023313
671.395 673.587 0.022259
671.395 673.688 0.023028
671.395 673.789 0.023248
672.417 673.89 0.023499
672.417 673.991 0.021742
672.417 674.093 0.021557
672.417 674.194 0.0225
672.417 674.295 0.023451
672.417 674.396 0.021208
673.438 674.497 0.021362
673.438 674.599 0.022635
673.438 674.7 0.024335
673.438 674.801 0.022766
673.438 674.902 0.022895
673.438 675.003 0.023173
673.438 675.103 0.022773
673.438 675.205 0.022827
673.438 675.306 0.022113
673.438 675.407 0.022832
673.438 675.508 0.024247
673.438 675.609 0.03043
673.438 675.71 0.022056
674.46 675.811 0.021806
674.46 675.912 0.023489
674.46 676.013 0.023025
674.46 676.114 0.02128
674.46 676.215 0.0223
674.46 676.316 0.023121
674.46 676.417 0.023349
674.46 676.518 0.023469
674.46 676.619 0.021956
674.46 676.72 0.022971
675.482 676.821 0.023304
675.482 676.922 0.023273
675.482 677.023 0.021515
675.482 677.124 0.02284
675.482 677.225 0.023016
675.482 677.326 0.022577
675.482 677.427 0.021323
675.482 677.529 0.021655
675.482 677.636 0.022927
676.503 677.738 0.023809
676.503 677.839 0.024205
676.503 677.94 0.021962
676.503 678.042 0.021471
676.503 678.143 0.023743
676.503 678.244 0.023493
676.503 678.345 0.021855
676.503 678.446 0.021989
676.503 678.547 0.023803
677.525 678.648 0.02324
677.525 678.749 0.0234
677.525 678.85 0.022181
677.525 678.951 0.023365
677.525 679.052 0.023107
677.525 679.153 0.023714
677.525 679.254 0.021863
677.525 679.357 0.021807
677.525 679.458 0.022993
677.525 679.558 0.023537
677.525 679.705 0.030826
678.548 679.806 0.023581
678.548 679.907 0.021808
678.548 680.01 0.023737
678.548 680.111 0.023855
678.548 680.212 0.022823
678.548 680.313 0.020958
678.548 680.415 0.021542
678.548 680.516 0.023399
678.548 680.617 0.023634
678.548 680.718 0.03074
679.57 680.822 0.022402
679.57 680.925 0.02204
679.57 681.026 0.023295
679.57 681.127 0.022597
679.57 681.227 0.021392
680.591 681.329 0.021237
680.591 681.43 0.023306
680.591 681.531 0.023882
680.591 681.632 0.021906
680.591 681.734 0.028092
680.591 681.835 0.023686
680.591 681.936 0.023753
680.591 682.037 0.023727
680.591 682.138 0.022273
680.591 682.24 0.023363
680.591 682.34 0.023362
680.591 682.441 0.022969
680.591 682.542 0.021496
681.613 682.644 0.021623
681.613 682.749 0.030376
681.613 682.85 0.022938
681.613 682.951 0.023433
681.613 683.051 0.021592
681.613 683.156 0.021049
681.613 683.257 0.022337
681.613 683.358 0.023499
681.613 683.459 0.022075
681.613 683.56 0.022325
682.636 683.661 0.02394
682.636 683.769 0.033341
682.636 683.871 0.023659
682.636 683.972 0.0216
682.636 684.073 0.022167
682.636 684.174 0.02333
682.636 684.275 0.022869
682.636 684.375 0.021654
683.658 684.477 0.021927
683.658 684.578 0.024191
683.658 684.679 0.02361
683.658 684.78 0.021873
683.658 684.881 0.02216
683.658 684.982 0.023129
683.658 685.083 0.023699
683.658 685.184 0.024653
683.658 685.285 0.021199
683.658 685.386 0.022461
683.658 685.487 0.023242
683.658 685.588 0.022995
683.658 685.689 0.021821
683.658 685.791 0.03121
683.658 685.892 0.023648
683.658 685.993 0.023025
684.68 686.094 0.02198
684.68 686.198 0.021983
684.68 686.3 0.023419
684.68 686.401 0.023111
684.68 686.502 0.023698
684.68 686.603 0.021587
684.68 686.704 0.023411
684.68 686.805 0.031974
684.68 686.909 0.0231
685.702 687.01 0.021248
685.702 687.112 0.021603
685.702 687.213 0.023347
685.702 687.314 0.02285
685.702 687.415 0.021496
685.702 687.516 0.021449
685.702 687.617 0.023078
685.702 687.719 0.022389
685.702 687.82 0.022299
686.726 687.921 0.021978
686.726 688.022 0.022916
686.726 688.123 0.023025
686.726 688.224 0.022747
686.726 688.325 0.022165
686.726 688.426 0.024805
686.726 688.527 0.022849
686.726 688.628 0.023101
687.747 688.728 0.022436
687.747 688.831 0.023789
687.747 688.932 0.022991
687.747 689.033 0.023703
687.747 689.136 0.023867
687.747 689.237 0.022126
687.747 689.339 0.021526
687.747 689.44 0.02403
688.769 689.541 0.02385
688.769 689.642 0.02307
688.769 689.743 0.022077
688.769 689.844 0.02485
688.769 689.945 0.023471
688.769 690.046 0.021873
688.769 690.147 0.021651
688.769 690.248 0.023164
688.769 690.349 0.023269
688.769 690.45 0.02316
688.769 690.551 0.022101
688.769 690.653 0.022515
688.769 690.754 0.023169
688.769 690.855 0.022988
688.769 690.961 0.02279
689.791 691.062 0.021623
689.791 691.166 0.021752
689.791 691.267 0.023175
689.791 691.368 0.023151
689.791 691.469 0.023235
689.791 691.57 0.021018
689.791 691.673 0.021734
689.791 691.774 0.023108
689.791 691.875 0.022969
690.812 691.982 0.023168
690.812 692.083 0.021134
690.812 692.185 0.021751
690.812 692.286 0.022883
690.812 692.387 0.02272
690.812 692.488 0.021554
690.812 692.589 0.021731
690.812 692.69 0.023451
690.812 692.791 0.023581
691.832 692.892 0.023532
691.832 692.998 0.022231
691.832 693.099 0.021761
691.832 693.206 0.021876
691.832 693.307 0.02308
691.832 693.408 0.022759
691.832 693.509 0.022807
691.832 693.61 0.022557
691.832 693.715 0.021837
691.832 693.816 0.022937
691.832 693.918 0.023159
691.832 694.023 0.023126
691.832 694.124 0.021788
692.857 694.225 0.02157
692.857 694.326 0.023155
692.857 694.427 0.023452
692.857 694.528 0.021572
692.857 694.629 0.021205
692.857 694.734 0.021432
692.857 694.835 0.022376
692.857 694.936 0.022474
693.88 695.044 0.023157
693.88 695.145 0.021628
693.88 695.248 0.021737
693.88 695.353 0.021681
693.88 695.454 0.023756
693.88 695.555 0.023396
693.88 695.656 0.021518
693.88 695.757 0.021885
693.88 695.858 0.023567
693.88 695.959 0.023089
693.88 696.066 0.023157
694.903 696.167 0.021768
694.903 696.269 0.021772
694.903 696.373 0.023211
694.903 696.478 0.023406
694.903 696.579 0.023601
694.903 696.68 0.022144
694.903 696.781 0.021466
694.903 696.882 0.023058
694.903 696.984 0.023981
694.903 697.09 0.023321
695.925 697.191 0.021402
695.925 697.291 0.021798
695.925 697.392 0.023026
695.925 697.493 0.023532
695.925 697.595 0.023727
695.925 697.696 0.021947
695.925 697.798 0.021723
695.925 697.899 0.023638
695.925 698 0.023344
695.925 698.102 0.030083
696.946 698.203 0.021672
696.946 698.307 0.021651
696.946 698.408 0.0234
696.946 698.509 0.023186
696.946 698.611 0.021375
696.946 698.712 0.022254
696.946 698.813 0.02336
696.946 698.914 0.023083
696.946 699.015 0.02341
696.946 699.116 0.028993
696.946 699.217 0.023717
697.969 699.319 0.02304
697.969 699.42 0.02321
697.969 699.521 0.021194
697.969 699.622 0.021592
697.969 699.723 0.023799
697.969 699.824 0.023275
697.969 699.925 0.021755
697.969 700.026 0.02112
697.969 700.127 0.028154
698.992 700.228 0.022995
698.992 700.329 0.023738
698.992 700.43 0.022188
698.992 700.531 0.022857
698.992 700.632 0.02264
698.992 700.733 0.023127
698.992 700.834 0.021232
698.992 700.935 0.021579
698.992 701.036 0.023307
698.992 701.14 0.023177
698.992 701.242 0.023436
698.992 701.343 0.022055
700.013 701.446 0.021774
700.013 701.547 0.023411
700.013 701.648 0.02342
700.013 701.749 0.021629
700.013 701.85 0.021398
700.013 701.951 0.023381
701.035 702.052 0.024074
701.035 702.154 0.023252
701.035 702.255 0.021736
701.035 702.356 0.023309
701.035 702.461 0.023148
701.035 702.562 0.023554
701.035 702.663 0.022945
701.035 702.764 0.021796
701.035 702.865 0.023546
701.035 702.974 0.023585
701.035 703.078 0.023209
701.035 703.183 0.023037
702.057 703.284 0.023426
702.057 703.384 0.02155
702.057 703.486 0.023368
702.057 703.587 0.023804
702.057 703.688 0.023294
702.057 703.789 0.021121
702.057 703.891 0.021665
702.057 703.992 0.023628
702.057 704.093 0.023744
702.057 704.194 0.03027
703.081 704.295 0.022401
703.081 704.396 0.023448
703.081 704.497 0.023144
703.081 704.598 0.023765
703.081 704.699 0.022329
703.081 704.802 0.022149
703.081 704.903 0.023637
703.081 705.003 0.023308
704.103 705.104 0.02198
704.103 705.206 0.028777
704.103 705.306 0.023285
704.103 705.407 0.022909
704.103 705.508 0.021271
704.103 705.609 0.021009
704.103 705.71 0.023419
704.103 705.811 0.022893
704.103 705.912 0.02287
704.103 706.013 0.021952
704.103 706.119 0.021615
704.103 706.22 0.025005
704.103 706.321 0.023823
704.103 706.422 0.023575
704.103 706.524 0.021998
704.103 706.625 0.023002
704.103 706.725 0.022956
704.103 706.826 0.022908
705.126 706.927 0.021888
705.126 707.03 0.021981
705.126 707.131 0.023334
705.126 707.232 0.024582
705.126 707.333 0.021413
705.126 707.434 0.022179
706.149 707.535 0.023495
706.149 707.64 0.02335
706.149 707.741 0.022989
706.149 707.842 0.023221
706.149 707.943 0.022232
706.149 708.046 0.021859
706.149 708.147 0.023231
706.149 708.248 0.023518
706.149 708.349 0.022318
706.149 708.45 0.022367
706.149 708.551 0.023151
706.149 708.652 0.023151
706.149 708.753 0.023273
706.149 708.853 0.021722
706.149 708.956 0.021744
706.149 709.057 0.023741
706.149 709.158 0.022824
706.149 709.259 0.023605
706.149 709.36 0.021924
706.149 709.461 0.024459
706.149 709.562 0.023681
706.149 709.663 0.023371
706.149 709.764 0.021618
706.149 709.867 0.021496
706.149 709.966 0.023205
706.149 710.067 0.02342
706.149 710.168 0.021736
706.149 710.27 0.021657
706.149 710.371 0.023244
706.149 710.472 0.023299
706.149 710.573 0.023297
706.149 710.674 0.021692
706.149 710.776 0.022006
706.149 710.877 0.022991
706.149 710.978 0.022917
706.149 711.079 0.022655
706.149 711.179 0.02187
706.149 711.283 0.021026
706.149 711.384 0.023194
706.149 711.485 0.023253
706.149 711.586 0.022818
706.149 711.687 0.021402
706.149 711.788 0.022534
706.149 711.891 0.022705
706.149 711.992 0.023831
706.149 712.093 0.02183
706.149 712.194 0.021248
706.149 712.295 0.023322
706.149 712.399 0.023155
706.149 712.5 0.022843
706.149 712.601 0.021481
706.149 712.702 0.022129
706.149 712.803 0.023107
706.149 712.904 0.022982
706.149 713.005 0.023096
706.149 713.106 0.021697
706.149 713.208 0.022546
706.149 713.309 0.023214
706.149 713.41 0.022961
706.149 713.511 0.02301
706.149 713.612 0.021556
706.149 713.716 0.021728
706.149 713.817 0.023722
706.149 713.918 0.023758
706.149 714.019 0.021975
706.149 714.12 0.022056
706.149 714.221 0.023515
706.149 714.322 0.023277
706.149 714.423 0.024116
706.149 714.524 0.021922
706.149 714.625 0.022909
706.149 714.726 0.023299
706.149 714.827 0.023521
707.17 714.928 0.021699
707.17 715.03 0.021591
707.17 715.131 0.02348
707.17 715.231 0.023477
707.17 715.332 0.023664
707.17 715.433 0.02138
707.17 715.534 0.022736
707.17 715.638 0.023023
707.17 715.739 0.02304
713.79 715.84 0.021774
713.79 715.941 0.021013
713.79 716.042 0.02308
713.79 716.143 0.023073
713.79 716.244 0.022895
713.79 716.345 0.021316
713.79 716.447 0.021549
714.813 716.548 0.023771
714.813 716.649 0.023323
714.813 716.75 0.021635
714.813 716.851 0.022271
714.813 716.952 0.029706
714.813 717.053 0.023343
714.813 717.153 0.023454
714.813 717.255 0.022418
714.813 717.356 0.022883
714.813 717.459 0.022385
714.813 717.56 0.022838
714.813 717.661 0.021851
714.813 717.762 0.021053
714.813 717.863 0.023666
714.813 717.965 0.030036
714.813 718.086 0.022566
715.834 718.187 0.022779
715.834 718.297 0.023585
715.834 718.398 0.023347
715.834 718.499 0.021495
715.834 718.6 0.021689
715.834 718.701 0.02341
715.834 718.802 0.023545
716.856 718.903 0.022672
716.856 719.004 0.030232
716.856 719.107 0.021493
716.856 719.206 0.023652
716.856 719.318 0.023312
716.856 719.419 0.02402
716.856 719.528 0.022762
717.877 719.629 0.021414
717.877 719.73 0.021142
717.877 719.831 0.023157
717.877 719.932 0.023878
717.877 720.039 0.022936
717.877 720.14 0.021375
717.877 720.247 0.02129
717.877 720.349 0.021562
717.877 720.451 0.023687
717.877 720.552 0.023275
717.877 720.653 0.024013
717.877 720.754 0.021632
717.877 720.858 0.02119
718.899 720.959 0.023172
718.899 721.06 0.031534
718.899 721.161 0.021969
718.899 721.262 0.023547
718.899 721.364 0.023306
718.899 721.465 0.023166
718.899 721.566 0.021964
718.899 721.667 0.022233
719.932 721.768 0.022873
719.932 721.869 0.022317
719.932 721.97 0.021347
719.932 722.071 0.029036
719.932 722.172 0.02276
719.932 722.273 0.023351
719.932 722.375 0.022642
719.932 722.476 0.021847
719.932 722.577 0.023231
719.932 722.678 0.023282
720.954 722.779 0.023486
720.954 722.88 0.021568
720.954 722.983 0.021392
720.954 723.084 0.02982
720.954 723.185 0.023661
720.954 723.286 0.021516
720.954 723.387 0.021537
721.983 723.488 0.023262
721.983 723.589 0.022984
721.983 723.69 0.022985
721.983 723.791 0.022378
721.983 723.895 0.02157
721.983 724.006 0.022071
721.983 724.107 0.030844
721.983 724.208 0.023173
721.983 724.309 0.021341
723.01 724.41 0.021442
723.01 724.511 0.022663
723.01 724.613 0.022461
723.01 724.714 0.02141
723.01 724.815 0.022036
723.01 724.924 0.021695
723.01 725.025 0.023298
723.01 725.126 0.02491
724.032 725.227 0.021116
724.032 725.328 0.022075
724.032 725.429 0.023148
724.032 725.53 0.022787
724.032 725.631 0.021695
724.032 725.732 0.021998
724.032 725.833 0.023021
724.032 725.934 0.023157
724.032 726.035 0.021738
724.032 726.136 0.021746
724.032 726.237 0.022724
725.054 726.338 0.023113
725.054 726.439 0.022862
725.054 726.54 0.021566
725.054 726.641 0.022859
725.054 726.742 0.02311
725.054 726.843 0.023368
725.054 726.945 0.021684
725.054 727.046 0.02251
725.054 727.147 0.023425
726.077 727.248 0.022928
726.077 727.349 0.021439
726.077 727.45 0.022499
726.077 727.551 0.022667
726.077 727.652 0.023262
726.077 727.753 0.021697
726.077 727.855 0.021701
726.077 727.956 0.023322
726.077 728.058 0.023251
726.077 728.159 0.023106
727.101 728.26 0.028227
727.101 728.361 0.022865
727.101 728.464 0.022371
727.101 728.565 0.02219
727.101 728.666 0.021237
727.101 728.767 0.020992
727.101 728.868 0.022569
727.101 728.969 0.022782
727.101 729.071 0.023124
727.101 729.172 0.021963
727.101 729.273 0.028482
727.101 729.374 0.023173
727.101 729.475 0.023197
727.101 729.576 0.021444
727.101 729.677 0.02146
727.101 729.778 0.023575
727.101 729.879 0.022666
728.122 729.98 0.023028
728.122 730.081 0.02122
728.122 730.185 0.021247
728.122 730.286 0.030138
728.122 730.387 0.023098
728.122 730.488 0.023603
728.122 730.589 0.021488
728.122 730.693 0.021746
728.122 730.794 0.023227
728.122 730.896 0.023161
729.143 730.997 0.021553
729.143 731.098 0.021648
729.143 731.199 0.023695
729.143 731.303 0.030388
729.143 731.405 0.023389
729.143 731.506 0.021452
729.143 731.607 0.021362
729.143 731.708 0.023877
729.143 731.809 0.024208
729.143 731.91 0.022758
729.143 732.011 0.022624
729.143 732.112 0.023636
730.164 732.213 0.023347
730.164 732.314 0.021336
730.164 732.415 0.021307
730.164 732.516 0.023168
730.164 732.618 0.023351
730.164 732.72 0.022737
730.164 732.82 0.02137
730.164 732.922 0.021676
730.164 733.023 0.023184
730.164 733.124 0.023427
731.185 733.225 0.02284
731.185 733.326 0.028485
731.185 733.427 0.023429
731.185 733.531 0.023772
731.185 733.632 0.023351
731.185 733.733 0.021463
731.185 733.834 0.02175
731.185 733.935 0.022972
731.185 734.036 0.023236
732.207 734.137 0.021205
732.207 734.238 0.021669
732.207 734.339 0.029704
732.207 734.44 0.023002
732.207 734.541 0.022977
732.207 734.642 0.021628
732.207 734.746 0.021678
733.229 734.847 0.022915
733.229 734.948 0.022593
733.229 735.049 0.021963
733.229 735.15 0.021773
733.229 735.251 0.022495
733.229 735.356 0.030568
733.229 735.457 0.023145
733.229 735.558 0.021396
733.229 735.659 0.021848
734.253 735.76 0.023441
734.253 735.861 0.023157
734.253 735.962 0.021653
734.253 736.063 0.021282
734.253 736.164 0.023166
734.253 736.265 0.023194
734.253 736.366 0.024751
734.253 736.467 0.021592
734.253 736.569 0.021506
734.253 736.67 0.023746
735.274 736.772 0.023289
735.274 736.873 0.021695
735.274 736.974 0.021939
735.274 737.075 0.023091
735.274 737.176 0.022842
735.274 737.277 0.02256
735.274 737.378 0.023055
735.274 737.479 0.022863
735.274 737.582 0.023121
735.274 737.683 0.02289
735.274 737.784 0.021319
735.274 737.885 0.021158
736.295 737.987 0.023324
736.295 738.088 0.023145
736.295 738.189 0.02352
736.295 738.29 0.021703
736.295 738.391 0.022943
737.318 738.515 0.021809
737.318 738.616 0.021178
737.318 738.723 0.021853
737.318 738.833 0.021548
737.318 738.934 0.023365
737.318 739.035 0.023185
737.318 739.139 0.022918
737.318 739.243 0.021667
737.318 739.345 0.02156
737.318 739.448 0.030322
737.318 739.553 0.023658
737.318 739.656 0.023656
737.318 739.758 0.021412
738.34 739.859 0.021438
738.34 739.964 0.021517
738.34 740.065 0.023296
738.34 740.166 0.022887
738.34 740.267 0.023346
738.34 740.368 0.022007
738.34 740.469 0.03028
738.34 740.573 0.023069
738.34 740.674 0.0225
738.34 740.775 0.021612
738.34 740.876 0.021632
738.34 740.978 0.022833
738.34 741.078 0.022883
739.363 741.18 0.022963
739.363 741.281 0.021407
739.363 741.382 0.022553
739.363 741.483 0.024105
739.363 741.584 0.023303
739.363 741.685 0.021653
739.363 741.787 0.021726
739.363 741.888 0.023332
739.363 741.989 0.022985
739.363 742.09 0.021559
740.387 742.191 0.021825
740.387 742.292 0.022773
740.387 742.393 0.022501
740.387 742.494 0.023379
740.387 742.594 0.021831
740.387 742.696 0.023451
740.387 742.797 0.022545
740.387 742.898 0.022892
740.387 742.999 0.021649
740.387 743.101 0.021163
741.41 743.202 0.023002
741.41 743.303 0.023454
741.41 743.404 0.021776
741.41 743.505 0.021047
741.41 743.606 0.0224
741.41 743.707 0.022932
741.41 743.808 0.022803
741.41 743.909 0.021689
741.41 744.011 0.021975
741.41 744.112 0.023481
742.432 744.213 0.022746
742.432 744.314 0.021796
742.432 744.415 0.021217
742.432 744.516 0.023169
742.432 744.623 0.022469
742.432 744.724 0.022714
743.455 744.825 0.021907
743.455 744.926 0.02217
743.455 745.027 0.023372
743.455 745.128 0.022944
743.455 745.229 0.0216
743.455 745.334 0.021899
743.455 745.436 0.021599
743.455 745.537 0.023997
743.455 745.638 0.030143
743.455 745.739 0.021424
744.478 745.84 0.021876
744.478 745.941 0.022935
744.478 746.042 0.02257
744.478 746.143 0.0227
744.478 746.244 0.02208
744.478 746.346 0.021923
744.478 746.445 0.023518
744.478 746.546 0.022939
744.478 746.648 0.029967
745.5 746.749 0.021379
745.5 746.85 0.02363
745.5 746.951 0.023434
745.5 747.052 0.02331
745.5 747.153 0.02164
745.5 747.254 0.022918
745.5 747.355 0.02313
745.5 747.456 0.022791
746.521 747.557 0.021514
746.521 747.66 0.028368
746.521 747.761 0.023081
746.521 747.862 0.023221
746.521 747.963 0.021604
746.521 748.064 0.021994
746.521 748.165 0.023147
746.521 748.266 0.022728
746.521 748.367 0.023254
746.521 748.468 0.02167
746.521 748.571 0.021707
746.521 748.677 0.022558
747.548 748.778 0.022761
747.548 748.879 0.022737
747.548 748.98 0.021737
747.548 749.081 0.021866
747.548 749.182 0.023128
748.57 749.283 0.023176
748.57 749.384 0.021124
748.57 749.485 0.021878
748.57 749.586 0.023806
748.57 749.688 0.023173
748.57 749.789 0.023287
748.57 749.892 0.022535
748.57 749.994 0.022326
748.57 750.095 0.02307
748.57 750.202 0.024483
748.57 750.304 0.024319
748.57 750.405 0.0214
748.57 750.506 0.020958
748.57 750.607 0.023612
748.57 750.722 0.022629
749.593 750.823 0.023339
749.593 750.924 0.023304
749.593 751.025 0.021911
749.593 751.126 0.022582
749.593 751.228 0.02347
749.593 751.329 0.02452
749.593 751.43 0.023008
750.616 751.554 0.023211
750.616 751.655 0.023106
750.616 751.755 0.029602
750.616 751.856 0.022521
750.616 751.958 0.023902
750.616 752.059 0.023527
750.616 752.16 0.022788
750.616 752.261 0.021411
750.616 752.362 0.023904
751.638 752.463 0.023128
751.638 752.564 0.02376
751.638 752.665 0.021752
751.638 752.767 0.028139
751.638 752.868 0.022854
751.638 752.969 0.025002
751.638 753.071 0.02341
751.638 753.172 0.022492
751.638 753.281 0.023073
751.638 753.382 0.024453
751.638 753.483 0.022285
751.638 753.585 0.021116
751.638 753.686 0.021778
751.638 753.788 0.023491
751.638 753.889 0.023737
