595.311 1.75236 0.025975 1.59975 0.14395
597.114 0.236683 0.022717 0.101707 0.129581
598.138 0.190041 0.025236 0.074231 0.112877
599.164 0.178943 0.022927 0.067682 0.108383
600.188 0.164202 0.034832 0.065077 0.096297
601.224 0.162303 0.022071 0.057139 0.102401
602.248 0.175578 0.02223 0.058534 0.114235
603.272 0.167057 0.024694 0.059526 0.104521
604.299 0.171064 0.021714 0.068444 0.099828
605.334 0.172341 0.022781 0.067374 0.101902
606.358 0.163811 0.022843 0.068071 0.092812
607.382 0.268846 0.021168 0.066306 0.199624
608.404 0.242115 0.023488 0.066927 0.172109
609.429 0.241745 0.023548 0.067142 0.171825
610.454 0.235925 0.02566 0.062582 0.170556
611.481 1.1799 0.023398 0.06018 1.11694
612.698 0.524887 0.022375 0.053525 0.468722
613.732 0.223531 0.019993 0.060366 0.160501
614.753 0.226688 0.03403 0.063467 0.160518
615.788 0.235354 0.020903 0.058838 0.173881
616.813 0.228038 0.021757 0.052704 0.172586
617.836 0.249789 0.019916 0.067706 0.179275
618.857 6.55736 0.019381 0.058835 6.49587
625.435 5.89661 0.054356 0.089051 5.80475
631.403 8.52944 0.038806 0.11385 8.41292
639.973 7.83763 0.054982 0.072353 7.76261
647.866 0.182329 0.025916 0.102402 0.077377
648.895 0.146498 0.019546 0.062522 0.081145
649.919 0.135111 0.020566 0.058865 0.073391
650.941 0.129058 0.023026 0.04871 0.077738
651.965 0.14526 0.01976 0.059851 0.082602
652.988 0.137457 0.021625 0.060586 0.074276
654.01 0.13374 0.02092 0.048767 0.08201
655.032 0.132951 0.020457 0.048127 0.082114
656.054 0.131006 0.020357 0.050413 0.07783
657.076 0.125386 0.019829 0.045932 0.076582
658.096 0.141448 0.022333 0.060434 0.078285
659.12 0.145766 0.020334 0.063509 0.079644
660.149 0.131725 0.020943 0.052287 0.076819
661.171 0.122717 0.020995 0.041146 0.078973
662.193 0.128381 0.020441 0.049266 0.076514
663.214 0.128381 0.020542 0.049486 0.076247
664.236 0.129314 0.021775 0.048172 0.078552
665.259 0.141737 0.021735 0.057714 0.081467
666.282 0.144613 0.022089 0.060192 0.08174
667.305 0.14634 0.021618 0.061916 0.081713
668.327 0.141199 0.021454 0.056376 0.082226
669.35 0.139052 0.020886 0.05598 0.08042
670.372 0.136989 0.02139 0.056468 0.077782
671.395 0.127884 0.020933 0.049849 0.07536
672.417 0.134269 0.020478 0.055922 0.07568
673.438 0.139278 0.020819 0.058116 0.078585
674.46 0.127404 0.020677 0.047226 0.077592
675.482 0.143645 0.01974 0.05768 0.083385
676.503 0.141136 0.02142 0.061415 0.077056
677.525 0.144222 0.021612 0.060556 0.081093
678.548 0.130108 0.020807 0.048686 0.078893
679.57 0.141284 0.020494 0.056519 0.08218
680.591 0.140525 0.020212 0.057319 0.08047
681.613 0.130061 0.021349 0.046881 0.080602
682.636 0.129847 0.021043 0.045943 0.081373
683.658 0.131897 0.021497 0.048282 0.080926
684.68 0.128581 0.021116 0.048468 0.077576
685.702 0.139086 0.0221 0.056393 0.080013
686.726 0.137563 0.01974 0.057313 0.077645
687.747 0.13996 0.021088 0.056896 0.079953
688.769 0.126159 0.021158 0.048909 0.074562
689.791 0.129151 0.019865 0.049048 0.077499
690.812 0.144776 0.019889 0.059615 0.08253
691.832 0.139449 0.0235 0.057667 0.07921
692.857 0.134357 0.021661 0.048691 0.082936
693.88 0.137013 0.022345 0.056594 0.07785
694.903 0.1354 0.020303 0.057285 0.075533
695.925 0.13457 0.020162 0.057558 0.074439
696.946 0.137173 0.020189 0.055927 0.078656
697.969 0.136216 0.022426 0.0556 0.078034
698.992 0.13638 0.020353 0.056426 0.077356
700.013 0.135574 0.020274 0.055715 0.077274
701.035 0.137627 0.021036 0.056285 0.078769
702.057 0.126377 0.022722 0.04667 0.077135
703.081 0.131492 0.021297 0.053105 0.075749
704.103 0.135263 0.02248 0.055531 0.077167
705.126 0.121713 0.021542 0.045613 0.073553
706.149 0.138027 0.019805 0.058861 0.076587
707.17 6.59816 0.021116 0.055713 6.53986
713.79 0.158569 0.020147 0.078547 0.077446
714.813 0.139553 0.019933 0.062547 0.074468
715.834 0.138617 0.021012 0.058743 0.077287
716.856 0.141759 0.020203 0.058731 0.080473
717.877 0.140915 0.020896 0.058636 0.079705
718.899 0.140057 0.031585 0.05683 0.08065
719.932 0.138761 0.021508 0.057228 0.078992
720.954 0.142048 0.027548 0.058498 0.08097
721.983 0.133194 0.025509 0.055611 0.075033
723.01 0.136792 0.021867 0.055486 0.07874
724.032 0.137168 0.020285 0.055921 0.078701
725.054 0.142406 0.02187 0.056706 0.083096
726.077 0.13996 0.020917 0.058467 0.078923
727.101 0.139053 0.01954 0.056801 0.079673
728.122 0.140514 0.020034 0.058879 0.078999
729.143 0.140656 0.020107 0.058527 0.079529
730.164 0.141063 0.020192 0.057187 0.081335
731.185 0.135122 0.020401 0.056808 0.075724
732.207 0.137229 0.02075 0.058304 0.076347
733.229 0.135064 0.023157 0.056309 0.076156
734.253 0.134749 0.019923 0.056459 0.075736
735.274 0.133982 0.020032 0.056564 0.074848
736.295 0.13488 0.021922 0.057472 0.074822
737.318 0.135177 0.020976 0.05555 0.077028
738.34 0.140667 0.020655 0.058313 0.079805
739.363 0.133886 0.023059 0.056482 0.074826
740.387 0.135076 0.020935 0.055144 0.077382
741.41 0.137685 0.021809 0.055864 0.079229
742.432 0.135944 0.020979 0.055805 0.077529
743.455 0.138171 0.022404 0.057903 0.077711
744.478 0.136315 0.020502 0.055834 0.077863
745.5 0.140524 0.02044 0.056943 0.081041
746.521 0.140714 0.026245 0.055862 0.08199
747.548 0.126569 0.020721 0.046761 0.077068
748.57 0.13769 0.022177 0.055862 0.079255
749.593 0.127002 0.02148 0.044603 0.079817
750.616 0.138386 0.02155 0.057146 0.078696
751.638 0.124515 0.022005 0.043535 0.078426
752.661 0.125519 0.020855 0.044485 0.078456
753.683 0.134688 0.020729 0.055378 0.076734
754.705 0.126629 0.021716 0.046533 0.077536
755.728 0.142983 0.019995 0.056407 0.083997
756.749 0.138065 0.020593 0.056246 0.079273
757.771 0.136801 0.021634 0.055871 0.078345
758.793 0.136318 0.01981 0.055648 0.078123
759.814 0.133308 0.020063 0.055394 0.075298
760.835 0.139114 0.01937 0.057212 0.079315
761.856 0.132948 0.019979 0.055471 0.074906
762.877 0.134363 0.020067 0.056921 0.074899
763.903 0.13468 0.021554 0.055347 0.076771
764.925 0.135272 0.019663 0.056041 0.076683
765.946 0.135732 0.020247 0.055162 0.077949
766.968 0.13289 0.020922 0.056493 0.073817
767.99 0.134554 0.020362 0.05511 0.076861
769.011 0.135141 0.021591 0.056051 0.076523
770.034 0.135615 0.019635 0.05547 0.077615
771.054 0.137121 0.019548 0.056999 0.077535
772.075 0.137343 0.019389 0.058796 0.075954
773.095 0.137756 0.020284 0.056916 0.078284
774.117 0.140265 0.020112 0.057257 0.080449
775.138 0.142471 0.022342 0.05748 0.082431
776.161 0.136002 0.019751 0.057825 0.075621
777.182 0.139011 0.02051 0.057513 0.078864
778.204 0.136621 0.020494 0.055456 0.078568
779.226 0.133765 0.019707 0.055325 0.075872
780.247 0.131445 0.020846 0.053876 0.074961
781.268 0.132012 0.019573 0.054775 0.074646
782.289 0.130769 0.020979 0.054303 0.07386
783.312 0.131118 0.021119 0.054794 0.073766
784.335 0.129211 0.020789 0.055952 0.070682
785.357 0.13085 0.021196 0.055499 0.07277
786.379 0.132321 0.020191 0.055269 0.074462
787.4 0.130967 0.021035 0.056092 0.072322
788.423 0.13122 0.020421 0.054926 0.073677
789.444 0.132322 0.022463 0.054244 0.07547
790.468 0.135584 0.020217 0.0564 0.076569
791.49 0.126763 0.022321 0.046555 0.077441
792.516 0.124972 0.021958 0.045449 0.076918
793.538 0.11908 0.019482 0.044866 0.07166
794.559 0.121543 0.02024 0.044705 0.074205
795.58 0.137342 0.02153 0.057604 0.077155
796.602 0.133318 0.019364 0.05688 0.073832
797.623 0.128797 0.019349 0.054255 0.07197
798.644 0.140071 0.021524 0.060036 0.077425
799.667 0.136264 0.024 0.056635 0.076951
800.692 0.136867 0.020277 0.056094 0.078231
801.713 0.139557 0.022088 0.057045 0.079888
802.737 0.125841 0.020963 0.045461 0.077806
803.759 0.122514 0.021766 0.044897 0.075069
804.784 0.124685 0.020054 0.046965 0.075109
805.805 0.138613 0.021533 0.057347 0.078628
806.828 0.134378 0.02132 0.056481 0.075096
807.85 0.132973 0.020535 0.056981 0.073411
808.872 0.133262 0.021952 0.057698 0.07296
809.895 0.131117 0.019961 0.055727 0.072739
810.917 0.12067 0.020639 0.046308 0.07182
811.939 0.134132 0.022098 0.057203 0.074371
812.962 0.121828 0.020039 0.047074 0.071792
813.983 0.119676 0.02111 0.044762 0.072368
815.006 0.135749 0.019999 0.056185 0.076986
816.027 0.130779 0.020073 0.055779 0.072413
817.048 0.134387 0.021227 0.056971 0.07486
818.071 0.136581 0.019171 0.056992 0.07702
819.091 0.13495 0.020043 0.057061 0.075292
820.112 0.135032 0.019942 0.058151 0.074333
821.133 0.11941 0.021424 0.045541 0.071274
822.156 0.135505 0.021115 0.056237 0.076713
823.179 0.135628 0.021038 0.056625 0.076409
824.201 0.142093 0.019526 0.056549 0.082987
825.221 0.124773 0.019842 0.044353 0.077784
826.242 0.120467 0.020165 0.043764 0.074103
827.264 0.118025 0.019429 0.044364 0.071098
828.284 0.130772 0.020633 0.054292 0.073907
829.306 0.132482 0.020353 0.056297 0.073623
830.328 0.136513 0.020243 0.056393 0.077569
831.349 0.134291 0.020276 0.0561 0.07537
832.371 0.11946 0.019257 0.042823 0.073461
833.391 0.116206 0.01927 0.04364 0.070004
834.411 0.123508 0.019521 0.045531 0.075391
835.431 0.121924 0.019503 0.045455 0.073876
836.452 0.124474 0.020587 0.044373 0.077553
837.473 0.120211 0.019293 0.044058 0.072915
838.493 0.12557 0.019409 0.045275 0.077743
839.514 0.123927 0.019577 0.046192 0.075178
840.534 0.126172 0.020572 0.047045 0.076535
841.555 0.126615 0.019598 0.048093 0.075921
842.576 0.124337 0.021721 0.049328 0.07242
843.598 0.121618 0.021031 0.047995 0.07097
844.62 0.123368 0.02115 0.046139 0.074647
845.642 0.120321 0.021311 0.045059 0.072652
846.664 0.123788 0.019948 0.047443 0.073759
847.686 0.124693 0.01922 0.047602 0.074532
848.706 0.13351 0.019849 0.046877 0.084038
849.726 0.130761 0.019598 0.046035 0.082151
850.747 0.154589 0.019663 0.044825 0.107194
851.767 0.18446 0.019669 0.046103 0.135785
852.817 0.179319 0.019673 0.049354 0.127441
853.837 0.181758 0.019489 0.054241 0.124896
854.859 0.182121 0.019756 0.053539 0.126007
855.919 0.175869 0.020551 0.050872 0.122203
856.941 0.171075 0.020797 0.053699 0.114836
857.962 0.178414 0.019462 0.0543 0.121516
858.983 0.181735 0.020499 0.052272 0.126898
860.004 0.176841 0.019621 0.053716 0.120447
861.024 0.17532 0.021175 0.053544 0.119196
862.054 0.172463 0.019576 0.05441 0.115294
863.075 0.176832 0.019339 0.054193 0.120078
864.095 0.17383 0.020469 0.048603 0.122352
865.116 0.169374 0.021703 0.050125 0.116685
866.139 0.173469 0.019508 0.052334 0.118571
867.164 0.174519 0.019861 0.051271 0.120428
868.184 0.17174 0.019294 0.051958 0.117209
869.204 0.176409 0.019989 0.053252 0.120592
870.225 0.176275 0.019934 0.054742 0.118976
871.246 0.169464 0.01995 0.047544 0.119233
872.267 0.160794 0.020676 0.046521 0.111694
873.289 0.174044 0.019975 0.050233 0.12127
874.31 0.172251 0.02088 0.053673 0.115993
875.332 0.168683 0.019389 0.053362 0.112745
876.352 0.179623 0.019845 0.055145 0.121893
877.373 0.173098 0.021491 0.05271 0.117786
878.395 0.176025 0.020202 0.05381 0.119436
879.416 0.17067 0.019786 0.051443 0.116689
880.437 0.174479 0.017892 0.04865 0.123232
881.456 0.169414 0.021878 0.046974 0.119805
