299.328 56.6118 
309.541 52.1796 
319.764 50.3864 
329.959 42.0469 
340.16 43.3737 
350.36 9.56408 
360.597 9.56408 
370.888 9.56408 
381.113 9.56408 
391.337 9.56408 
401.599 9.56408 
411.805 9.56408 
421.992 9.56408 
432.227 9.56408 
442.521 9.56408 
452.709 9.56408 
462.899 9.56408 
473.167 9.56408 
483.351 9.56408 
493.556 9.56408 
503.739 9.56408 
514.012 9.56408 
524.193 9.56408 
534.397 9.56408 
544.584 9.56408 
554.891 9.56408 
565.107 9.56408 
575.331 9.56408 
585.514 9.56408 
595.705 9.56408 
