298.259 300.004 1.21044
300.003 301.216 0.860278
301.031 302.077 1.0212
302.054 303.099 1.41159
303.079 304.512 1.08172
304.103 305.595 0.967759
305.126 306.564 1.00126
306.149 307.566 0.857716
307.172 308.425 0.630332
308.195 309.056 0.882042
309.218 309.94 1.1569
310.24 311.098 1.13192
311.263 312.231 1.50627
312.288 313.738 0.459213
313.312 314.199 0.875374
314.333 315.621 1.16485
315.621 316.787 1.07892
316.642 317.867 1.19012
317.663 319.058 0.954088
318.686 320.013 1.33068
319.708 321.345 0.883431
320.73 322.23 0.642601
321.751 328.356 0.869796
328.356 334.414 0.746763
334.413 343.45 1.344
343.449 352.306 1.0157
352.305 360.288 0.880943
360.288 361.273 0.726493
361.309 362.19 0.547247
362.33 362.738 1.18985
363.353 363.929 0.856965
364.379 364.787 0.940054
365.401 366.202 0.693672
366.422 366.896 0.816453
367.446 368.225 0.685016
368.469 368.91 1.15333
369.49 370.065 0.800239
370.511 370.866 0.681639
371.533 372.253 0.786424
372.554 373.227 0.666788
373.577 374.307 0.651239
374.604 374.96 0.645515
375.625 380.329 1.58111
380.329 381.911 0.890294
381.35 382.803 0.601241
382.372 383.405 1.38145
383.394 384.787 0.957752
384.415 385.746 0.809944
385.438 386.557 0.773293
386.46 387.332 1.05448
387.481 388.387 1.32047
388.505 389.709 0.680656
389.528 390.391 1.17574
390.549 391.568 1.12242
391.57 392.691 0.923049
392.592 393.615 0.947951
393.615 394.564 1.02979
394.637 395.595 0.96441
395.659 396.561 0.577823
396.681 397.14 0.776836
397.703 397.918 0.818799
398.725 398.882 0.559631
399.749 406.154 1.34587
406.154 407.501 0.929641
407.176 408.433 0.807382
408.198 415.142 0.854077
415.142 416.08 0.570021
416.164 417.006 0.985179
417.185 418.099 0.916091
418.206 419.016 0.826421
419.231 419.844 1.14355
420.253 427.971 0.921735
427.971 434.821 1.19908
434.821 441.823 1.01615
441.823 448.168 1.09171
448.167 454.547 1.31926
454.547 455.867 0.963767
455.568 456.832 1.06636
456.594 457.899 0.596256
457.617 465.754 1.06009
465.754 472.964 1.08874
472.963 479.206 0.845019
479.205 486.544 1.67034
486.544 492.042 0.663632
492.042 498.941 1.17385
498.941 505.538 1.05055
505.537 512.148 0.898723
512.148 519.947 1.67989
519.947 526.89 0.875645
526.89 527.767 0.676078
527.912 528.55 1.38459
528.934 529.935 0.848713
529.957 530.89 0.921785
530.979 531.888 0.735825
532.001 539.674 0.958934
539.673 540.634 0.792908
540.694 541.558 1.05814
541.717 542.618 0.871291
542.74 550.674 1.19844
550.674 558.949 1.90067
558.949 567.385 1.114
567.384 568.5 1.26378
568.406 573.158 1.11412
573.158 574.273 0.876514
574.182 575.151 0.690696
575.204 582.338 1.2603
582.338 583.6 1.0074
583.36 584.609 0.92884
584.383 585.831 0.744511
585.83 590.722 1.29182
590.722 592.213 1.34445
592.213 598.622 1.00415
598.622 604.754 1.13415
604.754 609.572 0.832427
609.572 615.705 0.523846
615.705 622.593 0.908699
622.592 629.483 0.793129
629.483 630.895 0.696525
630.895 637.794 0.862999
637.794 638.657 0.493858
638.818 639.523 0.958301
639.84 640.482 0.659894
640.863 641.142 0.575184
641.884 642.83 1.0141
642.908 643.845 0.823719
643.931 644.669 1.49352
644.953 646.164 0.722976
645.977 646.888 1.38104
646.998 653.606 0.705222
653.606 654.312 1.07407
654.628 655.387 1.22023
655.65 656.608 0.866711
656.671 657.476 1.09
657.693 658.567 0.835692
658.715 659.404 0.740162
659.736 660.145 0.592972
660.757 660.908 0.545787
661.783 661.948 0.703844
662.812 662.968 1.41555
663.832 664.385 0.640403
664.855 665.026 1.21198
665.877 666.239 0.677654
666.897 667.051 0.829042
667.919 668.082 1.33605
668.943 669.419 0.940882
669.965 670.36 1.47592
670.985 671.837 0.60373
672.006 672.442 1.17926
673.026 673.622 1.19341
674.047 674.816 0.648309
675.068 675.465 0.743333
676.092 676.259 1.31064
677.114 677.57 0.863263
678.134 678.434 0.869387
679.153 679.32 0.39144
680.175 680.332 0.719422
681.198 681.354 0.981051
682.221 682.385 0.658612
683.243 683.397 0.969887
684.266 684.432 0.720402
685.287 685.444 0.580609
686.311 686.47 0.667877
687.335 687.49 0.754177
688.359 688.514 0.452587
689.383 689.549 0.96747
690.408 690.567 1.2729
691.428 691.841 0.693023
692.449 692.605 1.28719
693.471 693.893 1.00875
694.492 694.903 0.550328
695.514 695.67 0.993873
696.539 696.702 0.601914
697.561 697.718 0.469355
698.587 698.737 0.722608
699.611 699.762 1.20327
700.635 700.966 0.598885
701.655 701.807 1.09393
702.678 702.902 0.964298
703.698 703.867 0.772452
704.719 704.87 0.523902
705.741 705.891 1.18033
706.764 707.072 0.417457
707.785 707.936 0.567528
708.807 708.963 1.19364
709.836 710.157 1.05044
710.856 711.209 1.0018
711.876 712.211 0.514131
712.897 713.042 0.744802
713.92 714.07 0.89668
714.942 715.088 0.764689
715.963 716.12 1.07053
716.987 717.191 0.939222
718.009 718.169 0.754895
719.029 719.181 0.584641
720.054 720.202 0.447722
721.075 721.231 0.800727
722.097 722.246 1.65331
723.119 723.9 0.782956
724.14 724.683 0.729371
725.16 725.414 0.658763
