301.031 304.455 0.038162
302.054 304.533 0.030914
302.054 304.636 0.028592
302.054 304.737 0.027377
302.054 304.838 0.027187
302.054 304.94 0.025061
302.054 305.041 0.025245
302.054 305.142 0.025806
302.054 305.243 0.024057
302.054 305.345 0.028926
302.054 305.446 0.02569
302.054 305.547 0.023136
303.079 305.648 0.024372
303.079 305.749 0.022715
303.079 305.85 0.023134
303.079 305.951 0.02317
303.079 306.053 0.024911
303.079 306.153 0.024327
303.079 306.255 0.024102
303.079 306.356 0.022232
303.079 306.457 0.023067
303.079 306.56 0.023213
304.103 306.659 0.024199
304.103 306.76 0.02246
304.103 306.861 0.022692
304.103 306.963 0.023337
304.103 307.064 0.024297
304.103 307.165 0.023623
304.103 307.266 0.024273
304.103 307.367 0.023269
304.103 307.469 0.025222
305.126 307.569 0.023356
305.126 307.67 0.024175
305.126 307.771 0.022848
305.126 307.873 0.024204
305.126 307.974 0.02361
305.126 308.075 0.023634
305.126 308.176 0.025122
305.126 308.278 0.024047
305.126 308.379 0.026402
306.149 308.48 0.023662
306.149 308.581 0.026111
306.149 308.683 0.024694
306.149 308.784 0.023868
306.149 308.885 0.023906
306.149 308.986 0.024681
307.172 309.087 0.023202
307.172 309.188 0.02325
307.172 309.289 0.023541
307.172 309.391 0.0307
307.172 309.492 0.030062
307.172 309.593 0.027788
307.172 309.694 0.023891
307.172 309.796 0.023737
307.172 309.897 0.023143
308.195 309.998 0.024414
308.195 310.099 0.023715
308.195 310.201 0.023651
308.195 310.302 0.023972
308.195 310.404 0.023859
308.195 310.505 0.025168
308.195 310.606 0.024084
308.195 310.707 0.023233
308.195 310.808 0.023294
308.195 310.909 0.023152
308.195 311.01 0.023365
309.218 311.112 0.022748
309.218 311.213 0.023456
309.218 311.314 0.024559
309.218 311.415 0.026663
309.218 311.517 0.027016
309.218 311.618 0.024814
309.218 311.719 0.022398
309.218 311.82 0.023663
309.218 311.921 0.025847
309.218 312.022 0.026648
309.218 312.123 0.024782
309.218 312.224 0.023947
310.24 312.325 0.023605
310.24 312.427 0.024757
310.24 312.528 0.026398
310.24 312.629 0.030792
310.24 312.731 0.027833
310.24 312.832 0.027505
310.24 312.933 0.022708
310.24 313.035 0.022875
310.24 313.136 0.023671
310.24 313.237 0.022656
310.24 313.338 0.026157
310.24 313.439 0.025966
310.24 313.541 0.026299
310.24 313.642 0.026053
311.263 313.742 0.023806
311.263 313.844 0.023107
311.263 313.945 0.024358
311.263 314.047 0.027589
311.263 314.148 0.026715
312.288 314.25 0.024262
312.288 314.351 0.023464
312.288 314.452 0.025511
312.288 314.553 0.027941
312.288 314.655 0.025399
312.288 314.756 0.025919
312.288 314.858 0.023987
312.288 314.959 0.02499
312.288 315.061 0.026932
313.312 315.162 0.023617
313.312 315.262 0.023941
313.312 315.364 0.024207
313.312 315.465 0.023234
313.312 315.566 0.023465
313.312 315.667 0.026671
313.312 315.769 0.027639
313.312 315.87 0.028469
313.312 315.972 0.027669
313.312 316.073 0.027167
313.312 316.174 0.026747
313.312 316.276 0.02596
313.312 316.377 0.026656
313.312 316.478 0.026283
313.312 316.58 0.02682
313.312 316.681 0.025741
313.312 316.782 0.026349
314.333 316.884 0.02578
314.333 316.985 0.023144
314.333 317.087 0.024219
314.333 317.188 0.022938
314.333 317.29 0.023811
314.333 317.391 0.026518
314.333 317.493 0.025173
314.333 317.594 0.027709
314.333 317.695 0.026049
314.333 317.796 0.026669
315.621 317.897 0.024584
315.621 317.999 0.026896
315.621 318.1 0.023861
315.621 318.201 0.024718
315.621 318.302 0.026656
315.621 318.404 0.027209
315.621 318.505 0.025835
315.621 318.607 0.02631
315.621 318.708 0.02603
315.621 318.809 0.027721
315.621 318.91 0.02732
315.621 319.012 0.026999
316.642 319.113 0.024578
316.642 319.214 0.024877
316.642 319.316 0.026705
316.642 319.417 0.02577
316.642 319.519 0.027278
316.642 319.62 0.031014
316.642 319.722 0.027486
316.642 319.823 0.027374
316.642 319.924 0.028083
317.663 320.026 0.02364
317.663 320.127 0.024405
317.663 320.228 0.023521
317.663 320.33 0.023889
317.663 320.431 0.023825
317.663 320.532 0.026832
317.663 320.634 0.026647
317.663 320.735 0.026786
317.663 320.837 0.02869
317.663 320.938 0.027081
317.663 321.04 0.025674
317.663 321.141 0.026453
317.663 321.242 0.023366
317.663 321.343 0.0229
318.686 321.444 0.023568
318.686 321.545 0.024531
318.686 321.646 0.023583
318.686 321.747 0.024154
318.686 321.848 0.028406
318.686 321.95 0.027573
318.686 322.051 0.026331
318.686 322.153 0.025132
319.708 322.254 0.023498
319.708 322.355 0.023331
319.708 322.457 0.024003
319.708 322.558 0.028256
319.708 322.66 0.02654
319.708 322.761 0.025202
319.708 322.863 0.026278
320.73 322.964 0.023297
320.73 323.065 0.023453
320.73 323.166 0.023447
320.73 323.267 0.022368
320.73 323.368 0.02321
320.73 323.469 0.023317
320.73 323.57 0.023082
320.73 323.672 0.023173
320.73 323.772 0.023526
320.73 323.873 0.022647
320.73 323.976 0.022387
320.73 324.077 0.023228
320.73 324.178 0.022958
320.73 324.279 0.02222
320.73 324.38 0.023966
320.73 324.481 0.022981
320.73 324.582 0.02264
320.73 324.683 0.023375
320.73 324.784 0.023297
320.73 324.886 0.022418
320.73 324.987 0.024785
320.73 325.088 0.023654
320.73 325.189 0.022193
320.73 325.29 0.023904
320.73 325.391 0.023624
320.73 325.492 0.02223
320.73 325.593 0.023843
320.73 325.694 0.024013
320.73 325.795 0.02226
320.73 325.896 0.023103
320.73 325.997 0.024569
320.73 326.098 0.022599
320.73 326.199 0.024042
320.73 326.3 0.024516
320.73 326.401 0.022316
320.73 326.502 0.024005
320.73 326.603 0.023347
320.73 326.704 0.022843
320.73 326.805 0.023432
320.73 326.906 0.023147
320.73 327.007 0.022239
320.73 327.108 0.024123
320.73 327.21 0.023646
320.73 327.311 0.023021
320.73 327.412 0.026493
320.73 327.513 0.023282
320.73 327.614 0.022984
320.73 327.716 0.024623
320.73 327.817 0.02411
320.73 327.918 0.02393
320.73 328.019 0.023103
320.73 328.121 0.025407
320.73 328.222 0.02233
320.73 328.323 0.023819
320.73 328.424 0.022471
320.73 328.525 0.023214
320.73 328.626 0.024006
320.73 328.728 0.022548
320.73 328.829 0.023798
320.73 328.93 0.022691
320.73 329.032 0.024138
320.73 329.133 0.02524
321.751 329.234 0.023134
321.751 329.335 0.024029
321.751 329.436 0.024736
321.751 329.537 0.024076
321.751 329.638 0.02251
321.751 329.739 0.022247
321.751 329.84 0.023007
321.751 329.941 0.029537
321.751 330.042 0.022228
321.751 330.143 0.023903
321.751 330.244 0.023834
321.751 330.345 0.023527
321.751 330.446 0.023274
321.751 330.547 0.022131
321.751 330.648 0.022368
321.751 330.75 0.02225
321.751 330.85 0.022369
321.751 330.951 0.022938
321.751 331.053 0.02247
321.751 331.154 0.022765
321.751 331.255 0.022697
321.751 331.356 0.022445
321.751 331.457 0.022093
321.751 331.558 0.022881
321.751 331.659 0.022159
321.751 331.76 0.022258
321.751 331.86 0.021988
321.751 331.962 0.022953
321.751 332.063 0.023313
321.751 332.164 0.024135
321.751 332.265 0.022702
321.751 332.366 0.022506
321.751 332.467 0.022631
321.751 332.567 0.022192
321.751 332.669 0.022548
321.751 332.77 0.023208
321.751 332.871 0.022915
321.751 332.972 0.023767
321.751 333.073 0.022212
321.751 333.174 0.023628
321.751 333.275 0.023269
321.751 333.376 0.023051
321.751 333.477 0.022633
321.751 333.577 0.021882
321.751 333.678 0.022634
321.751 333.779 0.022099
321.751 333.88 0.02219
321.751 333.982 0.02448
321.751 334.082 0.0223
321.751 334.183 0.022414
321.751 334.284 0.02344
321.751 334.386 0.022407
321.751 334.487 0.023381
321.751 334.588 0.031188
321.751 334.689 0.022786
321.751 334.791 0.023845
321.751 334.892 0.023619
321.751 334.993 0.024262
321.751 335.094 0.023526
328.356 335.195 0.022067
328.356 335.297 0.023866
328.356 335.398 0.022466
328.356 335.499 0.023351
328.356 335.6 0.023261
328.356 335.701 0.022943
328.356 335.802 0.022201
328.356 335.903 0.023131
328.356 336.004 0.022301
328.356 336.105 0.021978
328.356 336.206 0.023709
328.356 336.307 0.022293
328.356 336.408 0.023989
328.356 336.509 0.023856
328.356 336.61 0.023925
328.356 336.711 0.022343
328.356 336.812 0.022325
328.356 336.913 0.022447
328.356 337.014 0.022505
328.356 337.115 0.022187
328.356 337.216 0.02259
328.356 337.317 0.022424
328.356 337.418 0.022616
328.356 337.519 0.022151
328.356 337.62 0.022554
328.356 337.721 0.02234
328.356 337.822 0.021967
328.356 337.923 0.021845
328.356 338.025 0.025347
328.356 338.126 0.02575
328.356 338.227 0.021734
328.356 338.328 0.02195
328.356 338.429 0.021904
328.356 338.53 0.022265
328.356 338.631 0.021833
328.356 338.732 0.022163
328.356 338.833 0.022078
328.356 338.934 0.022211
328.356 339.035 0.022949
328.356 339.136 0.023382
328.356 339.238 0.023449
328.356 339.338 0.022421
328.356 339.439 0.022371
328.356 339.54 0.022058
328.356 339.641 0.021941
328.356 339.743 0.022372
328.356 339.843 0.023371
328.356 339.945 0.022309
328.356 340.046 0.022692
328.356 340.147 0.025918
328.356 340.248 0.022037
328.356 340.349 0.021862
328.356 340.45 0.02222
328.356 340.551 0.02246
328.356 340.652 0.022359
328.356 340.753 0.022131
328.356 340.854 0.022002
328.356 340.955 0.02302
328.356 341.057 0.023455
328.356 341.157 0.022619
328.356 341.259 0.02229
328.356 341.36 0.023182
328.356 341.461 0.021839
328.356 341.562 0.021876
328.356 341.663 0.022444
328.356 341.764 0.022875
328.356 341.865 0.022232
328.356 341.966 0.022226
328.356 342.067 0.022359
328.356 342.168 0.022408
328.356 342.269 0.02198
328.356 342.37 0.021969
328.356 342.471 0.021954
328.356 342.572 0.022105
328.356 342.673 0.022229
328.356 342.774 0.024895
328.356 342.875 0.022318
328.356 342.976 0.021943
328.356 343.077 0.023398
328.356 343.178 0.022185
328.356 343.28 0.022187
328.356 343.381 0.023064
328.356 343.482 0.022512
328.356 343.584 0.024152
328.356 343.685 0.023007
328.356 343.786 0.02253
328.356 343.887 0.022841
328.356 343.989 0.022022
328.356 344.09 0.022325
328.356 344.191 0.023393
328.356 344.292 0.022679
328.356 344.394 0.024325
328.356 344.495 0.023769
328.356 344.596 0.022368
328.356 344.697 0.023241
334.413 344.798 0.023272
334.413 344.899 0.025484
334.413 345 0.022727
334.413 345.101 0.022336
334.413 345.202 0.023147
334.413 345.303 0.022492
334.413 345.404 0.022421
334.413 345.505 0.022102
334.413 345.606 0.021992
334.413 345.707 0.021808
334.413 345.808 0.02369
334.413 345.909 0.023705
334.413 346.01 0.022165
334.413 346.111 0.022108
334.413 346.212 0.022001
334.413 346.313 0.02211
334.413 346.415 0.022089
334.413 346.515 0.022384
334.413 346.617 0.022722
334.413 346.718 0.022621
334.413 346.819 0.022449
334.413 346.92 0.02208
334.413 347.021 0.023704
334.413 347.122 0.022803
334.413 347.223 0.022244
334.413 347.324 0.022082
334.413 347.425 0.022125
334.413 347.526 0.022276
334.413 347.627 0.022248
334.413 347.728 0.02205
334.413 347.829 0.021839
334.413 347.93 0.023035
334.413 348.031 0.022674
334.413 348.132 0.024078
334.413 348.234 0.022557
334.413 348.334 0.021826
334.413 348.436 0.022568
334.413 348.537 0.022138
334.413 348.638 0.021588
334.413 348.739 0.021746
334.413 348.84 0.021822
334.413 348.941 0.02274
334.413 349.042 0.022003
334.413 349.143 0.024238
334.413 349.244 0.021963
334.413 349.345 0.022223
334.413 349.446 0.022156
334.413 349.547 0.022929
334.413 349.648 0.022366
334.413 349.749 0.021914
334.413 349.85 0.02258
334.413 349.951 0.022366
334.413 350.053 0.025521
334.413 350.154 0.023943
334.413 350.255 0.02252
334.413 350.357 0.024064
334.413 350.458 0.021907
334.413 350.559 0.022559
334.413 350.661 0.021747
334.413 350.762 0.022181
334.413 350.863 0.022347
334.413 350.964 0.021956
334.413 351.065 0.024565
334.413 351.166 0.022678
334.413 351.267 0.02244
334.413 351.368 0.022705
334.413 351.469 0.022644
334.413 351.57 0.021989
334.413 351.671 0.021999
334.413 351.772 0.022209
334.413 351.873 0.02201
334.413 351.974 0.021937
334.413 352.075 0.023022
334.413 352.176 0.022502
334.413 352.277 0.02234
334.413 352.379 0.026448
334.413 352.48 0.025557
334.413 352.581 0.024054
334.413 352.682 0.024645
334.413 352.783 0.023594
334.413 352.884 0.025345
334.413 352.985 0.022597
334.413 353.087 0.025519
334.413 353.188 0.024908
334.413 353.289 0.024688
343.449 353.39 0.022728
343.449 353.491 0.022552
343.449 353.592 0.022879
343.449 353.693 0.022532
343.449 353.795 0.024079
343.449 353.896 0.022895
343.449 353.997 0.022578
343.449 354.098 0.023473
343.449 354.199 0.023655
343.449 354.3 0.02288
343.449 354.402 0.022699
343.449 354.503 0.022125
343.449 354.604 0.021793
343.449 354.706 0.022105
343.449 354.807 0.022725
343.449 354.908 0.02176
343.449 355.009 0.021888
343.449 355.111 0.022367
343.449 355.212 0.022502
343.449 355.313 0.022506
343.449 355.414 0.022231
343.449 355.515 0.021978
343.449 355.617 0.022695
343.449 355.718 0.022182
343.449 355.819 0.023213
343.449 355.921 0.023656
343.449 356.022 0.022698
343.449 356.123 0.022264
343.449 356.225 0.022132
343.449 356.326 0.021731
343.449 356.427 0.021728
343.449 356.528 0.022969
343.449 356.629 0.021744
343.449 356.73 0.02211
343.449 356.831 0.021659
343.449 356.932 0.023115
343.449 357.033 0.022243
343.449 357.135 0.023542
343.449 357.236 0.022248
343.449 357.337 0.021715
343.449 357.438 0.021937
343.449 357.539 0.022177
343.449 357.64 0.021553
343.449 357.742 0.022168
343.449 357.843 0.021695
343.449 357.944 0.021773
343.449 358.045 0.021961
343.449 358.146 0.022849
343.449 358.247 0.021597
343.449 358.348 0.02159
343.449 358.449 0.023078
343.449 358.55 0.022324
343.449 358.651 0.021626
343.449 358.752 0.022615
343.449 358.852 0.022278
343.449 358.953 0.023072
343.449 359.055 0.022138
343.449 359.156 0.023381
343.449 359.257 0.024128
343.449 359.358 0.023343
343.449 359.459 0.021597
343.449 359.559 0.021423
343.449 359.66 0.021608
343.449 359.761 0.022785
343.449 359.862 0.022138
343.449 359.964 0.022549
343.449 360.064 0.022058
343.449 360.165 0.022074
343.449 360.266 0.022495
343.449 360.367 0.024799
343.449 360.469 0.024036
343.449 360.569 0.03118
343.449 360.67 0.022693
343.449 360.771 0.022272
343.449 360.872 0.021475
343.449 360.973 0.022589
343.449 361.075 0.02273
352.305 361.176 0.025819
352.305 361.277 0.021733
352.305 361.378 0.026367
352.305 361.479 0.024502
352.305 361.581 0.02986
352.305 361.682 0.022329
352.305 361.783 0.021537
352.305 361.884 0.022056
352.305 361.986 0.0239
360.288 362.087 0.023646
360.288 362.188 0.021957
360.288 362.289 0.022459
360.288 362.39 0.022442
360.288 362.492 0.023539
360.288 362.593 0.025577
360.288 362.694 0.023609
361.309 362.795 0.02264
361.309 362.896 0.021954
361.309 362.998 0.02301
361.309 363.099 0.021582
361.309 363.2 0.021539
361.309 363.301 0.023018
361.309 363.402 0.021755
361.309 363.503 0.023825
361.309 363.604 0.021625
361.309 363.705 0.022391
361.309 363.807 0.022719
361.309 363.907 0.022056
362.33 364.009 0.021615
362.33 364.11 0.023307
362.33 364.211 0.022197
362.33 364.313 0.023037
362.33 364.413 0.022729
362.33 364.515 0.023926
362.33 364.616 0.025821
362.33 364.717 0.021778
363.353 364.818 0.022682
363.353 364.92 0.021618
363.353 365.021 0.022265
363.353 365.122 0.022559
363.353 365.223 0.021692
363.353 365.325 0.022521
363.353 365.426 0.023586
363.353 365.527 0.02266
363.353 365.628 0.024009
364.379 365.729 0.027429
364.379 365.831 0.023548
364.379 365.932 0.02323
364.379 366.033 0.022149
364.379 366.134 0.021613
364.379 366.235 0.023567
364.379 366.337 0.023009
364.379 366.438 0.023595
364.379 366.539 0.023058
364.379 366.641 0.023266
364.379 366.742 0.022993
364.379 366.843 0.022307
365.401 366.944 0.023681
365.401 367.045 0.02424
365.401 367.146 0.022153
365.401 367.247 0.023203
365.401 367.348 0.022536
365.401 367.449 0.025333
365.401 367.55 0.024828
365.401 367.651 0.023447
366.422 367.752 0.02343
366.422 367.853 0.021971
366.422 367.961 0.022153
366.422 368.062 0.025224
366.422 368.164 0.022949
366.422 368.265 0.02351
366.422 368.366 0.023774
366.422 368.467 0.023535
366.422 368.568 0.022867
366.422 368.669 0.023591
366.422 368.77 0.022044
366.422 368.871 0.022268
367.446 368.972 0.02189
367.446 369.073 0.022599
367.446 369.174 0.022777
367.446 369.275 0.023431
367.446 369.377 0.0243
367.446 369.478 0.02389
367.446 369.58 0.022105
367.446 369.68 0.02253
367.446 369.781 0.02221
367.446 369.882 0.023957
367.446 369.983 0.02379
368.469 370.084 0.022652
368.469 370.185 0.022715
368.469 370.286 0.026955
368.469 370.387 0.026954
368.469 370.488 0.026421
368.469 370.589 0.02384
368.469 370.69 0.023165
368.469 370.794 0.022973
369.49 370.892 0.02141
369.49 370.993 0.022594
369.49 371.095 0.0225
369.49 371.196 0.02198
369.49 371.297 0.023555
369.49 371.398 0.02198
369.49 371.5 0.024578
370.511 371.601 0.024694
370.511 371.702 0.023594
370.511 371.803 0.022702
370.511 371.904 0.02273
370.511 372.005 0.022146
370.511 372.106 0.021631
370.511 372.208 0.023384
370.511 372.309 0.022233
370.511 372.41 0.026704
370.511 372.511 0.024554
370.511 372.612 0.02307
370.511 372.714 0.025169
370.511 372.815 0.023254
370.511 372.916 0.025811
370.511 373.018 0.02718
371.533 373.119 0.023135
371.533 373.22 0.024169
371.533 373.321 0.022758
371.533 373.422 0.023049
371.533 373.523 0.023583
371.533 373.624 0.022822
371.533 373.725 0.023482
371.533 373.827 0.023575
372.554 373.928 0.022414
372.554 374.029 0.022902
372.554 374.13 0.024164
372.554 374.231 0.022816
372.554 374.332 0.025262
372.554 374.433 0.022829
372.554 374.534 0.023384
372.554 374.635 0.022696
372.554 374.737 0.022755
372.554 374.838 0.024991
372.554 374.939 0.023732
373.577 375.04 0.022312
373.577 375.141 0.022703
373.577 375.243 0.022229
373.577 375.344 0.022834
373.577 375.445 0.022516
373.577 375.546 0.02263
374.604 375.647 0.024798
374.604 375.748 0.022776
374.604 375.849 0.022969
374.604 375.95 0.022721
374.604 376.051 0.022882
374.604 376.152 0.022364
374.604 376.254 0.022689
374.604 376.355 0.022862
374.604 376.456 0.022189
374.604 376.557 0.022154
374.604 376.658 0.022347
374.604 376.759 0.02254
374.604 376.86 0.023421
374.604 376.961 0.022004
374.604 377.062 0.023015
374.604 377.163 0.023465
374.604 377.264 0.022083
374.604 377.365 0.022992
374.604 377.466 0.02317
374.604 377.567 0.02194
374.604 377.668 0.022769
374.604 377.769 0.022084
374.604 377.87 0.022465
374.604 377.971 0.022977
374.604 378.071 0.023046
374.604 378.173 0.022912
374.604 378.274 0.025057
374.604 378.375 0.023023
374.604 378.476 0.022017
374.604 378.578 0.023104
374.604 378.679 0.023552
374.604 378.78 0.022088
374.604 378.881 0.022364
374.604 378.982 0.021954
374.604 379.083 0.023715
374.604 379.185 0.023411
374.604 379.286 0.022628
374.604 379.387 0.022043
374.604 379.488 0.022721
374.604 379.589 0.023284
374.604 379.69 0.022001
374.604 379.791 0.023136
374.604 379.892 0.022843
374.604 379.993 0.023932
374.604 380.094 0.023527
374.604 380.195 0.022576
374.604 380.296 0.023116
374.604 380.397 0.024824
374.604 380.499 0.023238
374.604 380.6 0.02477
374.604 380.701 0.022751
374.604 380.802 0.02266
374.604 380.904 0.022636
374.604 381.005 0.02239
374.604 381.107 0.027548
374.604 381.208 0.02239
374.604 381.309 0.02274
374.604 381.41 0.024877
374.604 381.511 0.023794
374.604 381.613 0.025875
374.604 381.713 0.022965
374.604 381.814 0.023251
375.625 381.915 0.022768
375.625 382.016 0.022636
375.625 382.118 0.023125
375.625 382.219 0.023089
375.625 382.32 0.024395
375.625 382.421 0.025821
375.625 382.522 0.023835
375.625 382.623 0.023074
375.625 382.725 0.023006
380.329 382.826 0.022842
380.329 382.927 0.022748
380.329 383.028 0.022433
380.329 383.129 0.022486
380.329 383.23 0.023292
380.329 383.331 0.022693
381.35 383.432 0.022545
381.35 383.533 0.023845
381.35 383.634 0.023772
381.35 383.736 0.022287
381.35 383.837 0.023462
381.35 383.938 0.022789
381.35 384.039 0.022523
381.35 384.14 0.022512
381.35 384.242 0.022484
381.35 384.343 0.023847
381.35 384.444 0.024491
381.35 384.545 0.022752
381.35 384.647 0.023712
381.35 384.747 0.022378
382.372 384.849 0.022567
382.372 384.95 0.023643
382.372 385.051 0.022605
382.372 385.152 0.023029
382.372 385.253 0.022644
382.372 385.354 0.022086
382.372 385.455 0.02346
382.372 385.556 0.026856
382.372 385.657 0.024463
383.394 385.759 0.022486
383.394 385.86 0.023147
383.394 385.961 0.022556
383.394 386.062 0.022984
383.394 386.163 0.022666
383.394 386.264 0.022849
383.394 386.365 0.022555
383.394 386.466 0.025387
384.415 386.568 0.02473
384.415 386.669 0.022203
384.415 386.77 0.022102
384.415 386.871 0.022871
384.415 386.972 0.023936
384.415 387.073 0.021966
384.415 387.174 0.023477
384.415 387.275 0.021978
385.438 387.376 0.022289
385.438 387.477 0.023792
385.438 387.578 0.027137
385.438 387.68 0.024235
385.438 387.781 0.022005
385.438 387.882 0.022762
385.438 387.983 0.023015
385.438 388.084 0.022565
385.438 388.185 0.022446
385.438 388.286 0.022734
385.438 388.387 0.022479
386.46 388.488 0.022592
386.46 388.589 0.022953
386.46 388.69 0.022074
386.46 388.791 0.023192
386.46 388.892 0.023597
386.46 388.993 0.022939
386.46 389.094 0.022873
386.46 389.195 0.02345
386.46 389.296 0.022537
386.46 389.397 0.0223
386.46 389.498 0.023834
386.46 389.599 0.023109
386.46 389.701 0.029477
387.481 389.802 0.023013
387.481 389.903 0.022497
387.481 390.004 0.024517
387.481 390.105 0.022147
387.481 390.206 0.022539
387.481 390.307 0.023551
388.505 390.408 0.022133
388.505 390.509 0.022025
388.505 390.61 0.022838
388.505 390.711 0.022394
388.505 390.812 0.023284
388.505 390.914 0.022935
388.505 391.015 0.02243
388.505 391.116 0.023223
388.505 391.216 0.022916
388.505 391.318 0.028949
388.505 391.42 0.022966
388.505 391.521 0.02272
389.528 391.622 0.02361
389.528 391.723 0.023182
389.528 391.824 0.023728
389.528 391.925 0.024784
389.528 392.026 0.023137
389.528 392.127 0.022441
389.528 392.228 0.022355
389.528 392.329 0.023655
389.528 392.43 0.022565
389.528 392.531 0.022733
389.528 392.632 0.022807
390.549 392.733 0.026742
390.549 392.834 0.024554
390.549 392.935 0.024243
390.549 393.037 0.022674
390.549 393.138 0.022715
390.549 393.239 0.022885
390.549 393.34 0.0246
390.549 393.441 0.022631
390.549 393.542 0.023578
391.57 393.643 0.024977
391.57 393.744 0.024093
391.57 393.845 0.02276
391.57 393.946 0.022563
391.57 394.047 0.022424
391.57 394.148 0.022412
391.57 394.249 0.023649
391.57 394.351 0.024152
391.57 394.451 0.022654
391.57 394.552 0.022485
392.592 394.653 0.022323
392.592 394.754 0.026494
392.592 394.856 0.024869
392.592 394.957 0.023405
392.592 395.058 0.022906
392.592 395.159 0.02374
392.592 395.26 0.025435
392.592 395.361 0.022602
392.592 395.461 0.022914
392.592 395.563 0.021978
393.615 395.664 0.022835
393.615 395.765 0.023568
393.615 395.866 0.023001
393.615 395.967 0.024591
393.615 396.068 0.023513
393.615 396.169 0.022831
393.615 396.271 0.02248
393.615 396.371 0.02295
393.615 396.472 0.022154
394.637 396.573 0.021994
394.637 396.674 0.022819
394.637 396.775 0.023422
394.637 396.876 0.02333
394.637 396.977 0.02242
394.637 397.079 0.022616
395.659 397.179 0.023058
395.659 397.28 0.022346
395.659 397.382 0.022771
395.659 397.483 0.022457
395.659 397.584 0.023146
395.659 397.685 0.023716
395.659 397.786 0.024087
395.659 397.887 0.021757
396.681 397.988 0.02205
396.681 398.089 0.021949
396.681 398.19 0.02192
396.681 398.291 0.022113
396.681 398.392 0.022436
396.681 398.493 0.022057
396.681 398.595 0.022015
396.681 398.696 0.021619
397.703 398.797 0.022505
397.703 398.898 0.021569
397.703 398.999 0.022907
397.703 399.1 0.022661
397.703 399.202 0.022952
397.703 399.303 0.022285
397.703 399.404 0.024894
398.725 399.505 0.023115
398.725 399.606 0.022185
398.725 399.707 0.022941
398.725 399.808 0.021607
398.725 399.909 0.021886
398.725 400.01 0.021622
398.725 400.111 0.021866
398.725 400.212 0.022757
398.725 400.313 0.022604
398.725 400.414 0.023428
398.725 400.515 0.021514
398.725 400.616 0.021651
398.725 400.717 0.022375
398.725 400.818 0.022186
398.725 400.919 0.022257
398.725 401.02 0.021711
398.725 401.121 0.02208
398.725 401.223 0.022429
398.725 401.324 0.023621
398.725 401.424 0.022446
398.725 401.525 0.022476
398.725 401.627 0.022038
398.725 401.728 0.02276
398.725 401.829 0.022026
398.725 401.93 0.022148
398.725 402.032 0.021767
398.725 402.133 0.021571
398.725 402.234 0.021833
398.725 402.336 0.021835
398.725 402.437 0.022337
398.725 402.538 0.022851
398.725 402.639 0.022251
398.725 402.74 0.021978
398.725 402.841 0.021944
398.725 402.942 0.021621
398.725 403.043 0.021644
398.725 403.144 0.021818
398.725 403.245 0.021601
398.725 403.346 0.022008
398.725 403.447 0.022138
398.725 403.548 0.022094
398.725 403.649 0.021577
398.725 403.75 0.023391
398.725 403.851 0.02225
398.725 403.952 0.021381
398.725 404.053 0.021526
398.725 404.154 0.021834
398.725 404.256 0.022506
398.725 404.357 0.022323
398.725 404.458 0.023683
398.725 404.559 0.022643
398.725 404.66 0.023339
398.725 404.761 0.022648
398.725 404.862 0.022953
398.725 404.963 0.023477
398.725 405.064 0.023277
398.725 405.165 0.02203
398.725 405.266 0.024651
398.725 405.367 0.021935
398.725 405.468 0.022077
398.725 405.569 0.021868
398.725 405.671 0.021425
398.725 405.772 0.022188
398.725 405.873 0.021879
398.725 405.973 0.022106
398.725 406.074 0.021549
398.725 406.175 0.022027
398.725 406.277 0.024966
398.725 406.378 0.022883
398.725 406.479 0.021921
398.725 406.58 0.022373
398.725 406.681 0.022897
398.725 406.783 0.024043
398.725 406.884 0.023417
398.725 406.985 0.024522
398.725 407.086 0.022778
398.725 407.187 0.023112
398.725 407.288 0.023365
398.725 407.39 0.024187
398.725 407.49 0.022491
399.749 407.591 0.023685
399.749 407.692 0.023593
399.749 407.793 0.023832
399.749 407.894 0.021741
399.749 407.995 0.024771
399.749 408.096 0.022936
399.749 408.197 0.023702
399.749 408.298 0.023818
399.749 408.399 0.021788
406.154 408.504 0.02512
406.154 408.605 0.022347
406.154 408.706 0.024429
406.154 408.807 0.023612
406.154 408.908 0.02283
406.154 409.01 0.023217
406.154 409.111 0.022805
406.154 409.213 0.02488
407.176 409.314 0.024394
407.176 409.415 0.022145
407.176 409.516 0.021418
407.176 409.617 0.021829
407.176 409.718 0.021477
407.176 409.819 0.021783
407.176 409.92 0.022281
407.176 410.021 0.021634
407.176 410.122 0.022254
407.176 410.224 0.021989
407.176 410.326 0.022267
407.176 410.427 0.02171
407.176 410.528 0.022198
407.176 410.629 0.023479
407.176 410.73 0.022868
407.176 410.831 0.022285
407.176 410.932 0.021835
407.176 411.033 0.022299
407.176 411.134 0.022063
407.176 411.235 0.021875
407.176 411.337 0.022411
407.176 411.438 0.022152
407.176 411.539 0.023128
407.176 411.64 0.02347
407.176 411.741 0.022226
407.176 411.843 0.021997
407.176 411.944 0.021933
407.176 412.045 0.022497
407.176 412.146 0.023425
407.176 412.247 0.022878
407.176 412.348 0.022135
407.176 412.449 0.021648
407.176 412.55 0.021492
407.176 412.652 0.02169
407.176 412.753 0.022092
407.176 412.854 0.021563
407.176 412.955 0.022525
407.176 413.056 0.022196
407.176 413.158 0.022032
407.176 413.259 0.021839
407.176 413.36 0.021909
407.176 413.461 0.023475
407.176 413.562 0.021588
407.176 413.663 0.022039
407.176 413.765 0.021516
407.176 413.866 0.02205
407.176 413.967 0.022212
407.176 414.068 0.021875
407.176 414.169 0.022512
407.176 414.27 0.022408
407.176 414.371 0.021829
407.176 414.472 0.022002
407.176 414.573 0.021551
407.176 414.675 0.021914
407.176 414.776 0.021885
407.176 414.877 0.025132
407.176 414.978 0.022159
407.176 415.079 0.02255
407.176 415.18 0.021736
407.176 415.282 0.022084
407.176 415.383 0.022379
407.176 415.484 0.022336
407.176 415.585 0.022277
407.176 415.686 0.022803
407.176 415.787 0.024984
407.176 415.888 0.025077
407.176 415.989 0.023134
408.198 416.09 0.023282
408.198 416.191 0.021673
408.198 416.292 0.02362
408.198 416.393 0.023385
408.198 416.494 0.022224
408.198 416.595 0.022266
415.142 416.696 0.022664
415.142 416.797 0.021773
415.142 416.898 0.021661
415.142 416.999 0.023404
415.142 417.1 0.022761
415.142 417.201 0.022695
415.142 417.302 0.022589
415.142 417.403 0.023321
415.142 417.505 0.025833
415.142 417.606 0.025657
415.142 417.707 0.023479
415.142 417.808 0.025306
415.142 417.909 0.026227
416.164 418.01 0.023126
416.164 418.111 0.023821
416.164 418.212 0.023481
416.164 418.313 0.025709
416.164 418.414 0.023544
416.164 418.515 0.02383
416.164 418.617 0.023859
416.164 418.718 0.02403
416.164 418.819 0.021676
416.164 418.919 0.021736
417.185 419.021 0.022794
417.185 419.121 0.022263
417.185 419.225 0.0256
417.185 419.326 0.02739
417.185 419.427 0.026221
417.185 419.528 0.025402
417.185 419.629 0.021872
417.185 419.73 0.021435
417.185 419.831 0.022347
418.206 419.932 0.021806
418.206 420.033 0.022412
418.206 420.135 0.023262
418.206 420.235 0.023185
418.206 420.337 0.022118
418.206 420.438 0.024939
418.206 420.539 0.023705
418.206 420.64 0.024745
418.206 420.741 0.02563
418.206 420.842 0.025361
418.206 420.943 0.025162
419.231 421.045 0.022373
419.231 421.146 0.023087
419.231 421.247 0.022247
419.231 421.348 0.024237
419.231 421.449 0.024698
419.231 421.55 0.021829
419.231 421.652 0.02246
419.231 421.753 0.0223
419.231 421.854 0.022851
419.231 421.955 0.024471
419.231 422.056 0.021829
419.231 422.158 0.022031
419.231 422.259 0.022765
419.231 422.36 0.021901
419.231 422.461 0.023122
419.231 422.562 0.021861
419.231 422.663 0.022405
419.231 422.764 0.023912
419.231 422.865 0.023153
419.231 422.966 0.022356
419.231 423.067 0.022
419.231 423.168 0.022219
419.231 423.269 0.02195
419.231 423.37 0.022324
419.231 423.471 0.021906
419.231 423.572 0.0219
419.231 423.673 0.025257
419.231 423.774 0.023063
419.231 423.875 0.022282
419.231 423.976 0.02255
419.231 424.077 0.021958
419.231 424.178 0.022687
419.231 424.279 0.022582
419.231 424.38 0.022921
419.231 424.481 0.022492
419.231 424.582 0.022268
419.231 424.683 0.022128
419.231 424.784 0.023518
419.231 424.885 0.022335
419.231 424.986 0.024267
419.231 425.087 0.021762
419.231 425.188 0.021928
419.231 425.289 0.02254
419.231 425.39 0.021609
419.231 425.491 0.022461
419.231 425.593 0.021887
419.231 425.694 0.023316
419.231 425.795 0.022729
419.231 425.896 0.022545
419.231 425.997 0.021962
419.231 426.098 0.02302
419.231 426.199 0.022992
419.231 426.3 0.022117
419.231 426.401 0.021755
419.231 426.502 0.021688
419.231 426.603 0.023179
419.231 426.704 0.022343
419.231 426.806 0.02433
419.231 426.907 0.022696
419.231 427.008 0.021967
419.231 427.109 0.023059
419.231 427.21 0.022821
419.231 427.311 0.023367
419.231 427.412 0.023034
419.231 427.513 0.022633
419.231 427.614 0.023325
419.231 427.715 0.025212
419.231 427.817 0.021993
419.231 427.918 0.022538
419.231 428.019 0.023738
419.231 428.12 0.022523
419.231 428.221 0.023368
419.231 428.322 0.0228
419.231 428.423 0.022197
419.231 428.524 0.022486
419.231 428.626 0.022081
419.231 428.727 0.022208
419.231 428.828 0.022983
420.253 428.929 0.022448
420.253 429.031 0.02229
420.253 429.132 0.022073
420.253 429.233 0.022422
420.253 429.334 0.022491
420.253 429.436 0.021929
420.253 429.537 0.022008
420.253 429.638 0.022024
420.253 429.739 0.022364
420.253 429.841 0.023837
420.253 429.942 0.021761
420.253 430.043 0.021996
420.253 430.144 0.022617
420.253 430.247 0.023503
420.253 430.346 0.021735
420.253 430.447 0.02182
420.253 430.548 0.022292
420.253 430.649 0.022694
420.253 430.75 0.022195
420.253 430.852 0.023
420.253 430.953 0.022532
420.253 431.053 0.021946
420.253 431.154 0.022615
420.253 431.256 0.021903
420.253 431.357 0.022068
420.253 431.458 0.022472
420.253 431.559 0.022178
420.253 431.66 0.021975
420.253 431.761 0.022096
420.253 431.861 0.022823
420.253 431.962 0.022212
420.253 432.063 0.022056
420.253 432.165 0.023568
420.253 432.266 0.022681
420.253 432.367 0.021974
420.253 432.468 0.022463
420.253 432.569 0.02233
420.253 432.67 0.022448
420.253 432.772 0.022507
420.253 432.873 0.022047
420.253 432.974 0.022104
420.253 433.075 0.022241
420.253 433.177 0.022099
420.253 433.278 0.021768
420.253 433.379 0.022192
420.253 433.48 0.022641
420.253 433.582 0.021865
420.253 433.683 0.022107
420.253 433.784 0.022115
420.253 433.885 0.022205
420.253 433.987 0.023624
420.253 434.088 0.021953
420.253 434.189 0.022975
420.253 434.291 0.022253
420.253 434.392 0.022549
420.253 434.493 0.021904
420.253 434.594 0.021976
420.253 434.695 0.02185
420.253 434.797 0.024265
420.253 434.898 0.022063
420.253 434.999 0.022164
420.253 435.1 0.022108
420.253 435.201 0.022354
420.253 435.302 0.022615
420.253 435.403 0.022353
420.253 435.504 0.021781
420.253 435.605 0.022699
420.253 435.706 0.022298
420.253 435.807 0.024245
420.253 435.908 0.022648
420.253 436.01 0.02273
427.971 436.11 0.022838
427.971 436.212 0.022139
427.971 436.312 0.022465
427.971 436.414 0.022695
427.971 436.515 0.023899
427.971 436.616 0.022924
427.971 436.717 0.021656
427.971 436.818 0.021718
427.971 436.919 0.022363
427.971 437.02 0.022885
427.971 437.121 0.022898
427.971 437.222 0.024322
427.971 437.323 0.023445
427.971 437.424 0.022785
427.971 437.525 0.021983
427.971 437.626 0.022334
427.971 437.727 0.022668
427.971 437.828 0.023035
427.971 437.929 0.022607
427.971 438.03 0.0223
427.971 438.132 0.023606
427.971 438.232 0.022746
427.971 438.334 0.023115
427.971 438.435 0.022233
427.971 438.535 0.021879
427.971 438.637 0.021609
427.971 438.738 0.021854
427.971 438.839 0.022135
427.971 438.94 0.022355
427.971 439.041 0.023014
427.971 439.142 0.022875
427.971 439.243 0.022263
427.971 439.344 0.02204
427.971 439.445 0.022114
427.971 439.546 0.022376
427.971 439.647 0.022274
427.971 439.748 0.022429
427.971 439.849 0.022383
427.971 439.95 0.022304
427.971 440.051 0.022562
427.971 440.152 0.022811
427.971 440.253 0.022397
427.971 440.354 0.021752
427.971 440.455 0.022383
427.971 440.556 0.022287
427.971 440.657 0.022301
427.971 440.758 0.022344
427.971 440.859 0.022326
427.971 440.96 0.021693
427.971 441.061 0.02214
427.971 441.162 0.023046
427.971 441.263 0.022207
427.971 441.364 0.02328
427.971 441.465 0.022608
427.971 441.566 0.021735
427.971 441.667 0.022146
427.971 441.769 0.021748
427.971 441.87 0.023134
427.971 441.971 0.023124
427.971 442.073 0.024751
427.971 442.173 0.023018
427.971 442.275 0.024338
427.971 442.376 0.025829
427.971 442.477 0.026529
427.971 442.578 0.022427
427.971 442.679 0.022512
427.971 442.781 0.022296
434.821 442.881 0.022127
434.821 442.982 0.022347
434.821 443.084 0.023293
434.821 443.185 0.021876
434.821 443.285 0.02439
434.821 443.386 0.022486
434.821 443.488 0.022628
434.821 443.588 0.022491
434.821 443.689 0.022379
434.821 443.79 0.025286
434.821 443.891 0.02212
434.821 443.992 0.023628
434.821 444.093 0.022088
434.821 444.194 0.021889
434.821 444.295 0.022731
434.821 444.396 0.023047
434.821 444.497 0.022945
434.821 444.598 0.02196
434.821 444.699 0.022222
434.821 444.801 0.022731
434.821 444.902 0.022133
434.821 445.003 0.022235
434.821 445.104 0.02194
434.821 445.206 0.021983
434.821 445.306 0.021894
434.821 445.408 0.022104
434.821 445.509 0.022864
434.821 445.61 0.021844
434.821 445.711 0.021825
434.821 445.812 0.022752
434.821 445.913 0.022696
434.821 446.014 0.023152
434.821 446.115 0.022522
434.821 446.216 0.022239
434.821 446.317 0.023321
434.821 446.418 0.023513
434.821 446.519 0.022226
434.821 446.62 0.022424
434.821 446.721 0.022371
434.821 446.822 0.02194
434.821 446.923 0.02188
434.821 447.024 0.022116
434.821 447.125 0.02392
434.821 447.227 0.022863
434.821 447.328 0.022495
434.821 447.429 0.022039
434.821 447.53 0.022445
434.821 447.632 0.022477
434.821 447.733 0.022635
434.821 447.834 0.022412
434.821 447.935 0.022044
434.821 448.036 0.021906
434.821 448.138 0.022441
434.821 448.238 0.021797
434.821 448.34 0.022001
434.821 448.441 0.023086
434.821 448.542 0.02183
434.821 448.643 0.025023
434.821 448.744 0.027936
434.821 448.846 0.02345
434.821 448.947 0.022382
434.821 449.048 0.025836
434.821 449.15 0.025867
434.821 449.251 0.025472
441.823 449.352 0.023553
441.823 449.453 0.024448
441.823 449.554 0.022253
441.823 449.657 0.022649
441.823 449.758 0.022481
441.823 449.859 0.021553
441.823 449.961 0.028246
441.823 450.062 0.023606
441.823 450.163 0.022792
441.823 450.264 0.02384
441.823 450.365 0.024064
441.823 450.466 0.022364
441.823 450.567 0.022233
441.823 450.668 0.023281
441.823 450.769 0.023792
441.823 450.871 0.022343
441.823 450.972 0.023728
441.823 451.073 0.022971
441.823 451.174 0.022645
441.823 451.275 0.024048
441.823 451.376 0.023301
441.823 451.478 0.022519
441.823 451.578 0.023616
441.823 451.679 0.022332
441.823 451.781 0.022271
441.823 451.882 0.0235
441.823 451.983 0.023534
441.823 452.084 0.022033
441.823 452.185 0.022254
441.823 452.286 0.022165
441.823 452.388 0.022399
441.823 452.489 0.023072
441.823 452.589 0.024661
441.823 452.691 0.023976
441.823 452.792 0.023542
441.823 452.893 0.022597
441.823 452.995 0.02269
441.823 453.096 0.022576
441.823 453.197 0.024759
441.823 453.299 0.022239
441.823 453.4 0.022293
441.823 453.501 0.022443
441.823 453.602 0.023084
441.823 453.704 0.02415
441.823 453.805 0.022093
441.823 453.906 0.023942
441.823 454.007 0.021889
441.823 454.108 0.021926
441.823 454.209 0.023925
441.823 454.31 0.022847
441.823 454.411 0.02213
441.823 454.512 0.022027
441.823 454.613 0.022383
441.823 454.714 0.025045
441.823 454.816 0.023893
441.823 454.917 0.022275
441.823 455.018 0.024273
441.823 455.119 0.02225
441.823 455.221 0.025484
441.823 455.321 0.027663
441.823 455.423 0.02739
441.823 455.524 0.022528
441.823 455.625 0.025326
441.823 455.726 0.025495
441.823 455.827 0.025795
448.167 455.928 0.024352
448.167 456.029 0.023899
