298.259 1.71365 0.02839 1.54886 0.154904
300.003 0.235155 0.026705 0.095602 0.135486
301.031 0.210077 0.022065 0.08462 0.12239
302.054 0.186556 0.023102 0.06878 0.114879
303.079 0.171972 0.023055 0.06595 0.103082
304.103 0.181341 0.021621 0.062254 0.116293
305.126 0.18516 0.021556 0.05877 0.123542
306.149 0.17838 0.021781 0.058532 0.117038
307.172 0.179249 0.021971 0.068037 0.108351
308.195 0.180133 0.022116 0.068759 0.10847
309.218 0.179926 0.021031 0.067584 0.109523
310.24 0.283383 0.021357 0.062428 0.218151
311.263 0.264993 0.023945 0.067633 0.194551
312.288 0.278489 0.021608 0.066431 0.209176
313.312 0.261423 0.020265 0.066771 0.191788
314.333 1.2638 0.022229 0.066931 1.19406
315.621 0.250602 0.01956 0.063555 0.184285
316.642 0.251497 0.020264 0.062644 0.185873
317.663 0.26647 0.020986 0.068318 0.195173
318.686 0.25627 0.020424 0.057278 0.195916
319.708 0.248705 0.020932 0.060987 0.184882
320.73 0.267037 0.019633 0.059391 0.204842
321.751 6.58064 0.02338 0.056539 6.52116
328.356 6.03445 0.021668 0.097632 5.93387
334.413 9.01469 0.020009 0.111549 8.90019
343.449 8.83384 0.020921 0.120848 8.71018
352.305 7.96121 0.019965 0.106746 7.85169
360.288 0.964043 0.019721 0.084837 0.876374
361.309 0.860047 0.019909 0.063475 0.793834
362.33 0.251881 0.021396 0.055976 0.193118
363.353 0.250114 0.024513 0.060266 0.186925
364.379 0.242141 0.020277 0.060293 0.178775
365.401 0.779541 0.020158 0.058436 0.71832
366.422 0.258777 0.022485 0.059736 0.196308
367.446 0.755893 0.021432 0.057418 0.69539
368.469 0.251608 0.01995 0.060562 0.188285
369.49 0.247594 0.019926 0.060904 0.183905
370.511 0.236667 0.020856 0.057608 0.176225
371.533 0.697858 0.020104 0.047484 0.647625
372.554 0.649809 0.02182 0.055621 0.591459
373.577 0.70311 0.024865 0.064074 0.635678
374.604 0.25469 0.019971 0.057909 0.194035
375.625 4.6818 0.020328 0.047768 4.63119
380.329 0.148508 0.020134 0.057331 0.08825
381.35 0.14764 0.019845 0.05962 0.085248
382.372 0.141072 0.020345 0.057928 0.080347
383.394 0.153745 0.019699 0.062628 0.088359
384.415 0.143133 0.021413 0.055618 0.084761
385.438 0.141945 0.02076 0.05655 0.082584
386.46 0.14377 0.020416 0.058828 0.082135
387.481 0.139435 0.022005 0.055435 0.081054
388.505 0.148395 0.021696 0.057317 0.088214
389.528 0.161657 0.020493 0.066665 0.092182
390.549 0.141348 0.020215 0.05657 0.082014
391.57 0.140437 0.020734 0.057441 0.080262
392.592 0.147705 0.022002 0.058418 0.086423
393.615 0.148163 0.020863 0.06144 0.083903
394.637 0.150965 0.020337 0.061898 0.086244
395.659 0.151705 0.020645 0.054713 0.094125
396.681 0.142366 0.021269 0.058453 0.080961
397.703 0.143282 0.020686 0.055331 0.085119
398.725 0.132787 0.022742 0.047096 0.082918
399.749 6.38159 0.022396 0.046484 6.33235
406.154 0.700484 0.020768 0.076104 0.621595
407.176 0.692196 0.020442 0.059143 0.630414
408.198 6.92346 0.019941 0.05596 6.86465
415.142 0.916023 0.020299 0.083623 0.829713
416.164 0.82079 0.020213 0.056312 0.761793
417.185 0.892468 0.019829 0.058262 0.831526
418.206 0.256509 0.023478 0.059342 0.194523
419.231 0.229027 0.020907 0.061554 0.164772
420.253 7.69606 0.020914 0.059651 7.63364
427.971 6.82855 0.020173 0.08324 6.7426
434.821 6.98002 0.020909 0.107154 6.87021
441.823 6.32229 0.021302 0.090188 6.22944
448.167 6.35792 0.020186 0.078632 6.27645
454.547 0.770385 0.020208 0.104002 0.663577
455.568 0.763691 0.023821 0.060827 0.7001
456.594 0.698066 0.022146 0.058646 0.636771
457.617 8.11525 0.02062 0.058925 8.05365
465.754 7.18811 0.020344 0.093266 7.09211
472.963 6.21731 0.023592 0.103246 6.111
479.205 7.31702 0.020322 0.083179 7.22975
486.544 5.47528 0.021388 0.089962 5.38265
492.042 6.87653 0.020858 0.060679 6.8128
498.941 6.57426 0.020786 0.128905 6.44263
505.537 6.58726 0.02128 0.082604 6.50199
512.148 7.77214 0.025576 0.099418 7.67006
519.947 6.91927 0.023012 0.094364 6.82216
526.89 0.83338 0.020061 0.089444 0.741273
527.912 0.615994 0.020921 0.059511 0.553767
528.934 0.594752 0.020894 0.060681 0.531208
529.957 0.910939 0.021497 0.05712 0.851179
530.979 0.887314 0.020409 0.061144 0.823494
532.001 7.64811 0.022566 0.059492 7.58577
539.673 0.770204 0.019537 0.057283 0.710304
540.694 0.841325 0.021643 0.055918 0.782656
541.717 0.864839 0.020785 0.058427 0.80358
542.74 7.91075 0.022002 0.060427 7.84758
550.674 8.25285 0.020958 0.126242 8.12397
558.949 8.41487 0.019616 0.1155 8.29677
567.384 0.854619 0.020168 0.088534 0.763483
568.406 4.73066 0.020452 0.05852 4.66943
573.158 0.792253 0.022641 0.05601 0.733592
574.182 0.801012 0.021691 0.05754 0.74062
575.204 7.11366 0.019147 0.057343 7.05351
582.338 0.402314 0.020183 0.155834 0.243789
583.36 0.91159 0.021357 0.063221 0.845749
584.383 1.42485 0.022095 0.06062 1.36159
585.83 4.86969 0.020518 0.05482 4.81217
590.722 1.46714 0.020167 0.055125 1.40929
592.213 6.38746 0.020752 0.055647 6.32916
598.622 6.11002 0.020636 0.063615 6.0436
604.754 4.79468 0.022409 0.059882 4.73218
609.572 6.11188 0.01958 0.057075 6.05215
615.705 6.86518 0.020592 0.054907 6.80756
622.592 6.86869 0.020728 0.055887 6.81016
629.483 1.38996 0.021238 0.055534 1.33174
630.895 6.87669 0.020425 0.053336 6.82067
637.794 0.784151 0.02296 0.052355 0.729104
638.818 0.682948 0.020001 0.052658 0.627633
639.84 0.145942 0.021132 0.052374 0.090884
640.863 0.140763 0.019869 0.054099 0.084007
641.884 0.922339 0.021751 0.044698 0.874954
642.908 0.227755 0.021271 0.053041 0.172096
643.931 0.149396 0.020449 0.053395 0.093322
644.953 0.853746 0.022108 0.053623 0.797475
645.977 0.15939 0.020153 0.053472 0.103298
646.998 6.58663 0.019887 0.056169 6.52775
653.606 0.147169 0.020002 0.052273 0.092219
654.628 0.136769 0.020956 0.05162 0.082471
655.65 0.149294 0.01995 0.054873 0.09178
656.671 0.146618 0.020491 0.054689 0.089002
657.693 0.143952 0.020834 0.057352 0.083973
658.715 0.142193 0.019628 0.058351 0.081158
659.736 0.138012 0.019181 0.052536 0.082793
660.757 0.124618 0.025259 0.041771 0.080074
661.783 0.136229 0.027349 0.04691 0.08652
662.812 0.136201 0.018882 0.044687 0.088852
663.832 0.138413 0.021661 0.05337 0.082376
664.855 0.142478 0.020164 0.052847 0.086862
665.877 0.145101 0.019264 0.055378 0.08704
666.897 0.131945 0.019779 0.045348 0.083982
667.919 0.139227 0.02263 0.042693 0.093885
668.943 0.150822 0.021193 0.05692 0.091278
669.965 0.146206 0.018494 0.056214 0.087303
670.985 0.140925 0.020014 0.054963 0.08324
672.006 0.139376 0.019001 0.055155 0.081618
673.026 0.143094 0.019086 0.056034 0.084464
674.047 0.141984 0.020239 0.056293 0.083017
675.068 0.140378 0.021875 0.054939 0.082722
676.092 0.144795 0.021106 0.057602 0.084453
677.114 0.137591 0.018101 0.053502 0.081443
678.134 0.135379 0.017816 0.054806 0.077904
679.153 0.145572 0.020032 0.056984 0.085964
680.175 0.13323 0.022558 0.045269 0.085343
681.198 0.132894 0.021495 0.044078 0.086143
682.221 0.142613 0.019852 0.055332 0.084636
683.243 0.130559 0.022182 0.042731 0.085061
684.266 0.144572 0.019684 0.056849 0.085029
685.287 0.132769 0.022841 0.043721 0.086367
686.311 0.135825 0.022182 0.046445 0.086738
687.335 0.130817 0.022738 0.04501 0.083131
688.359 0.131662 0.022684 0.043895 0.085064
689.383 0.141729 0.022954 0.0442 0.094784
690.408 0.139026 0.019246 0.05411 0.082193
691.428 0.140527 0.020168 0.056791 0.081089
692.449 0.134538 0.01962 0.053957 0.077951
693.471 0.140873 0.019658 0.055754 0.082373
694.492 0.139042 0.019656 0.056587 0.079751
695.514 0.131254 0.023779 0.046847 0.081652
696.539 0.140647 0.020637 0.055844 0.082061
697.561 0.130611 0.024649 0.046145 0.081787
698.587 0.126451 0.021731 0.046341 0.07746
699.611 0.127766 0.022237 0.045511 0.079618
700.635 0.132428 0.018627 0.053927 0.075853
701.655 0.129937 0.021275 0.044989 0.082337
702.678 0.133247 0.019107 0.053276 0.077337
703.698 0.132516 0.018803 0.054049 0.07584
704.719 0.129248 0.021029 0.046439 0.080139
705.741 0.126318 0.021726 0.044202 0.07943
706.764 0.130267 0.018513 0.052801 0.074717
707.785 0.128806 0.02095 0.045682 0.080443
708.807 0.127041 0.027606 0.047957 0.076404
709.836 0.135037 0.018618 0.055305 0.077045
710.856 0.13402 0.018971 0.054554 0.076788
711.876 0.141459 0.019328 0.055392 0.083331
712.897 0.122399 0.020994 0.040866 0.07888
713.92 0.127858 0.021421 0.042584 0.082637
714.942 0.125443 0.019051 0.041173 0.081605
715.963 0.132879 0.022351 0.045189 0.085033
716.987 0.13511 0.020372 0.054865 0.07739
718.009 0.140658 0.018166 0.05511 0.082858
719.029 0.126743 0.024095 0.042404 0.081721
720.054 0.127167 0.019422 0.045905 0.078597
721.075 0.134317 0.020494 0.043412 0.088172
722.097 0.126349 0.02046 0.043294 0.080407
723.119 0.146199 0.019973 0.056339 0.087193
724.14 0.141765 0.017883 0.054818 0.0843
725.16 0.14026 0.018996 0.054315 0.083216
726.18 0.135185 0.021334 0.043275 0.08907
727.203 0.12842 0.020494 0.044941 0.080807
728.225 0.132684 0.020906 0.043411 0.086628
729.247 0.134871 0.020592 0.041517 0.089547
730.269 0.128877 0.022515 0.044729 0.081213
731.293 0.133605 0.026379 0.045948 0.084954
732.32 0.128583 0.025832 0.043228 0.082538
733.347 0.136142 0.026748 0.047554 0.085918
734.375 0.132816 0.026992 0.04594 0.084151
735.403 0.135537 0.022189 0.046094 0.086807
736.427 0.136057 0.020927 0.044505 0.088864
737.449 0.13006 0.020338 0.046601 0.080619
738.471 0.132797 0.020351 0.045555 0.084171
739.492 0.131244 0.019364 0.044676 0.08387
740.513 0.130311 0.018535 0.043409 0.084216
741.532 0.142644 0.020997 0.053246 0.086702
742.554 0.137388 0.019878 0.047113 0.087213
743.575 0.135499 0.020162 0.048151 0.084667
744.597 0.133388 0.022814 0.043173 0.087229
745.621 0.13707 0.023257 0.048052 0.086265
746.646 0.135906 0.021958 0.04218 0.091041
747.669 0.138928 0.021147 0.047835 0.088402
748.691 0.138638 0.027598 0.043764 0.092029
749.72 0.196937 0.019072 0.046439 0.14735
750.741 0.2018 0.020221 0.048896 0.150259
751.762 0.146584 0.020534 0.045016 0.098873
752.784 0.178546 0.023999 0.046495 0.129406
753.809 0.200066 0.02179 0.043273 0.154043
754.832 0.14511 0.022475 0.047104 0.095311
755.856 0.236274 0.024792 0.044004 0.189374
756.882 0.203507 0.020012 0.04536 0.155082
757.903 0.147493 0.024908 0.050323 0.094334
758.929 0.12787 0.021199 0.046462 0.078698
759.952 0.207805 0.020326 0.045133 0.159757
760.973 0.214027 0.019528 0.048524 0.162872
761.994 0.187267 0.022921 0.044261 0.14036
763.018 0.181432 0.02108 0.046456 0.132295
764.041 0.179771 0.023034 0.04424 0.132802
765.065 0.183438 0.022865 0.049794 0.130893
766.09 0.189655 0.022456 0.05222 0.134576
767.114 0.196369 0.023531 0.052525 0.141222
768.139 0.193286 0.020122 0.050267 0.14028
769.16 0.190582 0.023455 0.049733 0.137756
770.185 0.190234 0.022867 0.054644 0.132882
771.209 0.195933 0.021338 0.054642 0.138579
772.231 0.193397 0.020378 0.053036 0.137706
773.253 0.192935 0.023422 0.052047 0.138251
774.278 0.185765 0.02101 0.053402 0.129271
775.3 0.196187 0.021525 0.055937 0.13743
776.323 0.197269 0.021773 0.052864 0.141766
