1875.16 1875.69 1.09962
1876.19 1876.79 0.87755
1877.21 1877.67 0.998492
1878.23 1878.67 1.36102
1879.25 1880.03 1.06838
1880.3 1881.1 0.966374
1881.33 1882.07 1.02103
1882.35 1883.09 0.863782
1883.39 1883.95 0.682601
1884.41 1884.67 0.849669
1885.43 1885.67 1.09962
1886.44 1886.78 1.18138
1887.46 1887.96 1.50904
1888.5 1895.96 0.634465
1895.96 1896.59 0.993097
1897.05 1897.59 1.17156
1898.07 1898.76 1.11131
1899.09 1899.87 1.21586
1900.11 1901.09 0.964777
1901.13 1902.06 1.42981
1902.14 1903.49 0.856071
1903.16 1908.85 0.801634
1908.82 1917.4 0.860449
1917.39 1925.46 0.719624
1925.43 1933.26 1.29229
1933.24 1934.55 0.880046
1934.25 1935.43 0.620528
1935.27 1936.06 0.717299
1936.29 1936.77 0.505142
1937.31 1937.54 1.15485
1938.32 1938.69 0.832183
1939.34 1939.59 0.883712
1940.36 1941.05 0.656109
1941.37 1941.71 0.862478
1942.39 1942.64 0.602533
1943.41 1943.65 1.12011
1944.42 1945.11 0.813555
1945.44 1946.08 0.732082
1946.46 1947.15 0.791241
1947.49 1947.94 0.668142
1948.51 1948.75 0.605271
1949.53 1949.75 0.64951
1950.54 1955.34 1.5193
1955.34 1956.86 0.880527
1956.35 1957.74 0.562387
1957.37 1958.3 1.25994
1958.39 1959.57 0.840585
1959.41 1960.41 0.819907
1960.42 1961.23 0.833754
1961.44 1962.06 0.977284
1962.46 1963.04 1.21037
1963.48 1964.27 0.72857
1964.49 1965 1.14198
1965.51 1966.14 0.993052
1966.53 1967.14 0.894138
1967.55 1968.03 0.867919
1968.57 1968.9 0.987849
1969.58 1969.89 0.945401
1970.6 1970.84 0.502688
1971.62 1971.75 0.710233
1972.63 1972.77 0.758129
1973.65 1973.79 0.535938
1974.67 1974.81 1.18722
1975.68 1975.99 0.930138
1976.71 1976.92 0.802903
1977.73 1977.88 0.711007
1978.75 1978.89 0.481688
1979.76 1979.9 0.904316
1980.78 1980.94 0.832168
1981.8 1981.94 0.760124
1982.82 1982.96 1.10174
1983.83 1984.06 0.722078
1984.85 1985 1.04741
1985.87 1986.04 0.824963
1986.89 1987.03 1.00175
1987.91 1988.06 1.12983
1988.92 1989.19 0.94255
1989.94 1990.13 1.0915
1990.96 1991.22 0.615833
1991.98 1992.12 0.989412
1992.99 2000.07 1.22894
2000.07 2001.3 0.721131
2001.08 2007.82 1.83804
2007.82 2009.66 0.605597
2008.83 2015.51 1.035
2015.48 2023 1.04227
2023 2029.58 0.962293
2029.56 2030.54 1.61726
2030.58 2032.16 0.780262
2031.6 2032.94 0.620889
2032.62 2033.58 1.40644
2033.63 2034.99 0.757914
2034.65 2041.78 1.0278
2041.78 2042.81 0.722934
2042.8 2043.62 0.903323
2043.82 2044.64 0.801887
2044.83 2052.5 1.31854
2052.49 2060.64 1.04764
2060.64 2068.28 1.1071
2068.28 2069.39 1.51641
2069.3 2073.94 0.949159
2073.91 2074.89 1.2236
2074.98 2076.61 0.985919
2076.57 2084.12 1.04404
2084.09 2089.28 0.693388
2089.28 2090.21 0.836707
2090.3 2091.17 0.905883
2091.31 2092.37 0.907011
2092.37 2093.8 0.739895
2093.8 2100.35 1.32867
2100.35 2106.96 1.35783
2106.96 2111.53 0.901156
2111.53 2117.73 1.17821
2117.73 2126.01 1.01754
2126.01 2133.19 0.672811
2133.19 2134.77 1.00903
2134.77 2141.93 0.951432
2141.93 2143.54 0.760709
2143.54 2148.12 0.911481
2148.12 2155.34 0.659103
2155.34 2161.45 1.14885
2161.45 2162.68 0.721762
2162.68 2163.41 0.697709
2163.78 2164.11 1.05974
2164.81 2165.17 0.851025
2165.84 2166.07 1.52505
2166.85 2167.6 0.814098
2167.87 2168.41 1.4626
2168.89 2169.88 0.747871
2169.91 2170.62 1.13002
2170.92 2171.76 1.3699
2171.94 2173.13 0.841712
2172.96 2173.97 1.24332
2173.97 2175.21 0.813294
2174.99 2176.03 0.864249
2176.01 2176.89 0.736589
2177.02 2177.63 0.69513
2178.04 2178.33 0.847982
2179.06 2179.3 1.52942
2180.11 2180.83 0.711998
2181.13 2181.54 1.30115
2182.14 2182.85 0.809406
2183.16 2183.66 0.924755
2184.18 2184.58 1.39693
2185.2 2185.98 0.995239
2186.22 2186.98 1.62134
2187.24 2188.6 0.564622
2188.26 2189.16 1.29939
2189.3 2190.46 1.25865
2190.31 2191.72 0.615889
2191.33 2192.34 0.797547
2192.35 2193.14 1.3907
2193.36 2194.53 0.819658
2194.38 2195.35 0.932142
2195.4 2196.29 0.486851
2196.41 2196.77 0.777896
2197.44 2197.62 1.01415
2198.45 2198.65 0.70848
2199.47 2199.66 1.03321
2200.49 2200.7 0.778803
2201.51 2202.6 0.708342
2202.6 2211.09 0.919069
2211.09 2212.01 0.912504
2212.1 2212.92 0.572069
2213.12 2213.97 0.983458
2214.14 2220.93 1.58105
2220.93 2222.51 0.669932
2221.95 2223.45 1.30252
2223.45 2227.57 1.11235
2227.57 2228.68 0.61025
2228.58 2229.29 1.13162
2229.6 2230.42 0.84315
2230.62 2231.27 0.66642
2231.63 2231.93 0.854792
2232.65 2232.86 1.37642
2233.67 2234.23 0.760491
2234.69 2234.99 1.31329
2235.7 2236.31 1.173
2236.72 2237.48 1.02107
2237.74 2238.5 0.727229
2238.76 2239.23 1.40146
2239.77 2240.63 0.578432
2240.79 2241.21 0.792398
2241.81 2242.03 1.38703
2242.83 2243.42 1.16997
2243.84 2244.59 1.16099
2244.86 2245.75 0.690731
2245.88 2246.44 0.903641
2246.9 2247.35 1.08532
2247.92 2248.44 0.943992
2248.93 2249.38 1.2641
2249.95 2250.65 1.06705
2250.97 2251.72 0.908297
2251.99 2252.62 0.702435
2253.01 2254.01 0.56546
2254.03 2254.57 0.925122
2255.04 2255.5 2.02657
2256.06 2257.57 0.889891
2257.07 2258.46 0.863614
2258.09 2259.34 0.7453
