1879.25 1881.61 0.038955
1879.25 1881.69 0.033254
1879.25 1881.79 0.031641
1879.25 1881.89 0.029373
1879.25 1881.99 0.028909
1880.3 1882.09 0.02753
1880.3 1882.19 0.023628
1880.3 1882.3 0.023393
1880.3 1882.4 0.025975
1880.3 1882.52 0.024511
1880.3 1882.63 0.024214
1880.3 1882.74 0.023524
1880.3 1882.85 0.022422
1880.3 1882.95 0.023552
1880.3 1883.05 0.023637
1881.33 1883.15 0.022293
1881.33 1883.26 0.022452
1881.33 1883.36 0.024418
1881.33 1883.46 0.024114
1881.33 1883.56 0.02226
1881.33 1883.66 0.022665
1881.33 1883.76 0.023401
1881.33 1883.87 0.023256
1882.35 1883.97 0.022133
1882.35 1884.07 0.022458
1882.35 1884.18 0.023531
1882.35 1884.28 0.02375
1882.35 1884.38 0.023982
1882.35 1884.48 0.023814
1882.35 1884.58 0.02343
1883.39 1884.68 0.023995
1883.39 1884.78 0.022027
1883.39 1884.9 0.023616
1883.39 1885 0.023271
1883.39 1885.1 0.024192
1883.39 1885.2 0.024279
1883.39 1885.3 0.021293
1883.39 1885.4 0.021352
1883.39 1885.5 0.031612
1884.41 1885.61 0.025918
1884.41 1885.75 0.023913
1884.41 1885.85 0.021713
1884.41 1885.96 0.022128
1884.41 1886.06 0.023564
1884.41 1886.16 0.023254
1884.41 1886.26 0.021577
1884.41 1886.37 0.02159
1884.41 1886.47 0.023086
1884.41 1886.57 0.023318
1884.41 1886.67 0.023139
1884.41 1886.77 0.022035
1885.43 1886.87 0.023211
1885.43 1886.97 0.023065
1885.43 1887.07 0.02331
1885.43 1887.18 0.022814
1885.43 1887.28 0.023463
1885.43 1887.38 0.023297
1885.43 1887.48 0.023733
1885.43 1887.59 0.023037
1885.43 1887.69 0.022076
1885.43 1887.79 0.023805
1885.43 1887.89 0.024039
1885.43 1887.99 0.021763
1886.44 1888.09 0.021936
1886.44 1888.19 0.022845
1886.44 1888.3 0.023038
1886.44 1888.4 0.022481
1886.44 1888.5 0.021992
1886.44 1888.61 0.022606
1886.44 1888.71 0.022979
1886.44 1888.81 0.022174
1886.44 1888.91 0.022201
1886.44 1889.01 0.023121
1886.44 1889.11 0.022239
1886.44 1889.21 0.021931
1886.44 1889.32 0.02194
1886.44 1889.42 0.025847
1887.46 1889.52 0.025681
1887.46 1889.62 0.022147
1887.46 1889.73 0.022476
1887.46 1889.83 0.023764
1887.46 1889.93 0.024102
1887.46 1890.03 0.022217
1887.46 1890.13 0.022152
1887.46 1890.23 0.023649
1887.46 1890.34 0.023363
1887.46 1890.44 0.021713
1887.46 1890.54 0.022367
1887.46 1890.64 0.02379
1887.46 1890.74 0.023596
1887.46 1890.84 0.022028
1887.46 1890.94 0.022187
1887.46 1891.05 0.02373
1887.46 1891.15 0.024132
1887.46 1891.25 0.02198
1887.46 1891.35 0.022115
1887.46 1891.45 0.023653
1887.46 1891.55 0.023725
1887.46 1891.66 0.021598
1887.46 1891.76 0.022476
1887.46 1891.86 0.024407
1887.46 1891.96 0.022698
1887.46 1892.06 0.020977
1887.46 1892.16 0.021551
1887.46 1892.32 0.020954
1887.46 1892.43 0.021289
1887.46 1892.54 0.021816
1887.46 1892.64 0.022565
1887.46 1892.74 0.023961
1887.46 1892.84 0.021686
1887.46 1892.94 0.021472
1887.46 1893.04 0.02338
1887.46 1893.14 0.023508
1887.46 1893.24 0.021658
1887.46 1893.34 0.022868
1887.46 1893.45 0.022911
1887.46 1893.55 0.023043
1887.46 1893.65 0.021582
1887.46 1893.75 0.021875
1887.46 1893.85 0.023718
1887.46 1893.95 0.023141
1887.46 1894.05 0.022768
1887.46 1894.15 0.022987
1887.46 1894.25 0.024145
1887.46 1894.35 0.02412
1887.46 1894.46 0.022373
1887.46 1894.56 0.023813
1887.46 1894.66 0.02404
1887.46 1894.76 0.022739
1887.46 1894.86 0.022409
1887.46 1894.96 0.0241
1887.46 1895.06 0.023906
1887.46 1895.16 0.02236
1887.46 1895.26 0.023906
1887.46 1895.37 0.024558
1887.46 1895.47 0.024169
1887.46 1895.57 0.022727
1887.46 1895.67 0.023873
1887.46 1895.77 0.024169
1887.46 1895.87 0.022675
1887.46 1895.99 0.023968
1887.46 1896.11 0.023459
1887.46 1896.34 0.022174
1887.46 1896.45 0.022786
1887.46 1896.56 0.022182
1888.5 1896.86 0.021895
1888.5 1896.97 0.022465
1888.5 1897.09 0.022932
1888.5 1897.19 0.022273
1888.5 1897.3 0.022045
1888.5 1897.4 0.023864
1888.5 1897.51 0.023443
1895.96 1897.61 0.022669
1895.96 1897.71 0.022401
1895.96 1897.81 0.024109
1895.96 1897.91 0.023936
1895.96 1898.01 0.022619
1895.96 1898.12 0.021826
1895.96 1898.27 0.029208
1895.96 1898.38 0.022595
1895.96 1898.49 0.02189
1895.96 1898.6 0.022208
1895.96 1898.71 0.022551
1897.05 1898.86 0.022235
1897.05 1898.96 0.023889
1897.05 1899.06 0.023815
1897.05 1899.16 0.023365
1897.05 1899.34 0.022613
1897.05 1899.45 0.022361
1897.05 1899.57 0.022433
1897.05 1899.67 0.024188
1897.05 1899.77 0.023977
1898.07 1899.89 0.02299
1898.07 1899.99 0.023286
1898.07 1900.09 0.022485
1898.07 1900.2 0.028571
1898.07 1900.31 0.028868
1898.07 1900.41 0.023249
1898.07 1900.51 0.02354
1898.07 1900.61 0.0219
1898.07 1900.71 0.023888
1898.07 1900.81 0.023906
1898.07 1900.92 0.02169
1898.07 1901.02 0.022257
1899.09 1901.12 0.02404
1899.09 1901.22 0.031184
1899.09 1901.32 0.022549
1899.09 1901.42 0.022562
1899.09 1901.53 0.023564
1899.09 1901.63 0.024037
1899.09 1901.73 0.022491
1899.09 1901.83 0.02406
1899.09 1901.93 0.024156
1899.09 1902.03 0.02222
1900.11 1902.13 0.021845
1900.11 1902.24 0.030492
1900.11 1902.34 0.025392
1900.11 1902.44 0.022226
1900.11 1902.54 0.024232
1900.11 1902.64 0.023807
1900.11 1902.75 0.024587
1900.11 1902.85 0.022542
1900.11 1902.95 0.02249
1900.11 1903.06 0.023976
1900.11 1903.16 0.023778
1900.11 1903.29 0.022888
1900.11 1903.4 0.022128
1900.11 1903.74 0.022959
1901.13 1903.85 0.022242
1901.13 1903.96 0.022409
1901.13 1904.07 0.022268
1901.13 1904.18 0.022376
1901.13 1904.29 0.022432
1902.14 1904.39 0.024149
1902.14 1904.49 0.02399
1902.14 1904.6 0.022908
1902.14 1904.7 0.023028
1902.14 1904.8 0.024281
1902.14 1904.9 0.023877
1902.14 1905 0.022152
1902.14 1905.1 0.023625
1902.14 1905.2 0.02392
1902.14 1905.3 0.022592
1902.14 1905.41 0.022049
1902.14 1905.51 0.024116
1902.14 1905.61 0.023843
1902.14 1905.71 0.022436
1902.14 1905.81 0.022585
1902.14 1905.91 0.023772
1902.14 1906.01 0.024001
1902.14 1906.11 0.022435
1902.14 1906.22 0.022932
1902.14 1906.32 0.023999
1902.14 1906.42 0.02338
1902.14 1906.52 0.02226
1902.14 1906.62 0.024406
1902.14 1906.72 0.024429
1902.14 1906.82 0.022838
1902.14 1906.92 0.02283
1902.14 1907.02 0.02348
1902.14 1907.13 0.02379
1902.14 1907.23 0.021713
1902.14 1907.33 0.022029
1902.14 1907.43 0.023622
1902.14 1907.53 0.023681
1902.14 1907.63 0.022593
1902.14 1907.73 0.023462
1902.14 1907.83 0.025079
1902.14 1907.93 0.02401
1902.14 1908.04 0.022118
1902.14 1908.14 0.023462
1902.14 1908.24 0.024209
1902.14 1908.34 0.024473
1902.14 1908.44 0.022633
1902.14 1908.54 0.022854
1902.14 1908.65 0.025172
1902.14 1908.75 0.022402
1902.14 1908.85 0.02251
1902.14 1908.97 0.023261
1902.14 1909.07 0.022595
1902.14 1909.17 0.023029
1902.14 1909.27 0.022988
1902.14 1909.37 0.021773
1902.14 1909.48 0.021678
1902.14 1909.58 0.023654
1903.16 1909.68 0.023251
1903.16 1909.78 0.022278
1903.16 1909.88 0.022446
1903.16 1909.98 0.022968
1903.16 1910.09 0.023397
1903.16 1910.19 0.021151
1903.16 1910.29 0.021599
1903.16 1910.39 0.023701
1903.16 1910.49 0.023974
1903.16 1910.59 0.022109
1903.16 1910.69 0.023607
1903.16 1910.79 0.02293
1903.16 1910.89 0.024171
1903.16 1911 0.021221
1903.16 1911.1 0.023492
1903.16 1911.2 0.023083
1903.16 1911.3 0.022807
1903.16 1911.4 0.022186
1903.16 1911.5 0.023287
1903.16 1911.6 0.023706
1903.16 1911.7 0.022129
1903.16 1911.8 0.021704
1903.16 1911.91 0.023249
1903.16 1912.01 0.023112
1903.16 1912.11 0.021777
1903.16 1912.21 0.021764
1903.16 1912.31 0.02361
1903.16 1912.41 0.023848
1903.16 1912.52 0.022427
1903.16 1912.62 0.021664
1903.16 1912.72 0.023121
1903.16 1912.82 0.023646
1903.16 1912.92 0.021737
1903.16 1913.02 0.021538
1903.16 1913.12 0.022936
1903.16 1913.22 0.023772
1903.16 1913.32 0.022362
1903.16 1913.43 0.022072
1903.16 1913.53 0.024619
1903.16 1913.63 0.024233
1903.16 1913.73 0.021135
1903.16 1913.83 0.022812
1903.16 1913.93 0.023948
1903.16 1914.03 0.022771
1903.16 1914.13 0.021227
1903.16 1914.23 0.022932
1903.16 1914.34 0.023403
1903.16 1914.44 0.021402
1903.16 1914.54 0.021403
1903.16 1914.64 0.023339
1903.16 1914.74 0.024056
1903.16 1914.84 0.021206
1903.16 1914.94 0.021252
1903.16 1915.04 0.022991
1903.16 1915.14 0.023394
1903.16 1915.24 0.022249
1903.16 1915.35 0.022261
1903.16 1915.45 0.023332
1903.16 1915.55 0.024902
1903.16 1915.65 0.022273
1903.16 1915.75 0.021942
1903.16 1915.85 0.024293
1903.16 1915.95 0.023506
1903.16 1916.05 0.022379
1903.16 1916.16 0.022385
1903.16 1916.26 0.024103
1903.16 1916.36 0.023965
1903.16 1916.46 0.02205
1903.16 1916.56 0.023907
1903.16 1916.66 0.023692
1903.16 1916.76 0.021846
1903.16 1916.86 0.021668
1903.16 1916.96 0.023448
1903.16 1917.07 0.023316
1903.16 1917.17 0.022102
1903.16 1917.27 0.021791
1903.16 1917.37 0.028378
1903.16 1917.47 0.023343
1903.16 1917.57 0.022664
1903.16 1917.67 0.022291
1903.16 1917.77 0.024263
1903.16 1917.88 0.023594
1903.16 1917.98 0.021846
1903.16 1918.08 0.022179
1903.16 1918.18 0.024188
1908.82 1918.28 0.023902
1908.82 1918.38 0.022155
1908.82 1918.48 0.022447
1908.82 1918.58 0.024018
1908.82 1918.68 0.023025
1908.82 1918.78 0.021628
1908.82 1918.89 0.021929
1908.82 1918.99 0.024191
1908.82 1919.09 0.023647
1908.82 1919.19 0.021186
1908.82 1919.29 0.021155
1908.82 1919.4 0.022724
1908.82 1919.5 0.023373
1908.82 1919.6 0.02214
1908.82 1919.7 0.021287
1908.82 1919.8 0.02314
1908.82 1919.9 0.023135
1908.82 1920 0.022078
1908.82 1920.1 0.022331
1908.82 1920.21 0.023004
1908.82 1920.31 0.023176
1908.82 1920.41 0.022853
1908.82 1920.51 0.022645
1908.82 1920.61 0.023862
1908.82 1920.71 0.023559
1908.82 1920.81 0.021276
1908.82 1920.92 0.022505
1908.82 1921.02 0.024086
1908.82 1921.12 0.024061
1908.82 1921.22 0.022263
1908.82 1921.32 0.022327
1908.82 1921.42 0.024441
1908.82 1921.52 0.023949
1908.82 1921.64 0.024472
1908.82 1921.74 0.023763
1908.82 1921.85 0.021462
1908.82 1921.95 0.022941
1908.82 1922.05 0.023878
1908.82 1922.15 0.023696
1908.82 1922.25 0.022686
1908.82 1922.35 0.023985
1908.82 1922.45 0.023893
1908.82 1922.55 0.023654
1908.82 1922.65 0.022036
1908.82 1922.75 0.023657
1908.82 1922.85 0.024826
1908.82 1922.96 0.023292
1908.82 1923.06 0.022325
1908.82 1923.16 0.025667
1908.82 1923.26 0.023606
1908.82 1923.36 0.021999
1908.82 1923.46 0.022265
1908.82 1923.56 0.024159
1908.82 1923.66 0.024438
1908.82 1923.76 0.022652
1908.82 1923.87 0.024128
1908.82 1923.97 0.025548
1908.82 1924.07 0.023683
1908.82 1924.17 0.022672
1908.82 1924.27 0.024256
1908.82 1924.37 0.023565
1908.82 1924.47 0.025008
1908.82 1924.59 0.024469
1908.82 1924.7 0.025057
1908.82 1924.8 0.021956
1908.82 1924.9 0.024206
1908.82 1925 0.024369
1908.82 1925.1 0.023173
1908.82 1925.2 0.022087
1908.82 1925.3 0.023467
1908.82 1925.4 0.030004
1908.82 1925.5 0.02195
1908.82 1925.61 0.021866
1908.82 1925.71 0.023498
1908.82 1925.82 0.023193
1908.82 1925.92 0.02333
1908.82 1926.02 0.021866
1908.82 1926.12 0.021693
1917.39 1926.22 0.024112
1917.39 1926.32 0.02389
1917.39 1926.43 0.02276
1917.39 1926.53 0.022443
1917.39 1926.63 0.024204
1917.39 1926.73 0.024176
1917.39 1926.83 0.02235
1917.39 1926.93 0.022508
1917.39 1927.03 0.023938
1917.39 1927.14 0.024084
1917.39 1927.24 0.021772
1917.39 1927.34 0.02389
1917.39 1927.44 0.023775
1917.39 1927.54 0.023717
1917.39 1927.64 0.022421
1917.39 1927.74 0.024177
1917.39 1927.84 0.023744
1917.39 1927.94 0.022247
1917.39 1928.05 0.022738
1917.39 1928.15 0.023439
1917.39 1928.25 0.023473
1917.39 1928.35 0.022237
1917.39 1928.45 0.022545
1917.39 1928.55 0.02391
1917.39 1928.65 0.023388
1917.39 1928.75 0.023513
1917.39 1928.86 0.021758
1917.39 1928.96 0.024851
1917.39 1929.06 0.023644
1917.39 1929.16 0.023554
1917.39 1929.26 0.021921
1917.39 1929.36 0.023054
1917.39 1929.46 0.023673
1917.39 1929.56 0.021112
1917.39 1929.66 0.02134
1917.39 1929.76 0.023346
1917.39 1929.86 0.024246
1917.39 1929.97 0.021145
1917.39 1930.07 0.021179
1917.39 1930.17 0.023876
1917.39 1930.27 0.023055
1917.39 1930.37 0.021357
1917.39 1930.47 0.022434
1917.39 1930.57 0.023984
1917.39 1930.67 0.023839
1917.39 1930.77 0.024219
1917.39 1930.87 0.022193
1917.39 1930.98 0.023855
1917.39 1931.08 0.023312
1917.39 1931.18 0.021219
1917.39 1931.28 0.021266
1917.39 1931.38 0.022948
1917.39 1931.48 0.022959
1917.39 1931.58 0.023044
1917.39 1931.68 0.021305
1917.39 1931.79 0.023027
1917.39 1931.89 0.02397
1917.39 1931.99 0.023859
1917.39 1932.09 0.022534
1917.39 1932.19 0.023544
1917.39 1932.29 0.02362
1917.39 1932.39 0.023081
1917.39 1932.49 0.021689
1917.39 1932.59 0.02377
1917.39 1932.69 0.023924
1917.39 1932.8 0.024061
1917.39 1932.9 0.021977
1917.39 1933 0.022263
1917.39 1933.1 0.023896
1917.39 1933.2 0.030054
1917.39 1933.3 0.021644
1917.39 1933.41 0.021996
1917.39 1933.51 0.0242
1917.39 1933.61 0.023917
1917.39 1933.71 0.022062
1917.39 1933.81 0.022018
1917.39 1933.91 0.02323
1917.39 1934.01 0.023555
1917.39 1934.11 0.029373
1917.39 1934.22 0.02226
1917.39 1934.32 0.024743
1917.39 1934.81 0.022127
1925.43 1934.92 0.021961
1925.43 1935.04 0.022015
1925.43 1935.15 0.022084
1925.43 1935.26 0.02178
1925.43 1935.37 0.022168
1925.43 1935.53 0.022769
1933.24 1935.63 0.021238
1933.24 1935.74 0.021172
1933.24 1935.84 0.023016
1933.24 1935.94 0.022982
1933.24 1936.04 0.021406
1934.25 1936.14 0.023738
1934.25 1936.24 0.023433
1934.25 1936.34 0.024589
1934.25 1936.54 0.02418
1934.25 1936.64 0.021226
1934.25 1936.74 0.022095
1935.27 1936.84 0.02333
1935.27 1936.94 0.023412
1935.27 1937.05 0.021911
1935.27 1937.15 0.021482
1935.27 1937.25 0.023877
1936.29 1937.35 0.02333
1936.29 1937.5 0.029141
1936.29 1937.6 0.021215
1936.29 1937.71 0.022491
1936.29 1937.81 0.023642
1936.29 1937.91 0.023224
1936.29 1938.01 0.022561
1936.29 1938.11 0.024221
1936.29 1938.21 0.02399
1936.29 1938.31 0.022995
1936.29 1938.51 0.023457
1936.29 1938.61 0.023781
1937.31 1938.71 0.02184
1937.31 1938.81 0.023448
1937.31 1938.91 0.023526
1937.31 1939.01 0.021937
1937.31 1939.12 0.021973
1937.31 1939.22 0.023646
1937.31 1939.32 0.02371
1937.31 1939.45 0.021847
1938.32 1939.59 0.02346
1938.32 1939.69 0.02376
1938.32 1939.8 0.022015
1938.32 1939.9 0.021809
1938.32 1940 0.023876
1938.32 1940.1 0.023618
1938.32 1940.2 0.021891
1938.32 1940.3 0.023623
1938.32 1940.41 0.026216
1939.34 1940.55 0.023788
1939.34 1941.05 0.021444
1939.34 1941.15 0.023885
1939.34 1941.25 0.024279
1939.34 1941.36 0.021847
1939.34 1941.56 0.023692
1939.34 1941.68 0.021513
1939.34 1941.95 0.021891
1940.36 1942.06 0.022176
1940.36 1942.17 0.022045
1940.36 1942.28 0.022147
1940.36 1942.41 0.023967
1940.36 1942.53 0.023999
1941.37 1942.63 0.023795
1941.37 1942.82 0.02321
1941.37 1942.92 0.02188
1941.37 1943.02 0.023445
1941.37 1943.12 0.023703
1941.37 1943.22 0.021781
1942.39 1943.33 0.021992
1942.39 1943.43 0.023832
1942.39 1943.57 0.023504
1942.39 1943.67 0.023626
1942.39 1943.78 0.022228
1942.39 1943.88 0.023613
1942.39 1943.98 0.023493
1942.39 1944.08 0.021705
1942.39 1944.18 0.022563
1942.39 1944.28 0.024611
1942.39 1944.38 0.023445
1942.39 1944.48 0.023676
1942.39 1944.59 0.023379
1942.39 1944.7 0.021755
1942.39 1944.81 0.023328
1943.41 1944.91 0.023265
1943.41 1945.01 0.021414
1943.41 1945.21 0.023846
1943.41 1945.31 0.022254
1943.41 1945.41 0.02228
1943.41 1945.51 0.02529
1943.41 1945.92 0.024077
1944.42 1946.02 0.02188
1944.42 1946.18 0.024196
1944.42 1946.28 0.023844
1944.42 1946.39 0.023182
1944.42 1946.5 0.021539
1944.42 1946.82 0.023677
1945.44 1946.92 0.023626
1945.44 1947.02 0.021531
1945.44 1947.12 0.023087
1945.44 1947.24 0.023928
1945.44 1947.34 0.023755
1945.44 1947.44 0.023653
1945.44 1947.54 0.022048
1945.44 1947.74 0.024738
1945.44 1947.84 0.023262
1946.46 1947.94 0.024139
1946.46 1948.04 0.024117
1946.46 1948.14 0.022262
1946.46 1948.25 0.022806
1946.46 1948.35 0.02451
1946.46 1948.45 0.02442
1946.46 1948.55 0.023224
1947.49 1948.75 0.023911
1947.49 1948.85 0.021339
1947.49 1948.95 0.022591
1947.49 1949.06 0.024643
1947.49 1949.16 0.02464
1947.49 1949.26 0.022222
1947.49 1949.36 0.023975
1948.51 1949.46 0.023711
1948.51 1949.56 0.021592
1948.51 1949.75 0.022776
1948.51 1949.86 0.021485
1948.51 1949.96 0.021453
1948.51 1950.06 0.024285
1948.51 1950.16 0.024657
1948.51 1950.26 0.022926
1948.51 1950.36 0.024625
1949.53 1950.46 0.023907
1949.53 1950.57 0.022815
1949.53 1950.92 0.021149
1949.53 1951.02 0.023065
1949.53 1951.12 0.023603
1949.53 1951.23 0.022338
1949.53 1951.33 0.022143
1949.53 1951.43 0.023688
1949.53 1951.53 0.023297
1949.53 1951.63 0.021935
1949.53 1951.73 0.02347
1949.53 1951.84 0.023997
1949.53 1951.94 0.024293
1949.53 1952.04 0.021953
1949.53 1952.14 0.023518
1949.53 1952.24 0.024175
1949.53 1952.34 0.021469
1949.53 1952.44 0.022259
1949.53 1952.54 0.023612
1949.53 1952.64 0.022994
1949.53 1952.75 0.02202
1949.53 1952.85 0.023384
1949.53 1952.95 0.023202
1949.53 1953.05 0.023051
1949.53 1953.15 0.02126
1949.53 1953.25 0.023583
1949.53 1953.35 0.022766
1949.53 1953.45 0.021472
1949.53 1953.55 0.021724
1949.53 1953.65 0.023448
1949.53 1953.75 0.022961
1949.53 1953.86 0.022178
1949.53 1953.96 0.023293
1949.53 1954.06 0.02348
1949.53 1954.16 0.023721
1949.53 1954.26 0.021692
1949.53 1954.36 0.02346
1949.53 1954.46 0.023578
1949.53 1954.56 0.022641
1949.53 1954.66 0.023536
1949.53 1954.77 0.022947
1949.53 1954.87 0.02123
1949.53 1954.97 0.021759
1949.53 1955.07 0.02359
1949.53 1955.17 0.02372
1949.53 1955.27 0.022134
1949.53 1955.37 0.022657
1949.53 1955.47 0.029692
1949.53 1955.57 0.022994
1949.53 1955.67 0.022712
1949.53 1955.78 0.024095
1949.53 1955.88 0.023646
1949.53 1955.98 0.022759
1949.53 1956.08 0.022235
1949.53 1956.18 0.02341
1949.53 1956.28 0.023354
1949.53 1956.38 0.022188
1949.53 1956.49 0.030228
1949.53 1956.59 0.023781
1949.53 1956.69 0.022683
1949.53 1956.79 0.022085
1949.53 1956.89 0.023947
1950.54 1956.99 0.023643
1950.54 1957.09 0.022551
1950.54 1957.19 0.0226
1950.54 1957.3 0.024213
1950.54 1957.4 0.023575
1950.54 1957.5 0.029862
1950.54 1957.6 0.022074
1950.54 1957.7 0.024133
1955.34 1957.8 0.023836
1955.34 1957.9 0.022528
1955.34 1958.01 0.024566
1955.34 1958.11 0.024549
1955.34 1958.21 0.02511
1956.35 1958.31 0.022244
1956.35 1958.41 0.023823
1956.35 1958.51 0.029989
1956.35 1958.61 0.023076
1956.35 1958.71 0.023049
1956.35 1958.81 0.024733
1956.35 1958.92 0.024337
1956.35 1959.02 0.023678
1956.35 1959.12 0.024642
1956.35 1959.22 0.024534
1956.35 1959.32 0.024536
1956.35 1959.42 0.022244
1956.35 1959.52 0.030213
1957.37 1959.62 0.023831
1957.37 1959.72 0.022071
1957.37 1959.83 0.022705
1957.37 1959.93 0.024594
1957.37 1960.03 0.024649
1957.37 1960.13 0.022837
1957.37 1960.23 0.022821
1957.37 1960.34 0.023065
1958.39 1960.45 0.023538
1958.39 1960.58 0.021827
1958.39 1960.68 0.021847
1958.39 1960.78 0.024258
1958.39 1960.88 0.024768
1958.39 1960.98 0.022382
1958.39 1961.09 0.02226
1958.39 1961.19 0.024138
1959.41 1961.29 0.023454
1959.41 1961.39 0.022504
1959.41 1961.49 0.023526
1959.41 1961.61 0.022626
1959.41 1961.71 0.02452
1959.41 1961.81 0.023853
1959.41 1961.91 0.02211
1959.41 1962.01 0.024049
1960.42 1962.11 0.02353
1960.42 1962.21 0.023709
1960.42 1962.31 0.02296
1960.42 1962.42 0.024505
1960.42 1962.52 0.024929
1960.42 1962.63 0.023692
1960.42 1962.73 0.022182
1960.42 1962.83 0.023078
1960.42 1962.93 0.024219
1960.42 1963.03 0.024569
1961.44 1963.13 0.022537
1961.44 1963.23 0.022391
1961.44 1963.34 0.023595
1961.44 1963.44 0.024231
1961.44 1963.54 0.023646
1961.44 1963.64 0.022873
1961.44 1963.74 0.024536
1961.44 1963.84 0.02472
1961.44 1963.94 0.023328
1961.44 1964.05 0.023151
1961.44 1964.15 0.02399
1961.44 1964.25 0.023412
1962.46 1964.35 0.022805
1962.46 1964.46 0.021944
1962.46 1964.56 0.025531
1962.46 1964.66 0.024818
1962.46 1964.76 0.023103
1962.46 1964.86 0.02411
1962.46 1964.96 0.02363
1963.48 1965.06 0.023438
1963.48 1965.17 0.021237
1963.48 1965.27 0.022923
1963.48 1965.37 0.02316
1963.48 1965.47 0.02238
1963.48 1965.57 0.025446
1963.48 1965.67 0.024366
1963.48 1965.77 0.024074
1963.48 1965.87 0.022871
1963.48 1965.98 0.024699
1963.48 1966.08 0.024051
1964.49 1966.18 0.023683
1964.49 1966.28 0.022456
1964.49 1966.39 0.02287
1964.49 1966.49 0.024442
1964.49 1966.59 0.025655
1964.49 1966.69 0.022737
1964.49 1966.79 0.022903
1964.49 1966.89 0.02458
1964.49 1967 0.023727
1964.49 1967.1 0.021861
1965.51 1967.2 0.023546
1965.51 1967.3 0.023416
1965.51 1967.4 0.021325
1965.51 1967.5 0.021359
1965.51 1967.6 0.025876
1965.51 1967.7 0.023954
1965.51 1967.81 0.022391
1965.51 1967.91 0.023699
1965.51 1968.01 0.024156
1966.53 1968.11 0.024305
1966.53 1968.21 0.022932
1966.53 1968.31 0.024419
1966.53 1968.42 0.024073
1966.53 1968.52 0.02196
1966.53 1968.62 0.021793
1966.53 1968.72 0.023963
1966.53 1968.82 0.02412
1967.55 1968.92 0.022045
1967.55 1969.02 0.022459
1967.55 1969.12 0.024433
1967.55 1969.23 0.024321
1967.55 1969.33 0.022492
1967.55 1969.43 0.024169
1967.55 1969.53 0.024344
1967.55 1969.63 0.024389
1967.55 1969.73 0.022398
1967.55 1969.84 0.023766
1968.57 1969.94 0.023694
1968.57 1970.04 0.021585
1968.57 1970.14 0.022123
1968.57 1970.24 0.02388
1968.57 1970.34 0.024092
1968.57 1970.44 0.022625
1968.57 1970.54 0.024185
1968.57 1970.65 0.024105
1968.57 1970.75 0.024781
1969.58 1970.85 0.021943
1969.58 1970.95 0.023634
1969.58 1971.05 0.023607
1969.58 1971.15 0.021949
1969.58 1971.26 0.021899
1970.6 1971.36 0.023258
1970.6 1971.46 0.023129
1970.6 1971.56 0.021806
1970.6 1971.66 0.023925
1970.6 1971.76 0.02429
1970.6 1971.86 0.023678
1970.6 1971.97 0.022038
1970.6 1972.07 0.022113
1970.6 1972.17 0.024155
1970.6 1972.27 0.023756
1970.6 1972.37 0.021865
1971.62 1972.47 0.023793
1971.62 1972.57 0.024751
1971.62 1972.68 0.02391
1971.62 1972.78 0.021911
1971.62 1972.88 0.024113
1971.62 1972.98 0.023781
1971.62 1973.08 0.022269
1971.62 1973.18 0.022956
1971.62 1973.28 0.024413
1971.62 1973.38 0.024172
1971.62 1973.48 0.021583
1972.63 1973.59 0.021687
1972.63 1973.69 0.024686
1972.63 1973.79 0.023303
1972.63 1973.89 0.022277
1972.63 1974 0.022044
1972.63 1974.1 0.023574
1972.63 1974.2 0.023469
1972.63 1974.3 0.021915
1973.65 1974.4 0.02327
1973.65 1974.5 0.023632
1973.65 1974.6 0.023737
1973.65 1974.7 0.021197
1973.65 1974.8 0.023675
1973.65 1974.91 0.023307
1973.65 1975.01 0.02169
1973.65 1975.11 0.021966
1973.65 1975.21 0.02304
1973.65 1975.31 0.023732
1973.65 1975.41 0.02217
1973.65 1975.51 0.023468
1973.65 1975.62 0.024321
1973.65 1975.72 0.023474
1973.65 1975.82 0.022569
1973.65 1975.92 0.023811
1974.67 1976.02 0.023519
1974.67 1976.12 0.0225
1974.67 1976.23 0.021991
1974.67 1976.33 0.024096
1974.67 1976.43 0.024087
1974.67 1976.53 0.022532
1974.67 1976.63 0.023674
1974.67 1976.73 0.02429
1974.67 1976.83 0.030952
1975.68 1976.94 0.021397
1975.68 1977.04 0.02381
1975.68 1977.14 0.023642
1975.68 1977.24 0.023473
1975.68 1977.34 0.021871
1975.68 1977.44 0.023448
1975.68 1977.55 0.024159
1975.68 1977.65 0.023414
1976.71 1977.75 0.022081
1976.71 1977.88 0.023714
1976.71 1977.98 0.021708
1976.71 1978.08 0.022124
1976.71 1978.18 0.024865
1976.71 1978.28 0.024602
1976.71 1978.38 0.021961
1976.71 1978.49 0.022542
1976.71 1978.59 0.024156
1977.73 1978.69 0.02333
1977.73 1978.79 0.02425
1977.73 1978.89 0.023557
1977.73 1978.99 0.023153
1977.73 1979.1 0.023883
1977.73 1979.2 0.02174
1977.73 1979.3 0.02321
1978.75 1979.4 0.02421
1978.75 1979.5 0.021462
1978.75 1979.6 0.021997
1978.75 1979.7 0.023259
1978.75 1979.8 0.024541
1978.75 1979.91 0.021986
1978.75 1980.01 0.021799
1978.75 1980.11 0.023602
1978.75 1980.21 0.023448
1978.75 1980.31 0.023149
1978.75 1980.42 0.021846
1978.75 1980.52 0.023403
1978.75 1980.62 0.023012
1978.75 1980.72 0.022681
1979.76 1980.82 0.023521
1979.76 1980.94 0.023606
1979.76 1981.04 0.023883
1979.76 1981.14 0.02163
1979.76 1981.26 0.023325
1979.76 1981.37 0.023616
1979.76 1981.47 0.022712
1979.76 1981.57 0.021923
1979.76 1981.67 0.024181
1980.78 1981.77 0.023997
1980.78 1981.94 0.023831
1980.78 1982.04 0.024183
1980.78 1982.14 0.02381
1980.78 1982.24 0.02292
1980.78 1982.35 0.024033
1980.78 1982.45 0.023963
1980.78 1982.55 0.022504
1980.78 1982.65 0.022893
1981.8 1982.75 0.023806
1981.8 1982.86 0.025508
1981.8 1982.96 0.02109
1981.8 1983.06 0.022486
1981.8 1983.16 0.023787
1981.8 1983.26 0.024072
1981.8 1983.36 0.022341
1981.8 1983.46 0.023781
1981.8 1983.56 0.024196
1981.8 1983.67 0.02168
1981.8 1983.77 0.021651
1981.8 1983.87 0.023177
1981.8 1983.99 0.022036
1982.82 1984.09 0.023143
1982.82 1984.19 0.02388
1982.82 1984.3 0.022403
1982.82 1984.4 0.022048
1982.82 1984.5 0.023658
1982.82 1984.6 0.023835
1982.82 1984.7 0.022388
1983.83 1984.8 0.023831
1983.83 1984.91 0.025536
1983.83 1985.01 0.02377
1983.83 1985.11 0.02278
1983.83 1985.21 0.024406
1983.83 1985.31 0.022674
1983.83 1985.41 0.021116
1983.83 1985.51 0.021257
1983.83 1985.61 0.023294
1983.83 1985.71 0.022991
1983.83 1985.82 0.022743
1983.83 1985.92 0.022331
1983.83 1986.02 0.023653
1984.85 1986.13 0.022962
1984.85 1986.23 0.022905
1984.85 1986.33 0.021992
1984.85 1986.43 0.023735
1984.85 1986.53 0.024115
1984.85 1986.64 0.022075
1984.85 1986.74 0.022651
1984.85 1986.84 0.023844
1985.87 1986.94 0.02487
1985.87 1987.06 0.023201
1985.87 1987.16 0.023062
1985.87 1987.26 0.022282
1985.87 1987.36 0.023318
1985.87 1987.46 0.022969
1985.87 1987.56 0.022001
1985.87 1987.66 0.021323
1985.87 1987.76 0.023701
1985.87 1987.86 0.022832
1985.87 1987.97 0.024224
1986.89 1988.07 0.021925
1986.89 1988.17 0.023123
1986.89 1988.27 0.023446
1986.89 1988.37 0.021811
1986.89 1988.48 0.023469
1986.89 1988.58 0.023399
1986.89 1988.68 0.023407
1986.89 1988.78 0.021649
1986.89 1988.88 0.022977
1986.89 1988.99 0.02434
1986.89 1989.09 0.02235
1986.89 1989.19 0.022587
1987.91 1989.29 0.023648
1987.91 1989.39 0.023113
1987.91 1989.49 0.021379
1987.91 1989.59 0.021709
1987.91 1989.69 0.023143
1987.91 1989.8 0.023265
1987.91 1989.9 0.021819
1987.91 1990 0.02669
1987.91 1990.1 0.023885
1988.92 1990.2 0.021747
1988.92 1990.3 0.02214
1988.92 1990.4 0.024291
1988.92 1990.5 0.023921
1988.92 1990.6 0.022386
1988.92 1990.71 0.023924
1988.92 1990.81 0.024138
1988.92 1990.91 0.021872
1988.92 1991.01 0.022
1988.92 1991.11 0.023567
1988.92 1991.21 0.023881
1989.94 1991.32 0.021495
1989.94 1991.42 0.021988
1989.94 1991.54 0.023443
1989.94 1991.64 0.021642
1989.94 1991.75 0.024452
1990.96 1991.85 0.023932
1990.96 1991.95 0.023579
1990.96 1992.05 0.028846
1990.96 1992.36 0.02347
1990.96 1992.46 0.022503
1990.96 1992.57 0.022038
1990.96 1992.68 0.021892
1990.96 1992.82 0.022708
1990.96 1992.93 0.021842
1990.96 1993.04 0.023059
1991.98 1993.14 0.023735
1991.98 1993.24 0.021539
1991.98 1993.37 0.024048
1991.98 1993.53 0.021993
1991.98 1993.77 0.023419
1991.98 1993.87 0.022857
1991.98 1993.97 0.021772
1991.98 1994.07 0.022268
1991.98 1994.18 0.023182
1991.98 1994.28 0.023404
1991.98 1994.38 0.021452
1991.98 1994.48 0.021815
1991.98 1994.58 0.023063
1991.98 1994.68 0.023963
1991.98 1994.78 0.021366
1991.98 1994.89 0.021952
1991.98 1994.99 0.022845
1991.98 1995.09 0.023275
1991.98 1995.19 0.023027
1991.98 1995.29 0.02183
1991.98 1995.39 0.023498
1991.98 1995.49 0.02283
1991.98 1995.6 0.021206
1991.98 1995.7 0.021453
1991.98 1995.8 0.023669
1991.98 1995.9 0.022389
1991.98 1996 0.021064
1991.98 1996.1 0.021122
1991.98 1996.2 0.022425
1991.98 1996.3 0.022555
1991.98 1996.4 0.020519
1991.98 1996.51 0.020902
1991.98 1996.61 0.022018
1991.98 1996.71 0.022797
1991.98 1996.81 0.021282
1991.98 1996.91 0.020936
1991.98 1997.01 0.022855
1991.98 1997.12 0.022604
1991.98 1997.22 0.021174
1991.98 1997.32 0.021052
1991.98 1997.42 0.023187
1991.98 1997.52 0.022864
1991.98 1997.62 0.021037
1991.98 1997.73 0.021962
1991.98 1997.83 0.022416
1991.98 1997.93 0.023219
1991.98 1998.03 0.02178
1991.98 1998.13 0.021735
1991.98 1998.24 0.023125
1991.98 1998.34 0.02298
1991.98 1998.44 0.021669
1991.98 1998.54 0.020842
1991.98 1998.64 0.024439
1991.98 1998.74 0.02348
1991.98 1998.84 0.020882
1991.98 1998.95 0.020951
1991.98 1999.05 0.022882
1991.98 1999.15 0.022788
1991.98 1999.25 0.021473
1991.98 1999.35 0.021508
1991.98 1999.46 0.023339
1991.98 1999.56 0.023142
1991.98 1999.66 0.021334
1991.98 1999.76 0.021526
1991.98 1999.86 0.022621
1991.98 1999.96 0.022471
1991.98 2000.06 0.021795
1991.98 2000.17 0.022222
1991.98 2000.37 0.021218
1991.98 2000.47 0.021788
1991.98 2000.57 0.022904
1991.98 2000.67 0.022607
1991.98 2000.77 0.021372
1991.98 2000.88 0.021601
1991.98 2000.98 0.023137
1991.98 2001.08 0.022747
1991.98 2001.19 0.021208
1991.98 2001.29 0.020597
1992.99 2001.39 0.021525
1992.99 2001.5 0.022331
1992.99 2001.6 0.023028
1992.99 2001.7 0.02172
1992.99 2001.8 0.021385
1992.99 2001.9 0.023143
1992.99 2002.01 0.022942
2000.07 2002.11 0.020956
2000.07 2002.21 0.020772
2000.07 2002.31 0.022459
2000.07 2002.41 0.022229
2000.07 2002.51 0.021127
2000.07 2002.61 0.020747
2000.07 2002.72 0.022686
2000.07 2002.82 0.022848
2000.07 2002.92 0.021061
2000.07 2003.02 0.0216
2000.07 2003.12 0.022919
2000.07 2003.22 0.022235
2000.07 2003.32 0.020581
2000.07 2003.43 0.02021
2000.07 2003.53 0.022151
2000.07 2003.63 0.021918
2000.07 2003.73 0.020317
2000.07 2003.83 0.02022
2000.07 2003.93 0.022057
2000.07 2004.03 0.022786
2000.07 2004.13 0.021178
2000.07 2004.24 0.021214
2000.07 2004.34 0.02273
2000.07 2004.44 0.021967
2000.07 2004.54 0.02095
2000.07 2004.64 0.020739
2000.07 2004.74 0.022977
2000.07 2004.84 0.022311
2000.07 2004.94 0.021084
2000.07 2005.05 0.020612
2000.07 2005.15 0.022314
2000.07 2005.25 0.022243
2000.07 2005.35 0.02096
2000.07 2005.45 0.020921
2000.07 2005.56 0.023034
2000.07 2005.66 0.022496
2000.07 2005.76 0.022179
2000.07 2005.86 0.020561
2000.07 2005.96 0.022114
2000.07 2006.06 0.022882
2000.07 2006.16 0.020883
2000.07 2006.26 0.021024
2000.07 2006.36 0.02319
2000.07 2006.46 0.022659
2000.07 2006.57 0.021102
2000.07 2006.67 0.020693
2000.07 2006.77 0.022455
2000.07 2006.87 0.022486
2000.07 2006.97 0.02045
2000.07 2007.07 0.021295
2000.07 2007.17 0.022801
2000.07 2007.27 0.022454
2000.07 2007.38 0.021173
2000.07 2007.48 0.020839
2000.07 2007.58 0.023004
2000.07 2007.68 0.023269
2000.07 2007.78 0.028858
2000.07 2007.88 0.020891
2000.07 2007.99 0.029266
2000.07 2008.09 0.022793
2000.07 2008.19 0.020995
2000.07 2008.29 0.021236
2000.07 2008.39 0.022617
2000.07 2008.49 0.022334
2000.07 2008.59 0.020955
2000.07 2008.69 0.023177
2000.07 2008.79 0.022325
2000.07 2008.9 0.024175
2000.07 2009 0.021258
2000.07 2009.1 0.022492
2000.07 2009.2 0.021843
2000.07 2009.3 0.021329
2000.07 2009.4 0.021732
2000.07 2009.5 0.023833
2000.07 2009.6 0.022366
2001.08 2009.71 0.020912
2001.08 2009.81 0.021242
2001.08 2009.92 0.022803
2001.08 2010.02 0.022811
2001.08 2010.12 0.022183
2001.08 2010.22 0.020455
2007.82 2010.33 0.021236
2007.82 2010.43 0.023191
2007.82 2010.53 0.022784
2007.82 2010.63 0.021208
2007.82 2010.73 0.020488
2007.82 2010.85 0.020469
2007.82 2010.98 0.022537
2007.82 2011.09 0.022904
2007.82 2011.19 0.022086
2007.82 2011.31 0.022482
2007.82 2011.41 0.022724
2007.82 2011.51 0.020561
2007.82 2011.62 0.021058
2007.82 2011.72 0.022085
2007.82 2011.82 0.022629
2007.82 2011.94 0.022577
2007.82 2012.04 0.022237
2007.82 2012.15 0.022647
2007.82 2012.25 0.020331
2007.82 2012.35 0.02033
2007.82 2012.45 0.022555
2007.82 2012.56 0.023192
2007.82 2012.66 0.020451
2007.82 2012.76 0.020824
2007.82 2012.86 0.022858
2007.82 2012.96 0.022751
2007.82 2013.06 0.021653
2007.82 2013.16 0.021092
2007.82 2013.26 0.023464
2007.82 2013.36 0.02263
2007.82 2013.47 0.020816
2007.82 2013.57 0.020448
2007.82 2013.67 0.022314
2007.82 2013.77 0.022895
2007.82 2013.87 0.020271
2007.82 2013.97 0.021817
2007.82 2014.07 0.023168
2007.82 2014.17 0.02392
2007.82 2014.28 0.021728
2007.82 2014.38 0.021587
2007.82 2014.48 0.023448
2007.82 2014.58 0.023524
2007.82 2014.68 0.021527
2007.82 2014.78 0.022282
2007.82 2014.88 0.024084
2007.82 2014.99 0.023915
2007.82 2015.09 0.021527
2007.82 2015.19 0.021854
2007.82 2015.29 0.023612
2007.82 2015.39 0.023293
2007.82 2015.49 0.021928
2007.82 2015.6 0.023004
2007.82 2015.7 0.023872
2007.82 2015.8 0.023281
2007.82 2015.9 0.021862
2007.82 2016 0.022215
2007.82 2016.19 0.024021
2007.82 2016.29 0.023807
2007.82 2016.39 0.022937
2007.82 2016.49 0.022435
2007.82 2016.59 0.022258
2008.83 2016.7 0.023862
2008.83 2016.8 0.024047
2008.83 2016.9 0.021976
2008.83 2017 0.022188
2008.83 2017.1 0.023957
2008.83 2017.2 0.023349
2008.83 2017.3 0.021638
2008.83 2017.41 0.021711
2008.83 2017.51 0.022984
2008.83 2017.61 0.023421
2008.83 2017.72 0.023023
2008.83 2017.82 0.021477
2008.83 2017.92 0.023197
2008.83 2018.02 0.0234
2008.83 2018.12 0.023488
2008.83 2018.22 0.021338
2008.83 2018.32 0.023396
2008.83 2018.42 0.02338
2008.83 2018.52 0.021529
2008.83 2018.62 0.021418
2008.83 2018.73 0.023532
2008.83 2018.83 0.023507
2008.83 2018.93 0.021619
2008.83 2019.03 0.021782
2008.83 2019.13 0.023818
2008.83 2019.23 0.024576
2008.83 2019.33 0.021818
2008.83 2019.44 0.022153
2008.83 2019.54 0.023759
2008.83 2019.64 0.024579
2008.83 2019.74 0.022762
2008.83 2019.84 0.024053
2008.83 2019.94 0.023349
2008.83 2020.04 0.022969
2008.83 2020.16 0.023943
2008.83 2020.26 0.024317
2008.83 2020.37 0.02269
2008.83 2020.47 0.022725
2008.83 2020.57 0.024243
2008.83 2020.67 0.023307
2008.83 2020.77 0.021481
2008.83 2020.87 0.023762
2008.83 2020.97 0.02358
2008.83 2021.07 0.023322
2008.83 2021.18 0.021993
2008.83 2021.28 0.0232
2008.83 2021.38 0.023659
2008.83 2021.48 0.021423
2008.83 2021.58 0.022167
2008.83 2021.68 0.023967
2008.83 2021.78 0.023926
2008.83 2021.88 0.021602
2008.83 2021.99 0.021556
2008.83 2022.09 0.023112
2008.83 2022.19 0.023195
2008.83 2022.29 0.02094
2008.83 2022.39 0.020854
2008.83 2022.49 0.022721
2008.83 2022.59 0.022746
2008.83 2022.69 0.021058
2008.83 2022.79 0.02238
2008.83 2022.9 0.023095
2008.83 2023 0.022451
2008.83 2023.1 0.022098
2008.83 2023.38 0.023428
2008.83 2023.48 0.022553
2008.83 2023.58 0.021327
2008.83 2023.68 0.021899
2008.83 2023.78 0.022972
2008.83 2023.88 0.021145
2008.83 2023.99 0.021526
2015.48 2024.09 0.021015
2015.48 2024.19 0.022764
2015.48 2024.3 0.022037
2015.48 2024.4 0.020812
2015.48 2024.5 0.022238
2015.48 2024.6 0.023439
2015.48 2024.7 0.023348
2015.48 2024.8 0.02043
2015.48 2024.92 0.022744
2015.48 2025.04 0.023125
2015.48 2025.14 0.023069
2015.48 2025.24 0.021081
2015.48 2025.34 0.022454
2015.48 2025.44 0.022445
2015.48 2025.56 0.022878
2015.48 2025.66 0.022769
2015.48 2025.76 0.02096
2015.48 2025.86 0.021289
2015.48 2025.96 0.022966
2015.48 2026.06 0.023247
2015.48 2026.17 0.021014
2015.48 2026.27 0.02116
2015.48 2026.37 0.023439
2015.48 2026.47 0.023249
2015.48 2026.57 0.021134
2015.48 2026.68 0.021853
2015.48 2026.78 0.02272
2015.48 2026.88 0.022783
2015.48 2026.98 0.021207
2015.48 2027.08 0.021892
2015.48 2027.18 0.023103
2015.48 2027.28 0.022113
2015.48 2027.38 0.020816
2015.48 2027.49 0.022263
2015.48 2027.59 0.021882
2015.48 2027.69 0.021541
2015.48 2027.8 0.022297
2015.48 2027.9 0.020753
2015.48 2028 0.02184
2015.48 2028.11 0.02212
2015.48 2028.21 0.021299
2015.48 2028.31 0.020671
2015.48 2028.41 0.022792
2015.48 2028.51 0.022482
2015.48 2028.62 0.022105
2015.48 2028.72 0.020449
2015.48 2028.84 0.02222
2015.48 2028.96 0.022628
2015.48 2029.06 0.023035
2015.48 2029.16 0.021791
2015.48 2029.26 0.023058
2015.48 2029.37 0.024125
2015.48 2029.47 0.022568
2015.48 2029.57 0.02132
2015.48 2029.67 0.023696
2015.48 2029.77 0.022988
2015.48 2029.87 0.020806
2015.48 2029.98 0.02105
2015.48 2030.08 0.022429
2015.48 2030.18 0.022875
2015.48 2030.28 0.021051
2015.48 2030.39 0.021351
2015.48 2030.49 0.022758
2023 2030.59 0.022306
2023 2030.69 0.020769
2023 2030.79 0.020757
2023 2030.89 0.022163
2023 2031 0.02245
2023 2031.1 0.029631
2023 2031.2 0.02071
2023 2031.3 0.022925
2023 2031.41 0.023048
2023 2031.51 0.021798
2023 2031.61 0.020709
2023 2031.71 0.022925
2023 2031.81 0.022675
2023 2031.91 0.02137
2023 2032.01 0.022524
2023 2032.12 0.022389
2029.56 2032.22 0.020886
2029.56 2032.32 0.020445
2029.56 2032.42 0.022701
2029.56 2032.52 0.023078
2029.56 2032.62 0.021449
2029.56 2032.72 0.022419
2029.56 2032.82 0.022368
2029.56 2032.92 0.021161
2030.58 2033.02 0.021003
2030.58 2033.13 0.022514
2030.58 2033.23 0.023337
2030.58 2033.33 0.021272
2030.58 2033.43 0.028943
2030.58 2033.58 0.021081
2031.6 2033.7 0.022759
2031.6 2033.8 0.023055
2031.6 2033.9 0.023617
2031.6 2034 0.022993
2031.6 2034.1 0.021529
2031.6 2034.21 0.02314
2031.6 2034.31 0.023096
2031.6 2034.41 0.021383
2031.6 2034.51 0.022166
2031.6 2034.61 0.022325
2031.6 2034.71 0.022376
2031.6 2034.82 0.020969
2031.6 2034.92 0.022118
2032.62 2035.02 0.022518
2032.62 2035.12 0.021958
2032.62 2035.22 0.023062
2032.62 2035.32 0.023364
2032.62 2035.42 0.021645
2032.62 2035.52 0.022361
2032.62 2035.62 0.022807
2032.62 2035.72 0.020308
2033.63 2035.83 0.020322
2033.63 2035.93 0.022655
2033.63 2036.03 0.022807
2033.63 2036.13 0.021139
2033.63 2036.23 0.022649
2033.63 2036.33 0.022903
2033.63 2036.43 0.020935
2033.63 2036.53 0.021352
2033.63 2036.63 0.022749
2033.63 2036.73 0.022151
2033.63 2036.84 0.020858
2033.63 2036.94 0.021071
2033.63 2037.04 0.023115
2033.63 2037.14 0.023038
2033.63 2037.24 0.020726
2033.63 2037.34 0.02326
2033.63 2037.44 0.022052
2033.63 2037.54 0.021036
2033.63 2037.65 0.020392
2033.63 2037.75 0.023225
2033.63 2037.85 0.022631
2033.63 2037.95 0.020832
2033.63 2038.05 0.021261
2033.63 2038.15 0.022243
2033.63 2038.25 0.022847
2033.63 2038.35 0.020906
2033.63 2038.45 0.022433
2033.63 2038.55 0.022904
2033.63 2038.66 0.020832
2033.63 2038.76 0.021297
2033.63 2038.86 0.022557
2033.63 2038.96 0.022604
2033.63 2039.06 0.020863
2033.63 2039.16 0.020629
2033.63 2039.26 0.023201
