1872.93 1.18795 0.020035 1.02113 0.15819
1874.14 0.188659 0.017672 0.071133 0.111855
1875.16 0.188023 0.026128 0.072147 0.11155
1876.19 0.163282 0.017136 0.068459 0.092171
1877.21 0.153837 0.017389 0.057402 0.093819
1878.23 0.162196 0.017295 0.061266 0.098259
1879.25 0.160814 0.017502 0.056464 0.101743
1880.3 0.160296 0.017009 0.063945 0.093675
1881.33 0.160584 0.016927 0.064714 0.09321
1882.35 0.16305 0.017082 0.06315 0.096933
1883.39 0.154149 0.015641 0.063731 0.08761
1884.41 0.244581 0.015929 0.060127 0.181872
1885.43 0.231302 0.01594 0.062809 0.165807
1886.44 0.231851 0.015594 0.064013 0.165144
1887.46 0.224323 0.015851 0.057173 0.164429
1888.5 7.44122 0.016564 0.056972 7.38164
1895.96 0.285683 0.016634 0.090613 0.192118
1897.05 0.246339 0.016432 0.068426 0.175091
1898.07 0.230561 0.016178 0.064788 0.163016
1899.09 0.232075 0.015614 0.066307 0.163146
1900.11 0.236529 0.016868 0.062689 0.171033
1901.13 0.237213 0.015705 0.062643 0.171838
1902.14 0.246499 0.015472 0.062922 0.180877
1903.16 5.64393 0.015888 0.063954 5.57725
1908.82 8.55385 0.015234 0.103288 8.44785
1917.39 8.01964 0.015316 0.101361 7.91562
1925.43 7.79006 0.01525 0.102366 7.68508
1933.24 0.92445 0.016259 0.095927 0.825528
1934.25 0.785751 0.016423 0.059337 0.723418
1935.27 0.244446 0.016099 0.057675 0.184058
1936.29 0.234341 0.016634 0.055168 0.176433
1937.31 0.213575 0.015551 0.046732 0.16368
1938.32 0.232008 0.016141 0.056549 0.172705
1939.34 0.236508 0.015927 0.056322 0.177468
1940.36 0.678178 0.015827 0.054421 0.621143
1941.37 0.262081 0.015694 0.060369 0.199072
1942.39 0.230466 0.015949 0.05587 0.171932
1943.41 0.223908 0.015478 0.051278 0.16998
1944.42 0.663163 0.017111 0.058536 0.601697
1945.44 0.621299 0.016768 0.058065 0.560476
1946.46 0.654066 0.016565 0.06143 0.589721
1947.49 0.229041 0.016601 0.057689 0.168618
1948.51 0.22472 0.01699 0.060847 0.161145
1949.53 0.209721 0.015843 0.043532 0.163462
1950.54 4.7751 0.016357 0.048712 4.72376
1955.34 0.149916 0.015817 0.071586 0.075653
1956.35 0.142645 0.015806 0.059485 0.080483
1957.37 0.159306 0.016609 0.056009 0.100513
1958.39 0.134175 0.015521 0.057261 0.074308
1959.41 0.135988 0.016654 0.056382 0.076891
1960.42 0.137807 0.016243 0.052989 0.082095
1961.44 0.148646 0.01636 0.055052 0.090922
1962.46 0.150333 0.016374 0.062915 0.084573
1963.48 0.146586 0.016714 0.063579 0.080247
1964.49 0.145504 0.016017 0.065775 0.076884
1965.51 0.14063 0.016826 0.058081 0.079799
1966.53 0.137155 0.01637 0.052804 0.081437
1967.55 0.138465 0.016565 0.058122 0.077442
1968.57 0.140303 0.016239 0.057377 0.080199
1969.58 0.127281 0.015548 0.051436 0.073177
1970.6 0.132094 0.015522 0.055976 0.073465
1971.62 0.120195 0.015522 0.046823 0.070763
1972.63 0.119336 0.015482 0.045555 0.071169
1973.65 0.121234 0.01694 0.044949 0.073535
1974.67 0.120257 0.015454 0.044844 0.072698
1975.68 0.131212 0.015529 0.054127 0.074421
1976.71 0.137002 0.015587 0.056847 0.077513
1977.73 0.129683 0.015516 0.049498 0.077518
1978.75 0.1266 0.016444 0.047464 0.076294
1979.76 0.11571 0.015847 0.040173 0.072801
1980.78 0.135348 0.015892 0.051018 0.081671
1981.8 0.123039 0.01644 0.043963 0.076402
1982.82 0.119902 0.015782 0.042747 0.074379
1983.83 0.137417 0.016429 0.057515 0.077115
1984.85 0.125178 0.016568 0.04802 0.0745
1985.87 0.143717 0.016826 0.063149 0.077838
1986.89 0.122137 0.016454 0.044562 0.074812
1987.91 0.133175 0.016112 0.05615 0.074357
1988.92 0.137416 0.015897 0.055221 0.079556
1989.94 0.133305 0.016019 0.056686 0.074005
1990.96 0.13617 0.016533 0.057775 0.075748
1991.98 0.127139 0.016809 0.043273 0.081235
1992.99 7.05532 0.016334 0.057234 6.99544
2000.07 0.183676 0.015395 0.10541 0.075017
2001.08 6.71585 0.016283 0.058068 6.65516
2007.82 0.217178 0.01575 0.140891 0.073687
2008.83 6.63235 0.016423 0.05725 6.57247
2015.48 7.49568 0.016462 0.101478 7.39158
2023 6.54411 0.0167 0.099055 6.44238
2029.56 0.718665 0.015914 0.109542 0.606513
2030.58 0.540212 0.016169 0.0608 0.47675
2031.6 0.590991 0.016152 0.05924 0.529117
2032.62 0.85006 0.016091 0.060062 0.787387
2033.63 0.823537 0.015887 0.062023 0.758687
2034.65 7.10853 0.016502 0.062883 7.04299
2041.78 0.747458 0.016155 0.099974 0.644716
2042.8 0.799254 0.016403 0.065111 0.731509
2043.82 0.803001 0.016047 0.062286 0.738125
2044.83 7.64269 0.016695 0.061449 7.57855
2052.49 8.12612 0.015936 0.149148 7.97427
2060.64 7.62617 0.016383 0.104539 7.51899
2068.28 0.720426 0.01605 0.088605 0.629195
2069.3 4.58941 0.016039 0.062365 4.52436
2073.91 0.802135 0.015737 0.062166 0.737341
2074.98 1.57769 0.016271 0.061809 1.51327
2076.57 7.50005 0.017452 0.062211 7.4352
2084.09 5.1694 0.015468 0.119193 5.04762
2089.28 0.909436 0.015369 0.065901 0.840903
2090.3 0.862176 0.015512 0.047746 0.811787
2091.31 1.03827 0.015815 0.055787 0.9798
2092.37 1.41739 0.016435 0.063237 1.3515
2093.8 6.52849 0.01536 0.062528 6.46327
2100.35 6.5967 0.017508 0.123372 6.47065
2106.96 4.55072 0.016245 0.090361 4.45766
2111.53 6.18115 0.016076 0.063555 6.1149
2117.73 8.26501 0.015272 0.112886 8.14951
2126.01 7.16656 0.015149 0.113739 7.05023
2133.19 1.55984 0.01536 0.092612 1.46458
2134.77 7.1442 0.016006 0.061451 7.08011
2141.93 1.59146 0.016868 0.101458 1.48679
2143.54 4.56569 0.015583 0.062831 4.50026
2148.12 7.19586 0.015644 0.063649 7.12957
2155.34 6.10008 0.015347 0.11626 5.98119
2161.45 1.21236 0.015507 0.106719 1.10302
2162.68 0.212378 0.016142 0.059942 0.149738
2163.78 0.218317 0.016377 0.061833 0.153825
2164.81 0.213861 0.016338 0.063456 0.147641
2165.84 0.215875 0.016444 0.064726 0.14837
2166.85 0.196207 0.015689 0.063776 0.129702
2167.87 0.187692 0.015523 0.063347 0.12167
2168.89 0.18374 0.015798 0.062189 0.118916
2169.91 0.183089 0.016163 0.063342 0.117097
2170.92 0.178418 0.01527 0.062453 0.113299
2171.94 0.178436 0.0153 0.061807 0.114032
2172.96 0.177521 0.015349 0.062873 0.112028
2173.97 0.179764 0.015864 0.063709 0.11343
2174.99 0.177494 0.015392 0.062269 0.112439
2176.01 0.180915 0.0154 0.063769 0.11448
2177.02 0.183286 0.01593 0.06386 0.11673
2178.04 0.190841 0.016598 0.065851 0.122267
2179.06 0.191024 0.017147 0.065424 0.122897
2180.11 0.183673 0.017234 0.06405 0.11678
2181.13 0.180114 0.016459 0.063681 0.113647
2182.14 0.185146 0.016045 0.065089 0.117283
2183.16 0.185487 0.016749 0.064756 0.117796
2184.18 0.183035 0.016249 0.061809 0.118456
2185.2 0.187215 0.01613 0.065181 0.1193
2186.22 0.186012 0.015838 0.065992 0.117275
2187.24 0.183607 0.016782 0.063676 0.117214
2188.26 0.17969 0.015698 0.064856 0.112118
2189.3 0.17072 0.014746 0.062355 0.105706
2190.31 0.171449 0.016018 0.061799 0.106863
2191.33 0.169713 0.016106 0.063596 0.103317
2192.35 0.15982 0.014845 0.059686 0.097507
2193.36 0.167148 0.015493 0.065613 0.098782
2194.38 0.160057 0.015826 0.0632 0.094162
2195.4 0.159024 0.014997 0.060728 0.095624
2196.41 0.161806 0.01515 0.064511 0.094706
2197.44 0.165052 0.016331 0.061281 0.10112
2198.45 0.177006 0.016544 0.064955 0.109267
2199.47 0.1692 0.019628 0.0551 0.110653
2200.49 0.182191 0.016277 0.06241 0.11709
2201.51 1.07311 0.016494 0.052744 1.01732
2202.6 8.46855 0.015108 0.06063 8.40527
2211.09 0.842289 0.014959 0.118909 0.720817
2212.1 0.612338 0.015374 0.065287 0.544367
2213.12 0.838022 0.015314 0.06018 0.77502
2214.14 6.77999 0.014606 0.063218 6.71406
2220.93 0.836625 0.014819 0.112648 0.721322
2221.95 1.48464 0.015837 0.065733 1.41617
2223.45 4.10262 0.01511 0.059315 4.04064
2227.57 0.846867 0.01516 0.061692 0.782391
2228.58 0.654034 0.015447 0.062435 0.588915
2229.6 0.617114 0.01529 0.060674 0.553622
2230.62 0.203229 0.014995 0.071924 0.127597
2231.63 0.19869 0.015586 0.067886 0.128115
2232.65 0.188997 0.015151 0.061866 0.12445
2233.67 0.206878 0.018864 0.074118 0.128826
2234.69 0.202319 0.016658 0.065692 0.133963
2235.7 0.201225 0.015599 0.061759 0.136799
2236.72 0.19562 0.016879 0.065601 0.126796
2237.74 0.19668 0.01616 0.066474 0.12741
2238.76 0.214125 0.016133 0.071422 0.14012
2239.77 0.200423 0.016089 0.069022 0.128555
2240.79 0.198314 0.016553 0.067363 0.128108
2241.81 0.204076 0.017109 0.072685 0.128679
2242.83 0.204345 0.016174 0.066839 0.134774
2243.84 0.191691 0.017482 0.063288 0.125212
2244.86 0.192919 0.016419 0.063571 0.126473
2245.88 0.200897 0.017317 0.063542 0.134744
2246.9 0.198409 0.017226