357.496 44.9337 
367.66 49.6136 
377.847 38.9999 
388.001 9.56408 
398.148 9.56408 
408.355 9.56408 
418.595 9.56408 
428.78 9.56408 
438.991 9.56408 
449.138 9.56408 
459.326 9.56408 
469.647 9.56408 
479.796 9.56408 
489.939 9.56408 
500.201 9.56408 
510.474 9.56408 
520.634 9.56408 
530.835 9.56408 
541.013 9.56408 
551.15 9.56408 
561.293 9.56408 
571.459 9.56408 
581.591 9.56408 
591.726 9.56408 
601.89 9.56408 
612.044 9.56408 
622.195 9.56408 
632.332 9.56408 
642.47 9.56408 
652.705 9.56408 
