355.283 357.041 1.25937
357.041 358.301 0.930522
358.067 359.233 1.02445
359.089 360.258 1.3721
360.11 361.632 1.07255
361.132 362.705 0.938844
362.151 363.645 0.979628
363.176 364.626 0.862088
364.199 365.489 0.641276
365.22 366.131 0.90011
366.242 367.032 1.20038
367.263 368.234 1.21758
368.284 369.453 1.48506
369.305 370.939 0.540682
370.325 371.481 0.883294
371.35 372.514 1.27828
372.513 373.794 1.20187
373.537 374.997 1.20399
374.559 376.201 1.04729
375.581 377.25 1.34513
376.602 378.596 0.899248
377.626 379.496 0.678853
378.652 385.011 0.837674
385.011 390.9 0.687134
390.9 399.703 1.37944
399.702 407.84 1.01734
407.84 415.764 0.899132
415.764 416.665 0.806409
416.791 417.615 0.622197
417.811 418.251 1.20713
418.831 419.464 0.8474
419.851 420.313 0.909784
420.876 421.61 0.758031
421.896 422.369 0.865394
422.917 423.613 0.685707
423.942 424.318 1.26263
424.962 425.582 0.86781
425.983 426.599 0.751643
427.005 427.682 0.893269
428.026 428.667 0.765061
429.066 429.737 0.703908
430.087 430.442 0.800829
431.107 435.711 1.68802
435.711 437.4 0.937351
436.731 441.818 0.659035
441.818 442.478 1.367
442.861 448.84 0.986105
448.84 455.1 0.985569
455.1 456.087 0.843658
456.122 456.931 1.00181
457.154 457.934 1.35104
458.174 464.171 0.740351
464.171 470.394 1.31644
470.394 476.858 1.26077
476.857 478.13 0.916165
477.889 479.053 0.85763
478.912 479.912 0.998516
479.932 480.911 0.955789
480.952 481.869 0.584757
481.976 482.756 0.829352
482.997 483.713 0.859608
484.03 484.573 0.631969
485.054 485.285 1.26837
486.074 486.555 1.04117
487.096 487.597 0.972126
488.135 494.94 0.960836
494.94 495.902 0.574417
495.964 496.488 1.05467
496.998 497.544 0.968925
498.02 498.514 0.821244
499.04 499.336 1.14589
500.064 500.483 0.779278
501.085 501.299 1.04582
502.106 502.355 0.869601
503.126 509.128 1.17859
509.127 515.443 1.24624
515.443 516.691 1.01402
516.463 517.706 1.12101
517.484 518.828 0.595775
518.505 526.775 1.18788
526.775 533.389 1.20537
533.388 534.595 0.771686
534.409 535.368 1.55465
535.432 536.923 0.637986
536.453 537.562 0.831196
537.475 538.395 0.891464
538.497 539.288 0.791172
539.519 540.08 1.49271
540.54 541.573 0.819541
541.564 542.394 0.672803
542.587 543.068 1.30335
543.609 544.372 0.802047
544.63 545.175 0.904959
545.655 546.081 0.720152
546.676 546.907 0.896581
547.696 547.924 0.72696
548.718 548.951 1.03319
549.742 549.985 0.977117
550.763 550.987 1.04041
551.784 552.028 1.55266
552.806 553.582 0.975051
553.828 554.558 1.19366
554.849 555.753 0.989517
555.869 556.743 0.888908
556.89 557.633 0.749971
557.91 558.384 0.843249
558.933 559.228 0.899163
559.954 560.188 0.91315
560.975 561.189 0.690085
561.996 562.207 1.2961
563.017 563.504 1.36767
564.039 564.873 1.00182
565.061 565.876 1.16193
566.082 570.638 0.969593
570.638 576.724 0.626459
576.724 577.352 1.11977
577.745 584.652 1.26958
584.652 585.923 0.711234
585.672 586.635 0.928011
586.693 587.564 0.552761
587.714 588.414 1.03283
588.735 595.993 0.813988
595.993 596.808 0.704876
597.013 597.514 1.06783
598.034 598.583 0.861185
599.056 599.67 1.59513
600.079 601.266 0.808719
601.1 602.076 1.54469
602.121 603.621 0.741376
603.142 604.364 1.14847
604.162 605.513 1.4358
605.183 606.95 0.914128
606.205 607.865 1.17924
607.226 609.045 0.877777
608.251 609.924 0.804207
609.273 610.73 0.686936
610.295 611.418 0.60558
611.319 612.024 0.808352
612.34 612.834 1.50949
613.364 614.344 0.696781
614.385 615.042 1.30292
615.406 616.346 0.799594
616.429 617.146 0.97283
617.45 618.12 1.47475
618.473 619.596 1.04965
619.494 620.647 1.57491
620.515 622.223 0.722361
621.536 622.946 1.24753
622.558 624.195 1.34187
623.579 625.537 0.752445
624.602 626.291 0.87959
625.622 627.172 1.43011
626.642 628.603 0.956395
627.663 629.56 1.02592
628.683 630.587 0.531691
629.702 631.12 0.859179
630.722 631.981 1.11039
631.742 633.092 0.80836
632.761 633.902 1.14648
633.782 635.049 0.860315
634.803 635.91 0.696491
635.825 636.608 0.769543
636.846 637.379 0.90192
637.867 638.282 0.578632
638.888 639.038 1.10993
639.909 640.149 1.39722
640.93 641.547 0.838665
641.95 642.387 1.3779
642.971 643.766 1.08866
643.99 644.856 0.702206
645.012 645.559 1.04884
646.032 646.609 0.717099
647.056 647.327 0.519649
648.077 648.227 0.86476
649.097 649.24 1.39786
650.117 650.639 0.777176
651.136 651.417 1.16592
652.155 652.584 1.07524
653.175 653.661 0.938186
654.195 654.6 0.588709
655.215 655.365 1.37376
656.237 656.74 0.509815
657.256 657.402 0.698161
658.275 658.423 1.36641
659.294 659.791 1.11742
660.316 660.909 1.10949
661.336 662.02 0.648504
662.356 662.669 0.859806
663.375 663.533 1.09979
664.395 664.634 0.965673
665.416 665.6 1.26227
666.436 666.864 1.06299
667.455 667.928 0.936757
668.475 668.865 0.658821
669.495 669.65 0.538175
670.516 670.668 0.905484
671.538 671.693 2.08631
672.56 673.781 0.859483
673.579 674.641 0.860364
674.598 675.502 0.847436
