358.067 360.997 0.037423
358.067 361.043 0.03189
358.067 361.144 0.029397
358.067 361.245 0.026789
358.067 361.346 0.026498
358.067 361.448 0.028143
358.067 361.549 0.025784
359.089 361.65 0.024404
359.089 361.751 0.023508
359.089 361.852 0.024073
359.089 361.953 0.02453
359.089 362.054 0.023783
359.089 362.155 0.025277
359.089 362.256 0.024143
359.089 362.357 0.023246
359.089 362.458 0.023712
359.089 362.559 0.025638
359.089 362.66 0.022234
360.11 362.761 0.02233
360.11 362.862 0.02225
360.11 362.963 0.022251
360.11 363.064 0.022236
360.11 363.165 0.022795
360.11 363.266 0.022102
360.11 363.367 0.022174
360.11 363.468 0.023014
360.11 363.569 0.022244
361.132 363.67 0.021854
361.132 363.771 0.022184
361.132 363.872 0.02308
361.132 363.973 0.021678
361.132 364.074 0.022842
361.132 364.175 0.023151
361.132 364.277 0.021827
361.132 364.378 0.021832
361.132 364.479 0.022325
361.132 364.58 0.022218
362.151 364.681 0.021533
362.151 364.782 0.022596
362.151 364.883 0.0223
362.151 364.984 0.02192
362.151 365.085 0.022331
362.151 365.186 0.022279
362.151 365.287 0.02188
362.151 365.388 0.021788
362.151 365.489 0.02213
363.176 365.59 0.022465
363.176 365.691 0.022905
363.176 365.792 0.022044
363.176 365.893 0.022509
363.176 365.994 0.022203
363.176 366.095 0.022796
364.199 366.196 0.022693
364.199 366.297 0.022033
364.199 366.398 0.022469
364.199 366.499 0.022266
364.199 366.6 0.022276
364.199 366.701 0.022671
364.199 366.802 0.022076
364.199 366.903 0.022055
364.199 367.004 0.02235
365.22 367.105 0.021878
365.22 367.206 0.02209
365.22 367.307 0.02236
365.22 367.407 0.0232
365.22 367.508 0.022807
365.22 367.609 0.023462
365.22 367.71 0.022913
365.22 367.811 0.022276
365.22 367.912 0.022629
365.22 368.013 0.022107
365.22 368.115 0.022477
365.22 368.215 0.022547
366.242 368.317 0.021684
366.242 368.418 0.022206
366.242 368.518 0.022616
366.242 368.619 0.021875
366.242 368.721 0.022816
366.242 368.822 0.022446
366.242 368.923 0.022417
366.242 369.024 0.022491
366.242 369.125 0.022825
366.242 369.226 0.022176
366.242 369.327 0.022288
366.242 369.428 0.022312
367.263 369.529 0.021599
367.263 369.63 0.021723
367.263 369.731 0.022572
367.263 369.832 0.022587
367.263 369.933 0.023105
367.263 370.035 0.022736
367.263 370.136 0.023205
367.263 370.237 0.022479
367.263 370.338 0.023111
367.263 370.439 0.022535
367.263 370.54 0.02204
367.263 370.641 0.022397
367.263 370.742 0.022149
367.263 370.843 0.022986
368.284 370.943 0.022084
368.284 371.044 0.022075
368.284 371.145 0.022024
368.284 371.247 0.023266
368.284 371.348 0.02318
368.284 371.449 0.022416
369.305 371.55 0.022381
369.305 371.651 0.021969
369.305 371.752 0.022706
369.305 371.853 0.022974
369.305 371.954 0.022507
369.305 372.055 0.02261
369.305 372.156 0.022259
369.305 372.257 0.021985
369.305 372.358 0.022638
370.325 372.459 0.022164
370.325 372.56 0.021813
370.325 372.661 0.021898
370.325 372.762 0.02192
370.325 372.863 0.022985
370.325 372.964 0.022861
370.325 373.065 0.022581
370.325 373.166 0.023351
370.325 373.267 0.022665
370.325 373.368 0.022861
370.325 373.469 0.022743
370.325 373.571 0.022369
370.325 373.672 0.02254
370.325 373.773 0.021969
371.35 373.874 0.022549
371.35 373.975 0.022419
371.35 374.076 0.022266
371.35 374.177 0.022605
371.35 374.278 0.023453
371.35 374.379 0.023223
371.35 374.48 0.022864
371.35 374.581 0.022764
371.35 374.682 0.022342
371.35 374.783 0.022083
371.35 374.884 0.023016
371.35 374.985 0.022412
372.513 375.086 0.022516
372.513 375.187 0.021883
372.513 375.288 0.022424
372.513 375.389 0.023018
372.513 375.49 0.022706
372.513 375.591 0.022868
372.513 375.692 0.022579
372.513 375.793 0.022427
372.513 375.894 0.021769
372.513 375.995 0.022501
372.513 376.096 0.022834
372.513 376.197 0.022071
373.537 376.298 0.021998
373.537 376.399 0.02203
373.537 376.5 0.023432
373.537 376.602 0.023191
373.537 376.703 0.022382
373.537 376.804 0.023078
373.537 376.905 0.021936
373.537 377.006 0.022348
373.537 377.107 0.022256
373.537 377.208 0.022177
374.559 377.309 0.021712
374.559 377.41 0.021992
374.559 377.511 0.022668
374.559 377.612 0.022887
374.559 377.713 0.022403
374.559 377.814 0.022229
374.559 377.916 0.022509
374.559 378.017 0.022349
374.559 378.12 0.023381
374.559 378.221 0.022577
374.559 378.322 0.022497
374.559 378.423 0.022466
374.559 378.524 0.022396
375.581 378.625 0.021895
375.581 378.726 0.022209
375.581 378.828 0.022531
375.581 378.929 0.022431
375.581 379.03 0.022733
375.581 379.131 0.024072
375.581 379.233 0.023269
375.581 379.334 0.022589
375.581 379.435 0.022659
376.602 379.536 0.022174
376.602 379.637 0.022121
376.602 379.738 0.021911
376.602 379.839 0.022204
376.602 379.94 0.022551
376.602 380.041 0.022443
376.602 380.143 0.02273
377.626 380.244 0.021115
377.626 380.353 0.021916
377.626 380.454 0.022128
377.626 380.556 0.02283
377.626 380.657 0.022249
377.626 380.758 0.021692
377.626 380.861 0.023975
377.626 380.962 0.022989
377.626 381.063 0.02293
377.626 381.164 0.023058
377.626 381.266 0.022943
377.626 381.367 0.023106
377.626 381.468 0.023292
377.626 381.569 0.023171
377.626 381.67 0.023384
377.626 381.771 0.023462
377.626 381.872 0.023375
377.626 381.973 0.023278
377.626 382.074 0.023189
377.626 382.175 0.02325
377.626 382.276 0.022982
377.626 382.377 0.023332
377.626 382.478 0.023663
377.626 382.58 0.023447
377.626 382.681 0.023638
377.626 382.782 0.02317
377.626 382.883 0.023766
377.626 382.984 0.023137
377.626 383.085 0.023114
377.626 383.186 0.023093
377.626 383.288 0.02289
377.626 383.389 0.02307
377.626 383.49 0.023345
377.626 383.591 0.023431
377.626 383.692 0.023019
377.626 383.794 0.023578
377.626 383.895 0.023271
377.626 383.997 0.022855
377.626 384.105 0.023122
377.626 384.206 0.023226
377.626 384.307 0.023452
377.626 384.408 0.023181
377.626 384.51 0.023784
377.626 384.611 0.023343
377.626 384.712 0.023124
377.626 384.813 0.023241
377.626 384.914 0.025282
377.626 385.015 0.02302
377.626 385.135 0.023414
377.626 385.236 0.022776
377.626 385.337 0.023031
377.626 385.438 0.023482
377.626 385.539 0.023438
377.626 385.656 0.023824
377.626 385.765 0.023192
378.652 385.867 0.02285
378.652 385.968 0.023538
378.652 386.069 0.023287
378.652 386.17 0.023447
378.652 386.271 0.023092
378.652 386.373 0.0235
378.652 386.474 0.02353
378.652 386.575 0.023382
378.652 386.676 0.02319
378.652 386.777 0.023092
378.652 386.878 0.02301
378.652 386.979 0.023179
378.652 387.081 0.023143
378.652 387.182 0.023325
378.652 387.283 0.023159
378.652 387.384 0.023278
378.652 387.485 0.022991
378.652 387.586 0.022958
378.652 387.687 0.023333
378.652 387.788 0.022883
378.652 387.889 0.023228
378.652 387.99 0.023356
378.652 388.092 0.02319
378.652 388.193 0.025462
378.652 388.296 0.024116
378.652 388.397 0.023076
378.652 388.498 0.022842
378.652 388.599 0.023554
378.652 388.7 0.023928
378.652 388.801 0.022903
378.652 388.902 0.023267
378.652 389.003 0.023672
378.652 389.104 0.02307
378.652 389.205 0.023633
378.652 389.306 0.023337
378.652 389.407 0.022829
378.652 389.508 0.024004
378.652 389.609 0.023275
378.652 389.71 0.023205
378.652 389.811 0.023263
378.652 389.912 0.023536
378.652 390.013 0.023524
378.652 390.114 0.023531
378.652 390.215 0.023204
378.652 390.317 0.023172
378.652 390.418 0.023474
378.652 390.519 0.023173
378.652 390.62 0.023058
378.652 390.722 0.023071
378.652 390.824 0.02307
378.652 390.925 0.022942
378.652 391.026 0.023754
378.652 391.127 0.022928
378.652 391.228 0.023486
378.652 391.329 0.023442
378.652 391.43 0.023501
378.652 391.531 0.023364
385.011 391.633 0.022757
385.011 391.734 0.023456
385.011 391.835 0.023239
385.011 391.936 0.022721
385.011 392.037 0.023733
385.011 392.139 0.023128
385.011 392.24 0.023108
385.011 392.341 0.023343
385.011 392.442 0.023272
385.011 392.544 0.022984
385.011 392.645 0.022928
385.011 392.746 0.023207
385.011 392.847 0.023109
385.011 392.948 0.022709
385.011 393.05 0.023141
385.011 393.151 0.023733
385.011 393.252 0.023501
385.011 393.353 0.023089
385.011 393.454 0.023397
385.011 393.555 0.023346
385.011 393.656 0.023262
385.011 393.76 0.022888
385.011 393.861 0.023018
385.011 393.962 0.023182
385.011 394.064 0.022983
385.011 394.165 0.024399
385.011 394.266 0.023224
385.011 394.367 0.023141
385.011 394.468 0.023093
385.011 394.569 0.023293
385.011 394.67 0.023408
385.011 394.772 0.02315
385.011 394.873 0.023335
385.011 394.974 0.023164
385.011 395.075 0.023335
385.011 395.176 0.023148
385.011 395.277 0.023519
385.011 395.379 0.022754
385.011 395.48 0.023014
385.011 395.581 0.023037
385.011 395.682 0.023557
385.011 395.783 0.022926
385.011 395.884 0.023123
385.011 395.985 0.023261
385.011 396.086 0.022989
385.011 396.188 0.02463
385.011 396.289 0.023165
385.011 396.389 0.022917
385.011 396.494 0.02299
385.011 396.595 0.023264
385.011 396.696 0.02307
385.011 396.797 0.023301
385.011 396.898 0.023317
385.011 396.999 0.023178
385.011 397.1 0.022946
385.011 397.201 0.023087
385.011 397.302 0.023362
385.011 397.403 0.023343
385.011 397.504 0.023055
385.011 397.605 0.023177
385.011 397.706 0.024413
385.011 397.807 0.023387
385.011 397.908 0.023546
385.011 398.009 0.02298
385.011 398.11 0.023711
385.011 398.211 0.023573
385.011 398.312 0.024828
385.011 398.414 0.023723
385.011 398.515 0.02384
385.011 398.616 0.023493
385.011 398.717 0.025721
385.011 398.818 0.023751
385.011 398.919 0.024293
385.011 399.02 0.02353
385.011 399.121 0.024369
385.011 399.222 0.023941
385.011 399.323 0.023599
385.011 399.424 0.023982
385.011 399.526 0.024237
385.011 399.627 0.023976
385.011 399.728 0.022951
385.011 399.831 0.023746
385.011 399.932 0.022814
385.011 400.033 0.022922
385.011 400.134 0.023569
385.011 400.235 0.023301
385.011 400.336 0.023349
385.011 400.437 0.023371
385.011 400.538 0.02336
385.011 400.639 0.023353
385.011 400.741 0.023654
385.011 400.842 0.023484
385.011 400.943 0.023514
385.011 401.044 0.02348
390.9 401.145 0.023198
390.9 401.246 0.02317
390.9 401.348 0.02338
390.9 401.449 0.02324
390.9 401.55 0.023101
390.9 401.651 0.023582
390.9 401.753 0.023266
390.9 401.854 0.024003
390.9 401.955 0.023
390.9 402.056 0.023066
390.9 402.157 0.0236
390.9 402.258 0.022763
390.9 402.359 0.023111
390.9 402.46 0.022981
390.9 402.561 0.022947
390.9 402.662 0.02293
390.9 402.763 0.023521
390.9 402.864 0.023294
390.9 402.965 0.022615
390.9 403.066 0.02307
390.9 403.167 0.023356
390.9 403.268 0.022808
390.9 403.369 0.023112
390.9 403.47 0.02334
390.9 403.572 0.023074
390.9 403.673 0.022975
390.9 403.774 0.023101
390.9 403.875 0.023065
390.9 403.976 0.02287
390.9 404.077 0.023216
390.9 404.178 0.023304
390.9 404.279 0.023282
390.9 404.38 0.022788
390.9 404.481 0.023089
390.9 404.582 0.023158
390.9 404.683 0.022945
390.9 404.784 0.023166
390.9 404.885 0.023298
390.9 404.986 0.022995
390.9 405.087 0.022891
390.9 405.188 0.023037
390.9 405.289 0.02293
390.9 405.39 0.02284
390.9 405.491 0.023236
390.9 405.592 0.023404
390.9 405.693 0.02286
390.9 405.794 0.023211
390.9 405.895 0.023705
390.9 405.996 0.022825
390.9 406.097 0.023174
390.9 406.198 0.023391
390.9 406.299 0.023027
390.9 406.401 0.022691
390.9 406.502 0.025099
390.9 406.603 0.026281
390.9 406.704 0.023147
390.9 406.805 0.022946
390.9 406.906 0.023782
390.9 407.007 0.024396
390.9 407.108 0.022958
390.9 407.209 0.023046
390.9 407.31 0.023094
390.9 407.411 0.024619
390.9 407.512 0.023161
390.9 407.613 0.023816
390.9 407.715 0.022855
390.9 407.816 0.02273
390.9 407.917 0.023261
390.9 408.018 0.023278
390.9 408.119 0.022762
390.9 408.22 0.023182
390.9 408.322 0.023581
390.9 408.423 0.023306
390.9 408.524 0.023249
390.9 408.625 0.023436
390.9 408.726 0.023287
390.9 408.827 0.023273
399.702 408.928 0.022846
399.702 409.03 0.023117
399.702 409.131 0.02303
399.702 409.232 0.023206
399.702 409.333 0.022865
399.702 409.434 0.023443
399.702 409.535 0.023738
399.702 409.636 0.023319
399.702 409.737 0.023111
399.702 409.838 0.023121
399.702 409.94 0.023486
399.702 410.041 0.023054
399.702 410.142 0.023251
399.702 410.243 0.023382
399.702 410.344 0.023223
399.702 410.445 0.023269
399.702 410.546 0.023363
399.702 410.647 0.022943
399.702 410.748 0.022922
399.702 410.849 0.022806
399.702 410.95 0.023121
399.702 411.051 0.023907
399.702 411.152 0.022813
399.702 411.253 0.023728
399.702 411.354 0.023152
399.702 411.455 0.022777
399.702 411.556 0.023096
399.702 411.657 0.023075
399.702 411.758 0.023079
399.702 411.859 0.023157
399.702 411.96 0.023622
399.702 412.061 0.022996
399.702 412.162 0.023516
399.702 412.263 0.022879
399.702 412.364 0.023322
399.702 412.465 0.023452
399.702 412.566 0.023228
399.702 412.667 0.023066
399.702 412.769 0.023597
399.702 412.87 0.023167
399.702 412.971 0.023156
399.702 413.072 0.023435
399.702 413.173 0.023076
399.702 413.274 0.023342
399.702 413.375 0.023055
399.702 413.476 0.023163
399.702 413.577 0.024927
399.702 413.679 0.02294
399.702 413.78 0.025495
399.702 413.881 0.025212
399.702 413.982 0.025137
399.702 414.083 0.023023
399.702 414.184 0.024633
399.702 414.285 0.023056
399.702 414.386 0.023149
399.702 414.487 0.02548
399.702 414.588 0.022832
399.702 414.689 0.024351
399.702 414.79 0.02345
399.702 414.891 0.024707
399.702 414.992 0.022894
399.702 415.093 0.025125
399.702 415.194 0.023266
399.702 415.295 0.024507
399.702 415.397 0.025065
399.702 415.498 0.025389
399.702 415.599 0.023379
399.702 415.7 0.024227
399.702 415.801 0.022885
399.702 415.902 0.023124
399.702 416.003 0.022706
399.702 416.104 0.023224
399.702 416.205 0.023372
399.702 416.306 0.023623
399.702 416.407 0.023181
399.702 416.508 0.024448
399.702 416.609 0.023169
407.84 416.71 0.023053
407.84 416.812 0.02353
407.84 416.913 0.023621
407.84 417.014 0.023463
407.84 417.115 0.023165
407.84 417.216 0.023018
407.84 417.317 0.023321
407.84 417.418 0.023579
415.764 417.519 0.023061
415.764 417.62 0.022847
415.764 417.721 0.022637
415.764 417.822 0.023225
415.764 417.923 0.023064
415.764 418.024 0.022833
415.764 418.126 0.023594
415.764 418.227 0.023083
416.791 418.328 0.022923
416.791 418.429 0.023182
416.791 418.53 0.023245
416.791 418.631 0.023299
416.791 418.732 0.023149
416.791 418.833 0.023269
416.791 418.934 0.023157
416.791 419.035 0.023124
416.791 419.137 0.022796
416.791 419.238 0.023234
416.791 419.339 0.023306
416.791 419.44 0.023177
417.811 419.541 0.022757
417.811 419.642 0.022649
417.811 419.743 0.02328
417.811 419.844 0.023242
417.811 419.945 0.023515
417.811 420.046 0.023095
417.811 420.147 0.023044
417.811 420.248 0.023098
418.831 420.349 0.022933
418.831 420.45 0.022855
418.831 420.552 0.022983
418.831 420.653 0.023185
418.831 420.754 0.02327
418.831 420.855 0.023039
418.831 420.956 0.022904
418.831 421.057 0.022986
418.831 421.158 0.022678
419.851 421.259 0.022939
419.851 421.36 0.023089
419.851 421.461 0.02295
419.851 421.562 0.022942
419.851 421.663 0.022383
419.851 421.764 0.022693
419.851 421.865 0.023279
419.851 421.966 0.022902
419.851 422.068 0.023067
419.851 422.169 0.022666
419.851 422.271 0.022873
420.876 422.372 0.022507
420.876 422.475 0.022719
420.876 422.576 0.022671
420.876 422.677 0.023791
420.876 422.778 0.023645
420.876 422.88 0.023288
420.876 422.981 0.02312
420.876 423.082 0.023291
420.876 423.183 0.023559
421.896 423.284 0.022895
421.896 423.385 0.022723
421.896 423.486 0.022787
421.896 423.587 0.02285
421.896 423.688 0.022661
421.896 423.789 0.023102
421.896 423.891 0.024612
421.896 423.992 0.022671
421.896 424.093 0.0231
421.896 424.194 0.022991
421.896 424.295 0.022742
422.917 424.396 0.022698
422.917 424.497 0.022885
422.917 424.598 0.023285
422.917 424.699 0.023748
422.917 424.8 0.023087
422.917 424.901 0.023234
422.917 425.002 0.022546
422.917 425.103 0.023221
422.917 425.204 0.022815
422.917 425.305 0.022966
422.917 425.41 0.023291
422.917 425.511 0.023307
423.942 425.612 0.022737
423.942 425.713 0.022814
423.942 425.814 0.022919
423.942 425.915 0.023101
423.942 426.016 0.022814
423.942 426.117 0.023328
423.942 426.218 0.022843
423.942 426.319 0.023376
423.942 426.421 0.022552
424.962 426.522 0.022991
424.962 426.623 0.022302
424.962 426.724 0.022783
424.962 426.825 0.022914
424.962 426.927 0.023499
424.962 427.028 0.023243
424.962 427.129 0.023497
424.962 427.23 0.023017
424.962 427.331 0.022903
425.983 427.432 0.022822
425.983 427.533 0.023041
425.983 427.634 0.022997
425.983 427.735 0.022569
425.983 427.836 0.022654
425.983 427.937 0.023306
425.983 428.038 0.023639
425.983 428.139 0.023485
425.983 428.24 0.023073
425.983 428.341 0.023165
425.983 428.442 0.022999
425.983 428.543 0.02315
427.005 428.644 0.022232
427.005 428.745 0.022891
427.005 428.846 0.022784
427.005 428.947 0.023389
427.005 429.048 0.023528
427.005 429.149 0.023356
427.005 429.25 0.022983
427.005 429.351 0.023403
428.026 429.452 0.022931
428.026 429.553 0.022822
428.026 429.654 0.023023
428.026 429.755 0.022496
428.026 429.856 0.022821
428.026 429.957 0.02292
428.026 430.058 0.024707
428.026 430.159 0.023677
428.026 430.26 0.023256
428.026 430.361 0.02316
429.066 430.462 0.02282
429.066 430.563 0.022726
429.066 430.664 0.023125
429.066 430.765 0.023197
429.066 430.866 0.023388
429.066 430.967 0.02331
429.066 431.068 0.023274
429.066 431.169 0.02292
430.087 431.27 0.02311
430.087 431.371 0.022761
430.087 431.472 0.022848
430.087 431.573 0.022663
430.087 431.674 0.0228
430.087 431.775 0.022925
430.087 431.876 0.023825
430.087 431.977 0.022745
430.087 432.078 0.02301
430.087 432.179 0.023185
430.087 432.28 0.022864
430.087 432.381 0.022918
430.087 432.482 0.0241
430.087 432.583 0.022611
430.087 432.684 0.022972
430.087 432.785 0.022477
430.087 432.886 0.022548
430.087 432.987 0.02275
430.087 433.088 0.022698
430.087 433.189 0.022765
430.087 433.29 0.02285
430.087 433.391 0.022765
430.087 433.492 0.022778
430.087 433.593 0.023267
430.087 433.694 0.022679
430.087 433.794 0.022947
430.087 433.895 0.023053
430.087 433.996 0.022347
430.087 434.097 0.022619
430.087 434.198 0.022829
430.087 434.299 0.022625
430.087 434.4 0.022795
430.087 434.501 0.022816
430.087 434.602 0.022633
430.087 434.703 0.022898
430.087 434.804 0.022648
430.087 434.905 0.023358
430.087 435.006 0.022887
430.087 435.107 0.022624
430.087 435.208 0.022735
430.087 435.309 0.023161
430.087 435.41 0.022646
430.087 435.511 0.02302
430.087 435.612 0.023718
430.087 435.712 0.023281
430.087 435.813 0.023063
430.087 435.914 0.022361
430.087 436.023 0.023806
430.087 436.134 0.023195
430.087 436.235 0.023295
430.087 436.336 0.023308
430.087 436.437 0.023109
430.087 436.538 0.023275
430.087 436.639 0.023036
430.087 436.74 0.023095
430.087 436.841 0.023407
430.087 436.942 0.023056
430.087 437.043 0.023012
430.087 437.144 0.023261
430.087 437.245 0.022924
430.087 437.346 0.023308
431.107 437.447 0.022775
431.107 437.548 0.022546
431.107 437.649 0.023203
431.107 437.75 0.023423
431.107 437.851 0.023033
431.107 437.952 0.022927
431.107 438.053 0.023049
431.107 438.154 0.023131
431.107 438.255 0.023316
435.711 438.357 0.022756
435.711 438.458 0.022562
435.711 438.559 0.02306
435.711 438.66 0.022481
435.711 438.761 0.02345
435.711 438.862 0.023091
435.711 438.963 0.023144
435.711 439.064 0.023588
435.711 439.165 0.022807
435.711 439.266 0.022596
435.711 439.367 0.022747
435.711 439.469 0.022391
435.711 439.57 0.022765
435.711 439.671 0.022965
435.711 439.772 0.022808
435.711 439.873 0.022798
435.711 439.974 0.022817
435.711 440.075 0.022877
435.711 440.176 0.022485
435.711 440.278 0.022854
435.711 440.379 0.022977
435.711 440.48 0.022872
435.711 440.581 0.022761
435.711 440.682 0.022807
435.711 440.784 0.022616
435.711 440.885 0.022725
435.711 440.986 0.022885
435.711 441.087 0.024174
435.711 441.188 0.022679
435.711 441.289 0.022894
435.711 441.391 0.022706
435.711 441.492 0.022689
435.711 441.593 0.023168
435.711 441.694 0.022715
435.711 441.795 0.022109
435.711 441.896 0.022713
435.711 441.997 0.022795
435.711 442.099 0.022305
435.711 442.2 0.023347
435.711 442.301 0.023179
435.711 442.402 0.022998
436.731 442.503 0.02277
436.731 442.604 0.022778
436.731 442.706 0.022805
436.731 442.807 0.023203
436.731 442.908 0.022934
436.731 443.009 0.022698
436.731 443.11 0.023171
436.731 443.211 0.023085
436.731 443.312 0.022806
436.731 443.414 0.02289
436.731 443.515 0.022713
436.731 443.616 0.023001
436.731 443.717 0.022857
436.731 443.818 0.023203
441.818 443.919 0.022624
441.818 444.021 0.022918
441.818 444.122 0.022873
441.818 444.223 0.022455
441.818 444.324 0.022811
441.818 444.425 0.023089
441.818 444.526 0.022679
441.818 444.627 0.022859
441.818 444.728 0.022722
441.818 444.83 0.022857
441.818 444.931 0.023229
441.818 445.032 0.022886
441.818 445.133 0.022586
441.818 445.234 0.022779
441.818 445.335 0.022739
441.818 445.436 0.022585
441.818 445.537 0.022813
441.818 445.639 0.022891
441.818 445.74 0.02248
441.818 445.841 0.022682
441.818 445.942 0.022755
441.818 446.043 0.023304
441.818 446.144 0.022801
441.818 446.245 0.022738
441.818 446.347 0.023789
441.818 446.448 0.022863
441.818 446.549 0.023706
441.818 446.65 0.022978
441.818 446.751 0.022879
441.818 446.852 0.022722
441.818 446.954 0.022652
441.818 447.055 0.022994
441.818 447.156 0.022611
441.818 447.257 0.022501
441.818 447.358 0.022781
441.818 447.459 0.023092
441.818 447.56 0.022421
441.818 447.661 0.023113
441.818 447.762 0.022967
441.818 447.864 0.023085
441.818 447.965 0.022928
441.818 448.066 0.023398
441.818 448.167 0.022599
441.818 448.268 0.023154
441.818 448.369 0.023169
441.818 448.471 0.023266
441.818 448.572 0.022752
441.818 448.673 0.022557
441.818 448.774 0.022981
441.818 448.875 0.022553
441.818 448.976 0.021949
441.818 449.078 0.022716
441.818 449.179 0.022868
441.818 449.28 0.023993
441.818 449.382 0.022944
441.818 449.483 0.023285
441.818 449.584 0.023166
441.818 449.685 0.022758
441.818 449.786 0.023492
442.861 449.887 0.022895
442.861 449.988 0.023095
442.861 450.089 0.02247
442.861 450.19 0.022472
442.861 450.291 0.022652
442.861 450.393 0.022389
442.861 450.494 0.023207
442.861 450.595 0.022671
442.861 450.696 0.022677
442.861 450.797 0.02293
442.861 450.898 0.023069
442.861 450.999 0.022686
442.861 451.1 0.022615
442.861 451.201 0.022512
442.861 451.302 0.022598
442.861 451.403 0.023203
442.861 451.504 0.022423
442.861 451.605 0.022934
442.861 451.706 0.023041
442.861 451.807 0.022652
442.861 451.909 0.022767
442.861 452.01 0.023278
442.861 452.111 0.022918
442.861 452.212 0.022767
442.861 452.313 0.022412
442.861 452.414 0.022789
442.861 452.515 0.022827
442.861 452.616 0.022517
442.861 452.717 0.023098
442.861 452.818 0.022801
442.861 452.919 0.022845
442.861 453.02 0.022893
442.861 453.121 0.023093
442.861 453.222 0.022564
442.861 453.323 0.022881
442.861 453.424 0.022678
442.861 453.525 0.022459
442.861 453.626 0.022606
442.861 453.727 0.022893
442.861 453.828 0.022426
442.861 453.929 0.023123
442.861 454.03 0.022818
442.861 454.132 0.022639
442.861 454.233 0.022601
442.861 454.334 0.022547
442.861 454.435 0.022697
442.861 454.536 0.023086
442.861 454.637 0.022848
442.861 454.738 0.023058
442.861 454.839 0.022756
442.861 454.94 0.022475
442.861 455.041 0.022774
442.861 455.142 0.022401
442.861 455.243 0.022772
442.861 455.345 0.022844
442.861 455.446 0.022621
442.861 455.547 0.023221
442.861 455.648 0.023463
442.861 455.749 0.023243
442.861 455.85 0.02327
442.861 455.951 0.023115
442.861 456.052 0.023018
448.84 456.153 0.023138
448.84 456.256 0.022419
448.84 456.357 0.022376
448.84 456.459 0.02295
448.84 456.56 0.02306
448.84 456.661 0.02301
448.84 456.762 0.023458
448.84 456.863 0.023381
455.1 456.964 0.022598
455.1 457.065 0.022363
455.1 457.166 0.023485
455.1 457.267 0.023794
455.1 457.368 0.023039
455.1 457.469 0.022817
455.1 457.57 0.022943
455.1 457.671 0.023198
455.1 457.773 0.023382
455.1 457.874 0.023109
456.122 457.975 0.022834
456.122 458.076 0.022441
456.122 458.177 0.023633
456.122 458.278 0.023507
456.122 458.379 0.022929
456.122 458.48 0.023015
456.122 458.584 0.022961
456.122 458.685 0.02304
456.122 458.786 0.023307
456.122 458.887 0.02296
456.122 458.989 0.022978
456.122 459.09 0.022959
456.122 459.191 0.022963
457.154 459.291 0.022619
457.154 459.393 0.023346
457.154 459.494 0.023963
457.154 459.595 0.022739
457.154 459.696 0.022503
457.154 459.797 0.022827
457.154 459.898 0.022921
457.154 459.999 0.022811
457.154 460.1 0.02281
457.154 460.201 0.023113
457.154 460.303 0.023337
457.154 460.404 0.022924
457.154 460.505 0.023082
457.154 460.606 0.022972
457.154 460.707 0.022856
457.154 460.808 0.022762
457.154 460.909 0.023548
457.154 461.01 0.022939
457.154 461.112 0.022988
457.154 461.213 0.02402
457.154 461.314 0.022761
457.154 461.415 0.022727
457.154 461.516 0.022705
457.154 461.617 0.023166
457.154 461.718 0.022959
457.154 461.819 0.023222
457.154 461.92 0.023138
457.154 462.021 0.023277
457.154 462.123 0.02326
457.154 462.224 0.022955
457.154 462.325 0.023262
457.154 462.426 0.023296
457.154 462.527 0.023046
457.154 462.628 0.023906
457.154 462.729 0.022796
457.154 462.83 0.022995
457.154 462.931 0.02285
457.154 463.033 0.022534
457.154 463.134 0.022949
457.154 463.235 0.023003
457.154 463.336 0.022804
457.154 463.437 0.022917
457.154 463.538 0.023035
457.154 463.639 0.023012
457.154 463.74 0.023095
457.154 463.841 0.023004
457.154 463.942 0.022857
457.154 464.043 0.02323
457.154 464.145 0.022722
457.154 464.246 0.023004
457.154 464.347 0.022617
457.154 464.45 0.022462
457.154 464.551 0.023188
457.154 464.652 0.023392
457.154 464.753 0.022942
457.154 464.854 0.023298
458.174 464.955 0.022211
458.174 465.057 0.022985
458.174 465.158 0.022694
458.174 465.259 0.023055
458.174 465.36 0.022764
458.174 465.461 0.022558
458.174 465.562 0.023045
458.174 465.663 0.022847
458.174 465.764 0.02287
458.174 465.865 0.022944
458.174 465.966 0.022715
458.174 466.067 0.023072
458.174 466.168 0.022824
458.174 466.27 0.023078
458.174 466.371 0.022883
458.174 466.472 0.02373
458.174 466.573 0.022542
458.174 466.674 0.022765
458.174 466.775 0.023049
458.174 466.876 0.022715
458.174 466.977 0.022857
458.174 467.079 0.022907
458.174 467.18 0.022949
458.174 467.281 0.022899
458.174 467.382 0.022761
458.174 467.483 0.023172
458.174 467.585 0.02325
458.174 467.686 0.0229
458.174 467.787 0.023257
458.174 467.888 0.022991
458.174 467.989 0.022794
458.174 468.09 0.023033
458.174 468.191 0.023706
458.174 468.292 0.022772
458.174 468.394 0.022994
458.174 468.495 0.02241
458.174 468.596 0.022758
458.174 468.697 0.023736
458.174 468.798 0.022759
458.174 468.899 0.022729
458.174 469 0.023029
458.174 469.101 0.022766
458.174 469.205 0.02343
458.174 469.307 0.023166
458.174 469.408 0.02286
458.174 469.509 0.02301
458.174 469.61 0.023473
458.174 469.712 0.02283
458.174 469.813 0.023072
458.174 469.915 0.022944
458.174 470.017 0.023111
458.174 470.118 0.023093
458.174 470.219 0.022736
458.174 470.32 0.022883
458.174 470.421 0.022847
458.174 470.522 0.022567
458.174 470.623 0.022294
458.174 470.724 0.02235
458.174 470.825 0.023248
458.174 470.926 0.022917
458.174 471.028 0.023149
458.174 471.129 0.02309
458.174 471.23 0.023539
458.174 471.333 0.023214
458.174 471.435 0.022922
458.174 471.536 0.023153
458.174 471.637 0.023797
464.171 471.738 0.022453
464.171 471.839 0.022612
464.171 471.941 0.022751
464.171 472.042 0.022967
464.171 472.143 0.022821
464.171 472.244 0.022462
464.171 472.345 0.022734
464.171 472.446 0.023121
464.171 472.547 0.022618
464.171 472.648 0.023091
464.171 472.749 0.022872
464.171 472.85 0.022472
464.171 472.951 0.023245
464.171 473.052 0.024053
464.171 473.153 0.022586
464.171 473.254 0.022842
464.171 473.355 0.022731
464.171 473.457 0.022922
464.171 473.558 0.023178
464.171 473.659 0.022681
464.171 473.76 0.022679
464.171 473.861 0.022706
464.171 473.962 0.022999
464.171 474.063 0.022999
464.171 474.164 0.022838
464.171 474.265 0.023094
464.171 474.366 0.022658
464.171 474.467 0.022832
464.171 474.568 0.023077
464.171 474.67 0.022673
464.171 474.771 0.023058
464.171 474.872 0.022796
464.171 474.973 0.022835
464.171 475.074 0.022863
464.171 475.175 0.022947
464.171 475.277 0.022942
464.171 475.377 0.023595
464.171 475.478 0.023439
464.171 475.58 0.022773
464.171 475.681 0.023092
464.171 475.782 0.022956
464.171 475.883 0.023086
464.171 475.984 0.023112
464.171 476.085 0.022944
464.171 476.186 0.023226
464.171 476.287 0.022895
464.171 476.388 0.022735
464.171 476.49 0.022699
464.171 476.591 0.02271
464.171 476.692 0.023458
464.171 476.793 0.025025
464.171 476.894 0.022039
464.171 476.995 0.022428
464.171 477.096 0.022518
464.171 477.197 0.022426
464.171 477.298 0.023384
464.171 477.399 0.022818
464.171 477.5 0.023087
464.171 477.601 0.022761
464.171 477.702 0.022651
464.171 477.803 0.022575
464.171 477.904 0.024087
464.171 478.005 0.022985
464.171 478.107 0.022223
470.394 478.208 0.022243
470.394 478.309 0.022509
470.394 478.41 0.02299
470.394 478.511 0.023241
470.394 478.612 0.022912
470.394 478.718 0.023002
470.394 478.819 0.023164
470.394 478.92 0.023141
470.394 479.03 0.022622
476.857 479.131 0.022271
476.857 479.232 0.022397
476.857 479.333 0.022698
476.857 479.434 0.023474
476.857 479.535 0.022941
476.857 479.636 0.02315
476.857 479.737 0.02296
476.857 479.838 0.022582
477.889 479.939 0.022939
477.889 480.04 0.022895
477.889 480.141 0.022309
477.889 480.242 0.02289
477.889 480.343 0.0228
477.889 480.445 0.022925
477.889 480.546 0.022942
477.889 480.647 0.02301
477.889 480.749 0.02293
477.889 480.85 0.023515
478.912 480.951 0.022651
478.912 481.052 0.022392
478.912 481.153 0.022168
478.912 481.254 0.022884
478.912 481.355 0.02297
478.912 481.459 0.022909
478.912 481.565 0.023036
478.912 481.666 0.023082
478.912 481.767 0.023107
478.912 481.868 0.022899
479.932 481.969 0.022618
479.932 482.07 0.022305
479.932 482.173 0.022949
479.932 482.274 0.022865
479.932 482.375 0.023121
480.952 482.476 0.021925
480.952 482.577 0.022945
480.952 482.678 0.022705
480.952 482.779 0.022378
480.952 482.88 0.023003
480.952 482.981 0.022599
480.952 483.082 0.022831
480.952 483.183 0.023354
480.952 483.284 0.022734
480.952 483.386 0.023127
480.952 483.487 0.022715
481.976 483.587 0.022798
481.976 483.689 0.022856
481.976 483.79 0.022615
481.976 483.891 0.022597
481.976 483.992 0.023907
481.976 484.093 0.02274
481.976 484.194 0.023795
481.976 484.295 0.023093
481.976 484.396 0.023343
481.976 484.497 0.02316
482.997 484.598 0.022696
482.997 484.699 0.022568
482.997 484.8 0.022627
482.997 484.902 0.023244
482.997 485.003 0.023191
482.997 485.104 0.023413
482.997 485.205 0.022198
484.03 485.306 0.022497
484.03 485.407 0.022356
484.03 485.508 0.022482
484.03 485.609 0.023216
484.03 485.71 0.022976
484.03 485.811 0.023225
484.03 485.913 0.023144
484.03 486.014 0.023072
484.03 486.115 0.02265
484.03 486.216 0.022821
484.03 486.317 0.02265
484.03 486.418 0.023169
484.03 486.52 0.023117
485.054 486.621 0.022718
485.054 486.722 0.022365
485.054 486.823 0.023048
485.054 486.924 0.023015
485.054 487.025 0.022948
485.054 487.126 0.022545
485.054 487.228 0.02294
485.054 487.329 0.023093
485.054 487.43 0.023088
485.054 487.531 0.022915
486.074 487.632 0.022728
486.074 487.733 0.022515
486.074 487.834 0.02281
486.074 487.935 0.023124
486.074 488.037 0.022919
486.074 488.138 0.022996
486.074 488.239 0.023096
486.074 488.34 0.022849
486.074 488.441 0.022667
486.074 488.542 0.022818
487.096 488.643 0.02252
487.096 488.745 0.022514
487.096 488.846 0.022612
487.096 488.947 0.02262
487.096 489.048 0.022755
487.096 489.149 0.022877
487.096 489.25 0.02248
487.096 489.351 0.022704
487.096 489.452 0.022495
487.096 489.576 0.022413
487.096 489.677 0.022331
487.096 489.778 0.022659
487.096 489.879 0.022753
487.096 489.981 0.022553
487.096 490.084 0.022599
487.096 490.185 0.02247
487.096 490.287 0.022823
487.096 490.389 0.022657
487.096 490.491 0.022476
487.096 490.592 0.022687
487.096 490.693 0.022493
487.096 490.794 0.022786
487.096 490.895 0.022623
487.096 490.996 0.022658
487.096 491.097 0.022869
487.096 491.198 0.022703
487.096 491.3 0.022693
487.096 491.401 0.022764
487.096 491.502 0.022838
487.096 491.603 0.022867
487.096 491.704 0.022836
487.096 491.805 0.022657
487.096 491.906 0.024155
487.096 492.007 0.023338
487.096 492.108 0.02283
487.096 492.209 0.022911
487.096 492.31 0.02278
487.096 492.411 0.022964
487.096 492.512 0.022777
487.096 492.613 0.02294
487.096 492.714 0.022894
487.096 492.816 0.023082
487.096 492.917 0.022893
487.096 493.018 0.022906
487.096 493.119 0.023091
487.096 493.22 0.023512
487.096 493.321 0.023029
487.096 493.423 0.022871
487.096 493.524 0.023503
487.096 493.625 0.023093
487.096 493.727 0.023225
487.096 493.828 0.02313
487.096 493.929 0.022765
487.096 494.03 0.02294
487.096 494.131 0.022648
487.096 494.232 0.022846
487.096 494.333 0.02482
487.096 494.434 0.024285
487.096 494.536 0.02305
487.096 494.637 0.022867
487.096 494.738 0.025015
487.096 494.839 0.023871
487.096 494.94 0.022746
487.096 495.041 0.022808
487.096 495.142 0.022519
487.096 495.243 0.022415
487.096 495.344 0.023779
487.096 495.446 0.022747
487.096 495.547 0.022805
487.096 495.653 0.022545
487.096 495.755 0.022982
487.096 495.856 0.022701
488.135 495.957 0.022391
488.135 496.059 0.023492
488.135 496.161 0.022687
488.135 496.263 0.023005
488.135 496.364 0.023399
488.135 496.465 0.022408
494.94 496.566 0.022776
494.94 496.667 0.022279
494.94 496.768 0.023009
494.94 496.869 0.022995
494.94 496.97 0.02286
494.94 497.071 0.022952
494.94 497.172 0.02303
494.94 497.273 0.023253
494.94 497.375 0.023293
494.94 497.476 0.022825
495.964 497.577 0.022532
495.964 497.678 0.022684
495.964 497.779 0.022992
495.964 497.88 0.02301
495.964 497.981 0.022907
495.964 498.082 0.023011
495.964 498.183 0.022944
495.964 498.284 0.022909
495.964 498.386 0.02295
495.964 498.487 0.022879
496.998 498.588 0.022587
496.998 498.689 0.02236
496.998 498.79 0.02327
496.998 498.891 0.023167
496.998 498.993 0.023035
496.998 499.094 0.022679
496.998 499.195 0.022834
496.998 499.296 0.022953
498.02 499.397 0.022309
498.02 499.498 0.022973
498.02 499.599 0.022869
498.02 499.701 0.0231
498.02 499.802 0.023422
498.02 499.903 0.023024
498.02 500.004 0.022931
498.02 500.106 0.023176
498.02 500.206 0.023026
498.02 500.308 0.022599
498.02 500.409 0.02294
499.04 500.51 0.022411
499.04 500.611 0.02278
499.04 500.712 0.022973
499.04 500.813 0.023128
499.04 500.914 0.02324
499.04 501.016 0.023379
499.04 501.117 0.022345
499.04 501.218 0.023133
500.064 501.319 0.022381
500.064 501.42 0.02247
500.064 501.522 0.022626
500.064 501.623 0.023149
500.064 501.725 0.02315
500.064 501.826 0.023051
500.064 501.927 0.023366
500.064 502.028 0.023438
500.064 502.129 0.023153
500.064 502.23 0.0225
500.064 502.331 0.022577
501.085 502.433 0.022438
501.085 502.534 0.022643
501.085 502.635 0.023154
501.085 502.736 0.023149
501.085 502.837 0.023101
501.085 502.938 0.023061
501.085 503.039 0.023236
501.085 503.141 0.023244
502.106 503.242 0.022205
502.106 503.343 0.022712
502.106 503.444 0.022322
502.106 503.545 0.022688
502.106 503.646 0.022911
502.106 503.747 0.02259
502.106 503.848 0.022515
502.106 503.949 0.022507
502.106 504.05 0.022409
502.106 504.151 0.022647
502.106 504.252 0.022411
502.106 504.353 0.022567
502.106 504.454 0.022653
502.106 504.555 0.022459
502.106 504.657 0.022819
502.106 504.758 0.022843
502.106 504.859 0.022423
502.106 504.96 0.022688
502.106 505.061 0.022541
502.106 505.162 0.022491
502.106 505.263 0.023086
502.106 505.364 0.022278
502.106 505.465 0.022692
502.106 505.566 0.022945
502.106 505.667 0.022176
502.106 505.768 0.022688
502.106 505.869 0.022564
502.106 505.97 0.022774
502.106 506.071 0.022714
502.106 506.173 0.022455
502.106 506.274 0.022561
502.106 506.375 0.022784
502.106 506.476 0.022468
502.106 506.577 0.022598
502.106 506.678 0.022441
502.106 506.779 0.022616
502.106 506.88 0.022626
502.106 506.981 0.022468
502.106 507.082 0.022622
502.106 507.183 0.022755
502.106 507.284 0.022312
502.106 507.385 0.022794
502.106 507.486 0.02243
502.106 507.588 0.022879
502.106 507.689 0.022518
502.106 507.79 0.022358
502.106 507.891 0.022782
502.106 507.992 0.022688
502.106 508.093 0.022403
502.106 508.194 0.022723
502.106 508.295 0.022581
502.106 508.397 0.022673
502.106 508.498 0.022849
502.106 508.599 0.022366
502.106 508.7 0.02276
502.106 508.801 0.023061
502.106 508.902 0.022436
502.106 509.003 0.022977
502.106 509.104 0.022608
502.106 509.205 0.022519
502.106 509.306 0.022218
502.106 509.407 0.022196
502.106 509.508 0.02225
502.106 509.61 0.023326
502.106 509.711 0.022909
502.106 509.812 0.02317
502.106 509.913 0.022995
502.106 510.014 0.022986
502.106 510.115 0.023015
502.106 510.217 0.023159
503.126 510.318 0.022118
503.126 510.419 0.023378
503.126 510.52 0.022816
503.126 510.621 0.022386
503.126 510.722 0.022553
503.126 510.823 0.022789
503.126 510.925 0.022653
503.126 511.026 0.022894
503.126 511.127 0.022349
503.126 511.228 0.022687
503.126 511.329 0.022728
503.126 511.43 0.022445
503.126 511.531 0.023338
503.126 511.633 0.022246
503.126 511.734 0.02249
503.126 511.835 0.02308
503.126 511.936 0.022497
503.126 512.037 0.022489
503.126 512.138 0.022443
503.126 512.239 0.022314
503.126 512.341 0.022788
503.126 512.442 0.022337
503.126 512.543 0.0224
503.126 512.644 0.022617
