355.283 1.72641 0.0296 1.56411 0.152131
357.041 0.236388 0.024697 0.108918 0.11884
358.067 0.191786 0.0208 0.07951 0.109503
359.089 0.180667 0.019938 0.072751 0.105243
360.11 0.168079 0.021467 0.065326 0.100117
361.132 0.163777 0.018022 0.05873 0.102332
362.151 0.174245 0.023891 0.061008 0.110526
363.176 0.172758 0.021372 0.065957 0.103977
364.199 0.17508 0.019969 0.069465 0.102846
365.22 0.187045 0.019896 0.069972 0.114396
366.242 0.168112 0.020452 0.067701 0.097252
367.263 0.281629 0.019367 0.070841 0.208101
368.284 0.242485 0.019403 0.067153 0.172573
369.305 0.243453 0.019212 0.068335 0.171258
370.325 0.249427 0.02367 0.061397 0.185408
371.35 1.14147 0.01991 0.060894 1.07779
372.513 0.242202 0.02245 0.067943 0.171498
373.537 0.230407 0.021091 0.057694 0.170014
374.559 0.248777 0.02051 0.070936 0.175196
375.581 0.227901 0.020072 0.06111 0.16413
376.602 0.239375 0.02189 0.068599 0.16811
377.626 0.257013 0.025698 0.060466 0.193765
378.652 6.33804 0.019086 0.056955 6.27843
385.011 5.86757 0.020025 0.096372 5.76797
390.9 8.77996 0.021299 0.068138 8.70924
399.702 8.11058 0.018611 0.093611 8.01329
407.84 7.90405 0.019092 0.081967 7.81945
415.764 0.842841 0.020056 0.086302 0.753884
416.791 0.803341 0.018902 0.064766 0.73592
417.811 0.224209 0.018973 0.063795 0.157747
418.831 0.2205 0.018854 0.057901 0.159925
419.851 0.241173 0.023547 0.060689 0.176877
420.876 0.713466 0.019333 0.061482 0.649321
421.896 0.235289 0.019167 0.060524 0.172115
422.917 0.671194 0.023623 0.057858 0.610686
423.942 0.258998 0.019017 0.06185 0.194517
424.962 0.220004 0.019582 0.061948 0.155489
425.983 0.593477 0.021413 0.058357 0.532351
427.005 0.656511 0.019114 0.058923 0.59499
428.026 0.601287 0.018518 0.059671 0.539018
429.066 0.650007 0.019587 0.060874 0.586529
430.087 0.214743 0.019678 0.057926 0.154154
431.107 4.58223 0.019979 0.060388 4.51903
435.711 0.133075 0.018813 0.056405 0.074035
436.731 5.03163 0.038629 0.059141 4.96973
441.818 0.261079 0.019641 0.05752 0.20071
442.861 5.95724 0.020344 0.055843 5.89873
448.84 6.24007 0.018906 0.083888 6.15361
455.1 0.257913 0.020916 0.089249 0.165833
456.122 0.227013 0.019344 0.063535 0.160726
457.154 0.250772 0.019121 0.058781 0.189419
458.174 5.97582 0.019398 0.058268 5.91469
464.171 6.20194 0.019749 0.068492 6.13083
470.394 6.44367 0.018673 0.098854 6.34223
476.857 0.836706 0.019122 0.088289 0.745753
477.889 0.724412 0.020636 0.063813 0.657993
478.912 0.687631 0.019684 0.059988 0.624963
479.932 0.694878 0.018554 0.058071 0.634218
480.952 0.62048 0.022657 0.057826 0.559984
481.976 0.758679 0.019883 0.059303 0.696736
482.997 0.682809 0.020049 0.059215 0.620651
484.03 0.201847 0.023026 0.054257 0.144673
485.054 0.210625 0.018997 0.060746 0.147189
486.074 0.214755 0.020051 0.06329 0.148792
487.096 0.218113 0.020192 0.057075 0.158438
488.135 6.78328 0.02032 0.060901 6.71939
494.94 0.744802 0.023169 0.102601 0.639415
495.964 0.207541 0.0329 0.059156 0.145704
496.998 0.199028 0.020212 0.058096 0.138207
498.02 0.193784 0.019206 0.058193 0.13292
499.04 0.22473 0.022355 0.05968 0.161979
500.064 0.203063 0.019523 0.058794 0.141626
501.085 0.193357 0.02002 0.056199 0.134564
502.106 0.191923 0.019369 0.05885 0.130442
503.126 5.96256 0.02031 0.058233 5.90167
509.127 6.29435 0.019847 0.116207 6.1755
515.443 0.787184 0.019105 0.076331 0.708258
516.463 0.737127 0.019863 0.05989 0.674578
517.484 0.664197 0.01906 0.058486 0.603062
518.505 8.24818 0.020922 0.058902 8.1866
526.775 6.59304 0.019623 0.089712 6.50073
533.388 0.192673 0.018944 0.079257 0.110822
534.409 0.182891 0.021589 0.060843 0.119316
535.432 0.181344 0.020056 0.061261 0.117453
536.453 0.213437 0.019984 0.058867 0.151781
537.475 0.211038 0.021225 0.059605 0.148675
538.497 0.211822 0.020099 0.059832 0.149247
539.519 0.213769 0.019591 0.057737 0.153336
540.54 0.228774 0.023794 0.058383 0.167223
541.564 0.205685 0.021547 0.057084 0.145939
542.587 0.224006 0.020514 0.057991 0.16333
543.609 0.227529 0.019914 0.061244 0.163675
544.63 0.214607 0.022682 0.057292 0.154734
545.655 0.210504 0.019872 0.060536 0.147289
546.676 0.209902 0.019622 0.060075 0.147034
547.696 0.206935 0.019617 0.057285 0.147053
548.718 0.208945 0.022716 0.048288 0.157858
549.742 0.213451 0.019953 0.05812 0.152671
550.763 0.202897 0.019508 0.057926 0.142308
551.784 0.212572 0.020549 0.059198 0.150728
552.806 0.208406 0.020641 0.056801 0.148767
553.828 0.206787 0.019942 0.05706 0.146818
554.849 0.209482 0.018936 0.058881 0.147808
555.869 0.205528 0.018847 0.059344 0.143509
556.89 0.219352 0.019187 0.057181 0.159587
557.91 0.206686 0.020961 0.061256 0.142692
558.933 0.198151 0.019905 0.0577 0.137829
559.954 0.212602 0.020397 0.058529 0.151431
560.975 0.192393 0.019583 0.059261 0.130491
561.996 0.189816 0.020072 0.048312 0.138844
563.017 0.196345 0.020098 0.05903 0.134576
564.039 0.210469 0.019841 0.056982 0.150779
565.061 0.191983 0.020651 0.055687 0.133698
566.082 4.53476 0.020234 0.05854 4.4736
570.638 6.06604 0.018848 0.059419 6.00404
576.724 0.222466 0.020005 0.059288 0.15859
577.745 6.8861 0.019397 0.055132 6.82839
584.652 0.280236 0.018907 0.129833 0.147799
585.672 0.204205 0.019873 0.062531 0.139065
586.693 0.803821 0.019308 0.056678 0.744551
587.714 0.678799 0.019755 0.065579 0.610461
588.735 7.23435 0.022197 0.057929 7.17372
595.993 0.161194 0.019362 0.066638 0.091921
597.013 0.154821 0.019802 0.060187 0.09202
598.034 0.137072 0.021035 0.058222 0.076223
599.056 0.590987 0.021532 0.057474 0.530657
600.079 0.246471 0.020023 0.060615 0.183196
601.1 0.140523 0.019552 0.059815 0.078111
602.121 0.201233 0.019472 0.061215 0.13743
603.142 0.161947 0.019755 0.067416 0.091903
604.162 0.202498 0.019429 0.062295 0.137582
605.183 0.142971 0.02087 0.064165 0.076165
606.205 0.142262 0.019213 0.062982 0.076705
607.226 0.147761 0.023625 0.068494 0.075937
608.251 0.142517 0.020855 0.063532 0.076233
609.273 0.147978 0.020812 0.063525 0.081809
610.295 0.150072 0.023027 0.064573 0.082613
611.319 0.144145 0.019053 0.066729 0.074678
612.34 0.149305 0.023379 0.066873 0.079316
613.364 0.14217 0.019419 0.063928 0.075572
614.385 0.145349 0.019729 0.063268 0.079524
615.406 0.15669 0.021036 0.063486 0.090299
616.429 0.142625 0.019828 0.064094 0.075871
617.45 0.143057 0.02192 0.063477 0.076803
618.473 0.157909 0.020102 0.065371 0.089985
619.494 0.137987 0.019472 0.06157 0.073825
620.515 0.140364 0.019493 0.063813 0.073951
621.536 0.140254 0.021368 0.061862 0.075811
622.558 0.140287 0.019897 0.061988 0.075676
623.579 0.146688 0.021062 0.063046 0.080621
624.602 0.141418 0.018908 0.065437 0.073258
625.622 0.137498 0.018856 0.062199 0.072695
626.642 0.133084 0.020733 0.059277 0.071029
627.663 0.136988 0.018619 0.063727 0.070579
628.683 0.148576 0.017915 0.064106 0.081866
629.702 0.138205 0.018676 0.062704 0.072857
630.722 0.140951 0.018338 0.061022 0.077373
631.742 0.142479 0.018311 0.062377 0.07742
632.761 0.150106 0.019347 0.064717 0.082833
633.782 0.145 0.019706 0.065855 0.076375
634.803 0.151164 0.020434 0.065219 0.083131
635.825 0.139572 0.020114 0.062209 0.074648
636.846 0.148988 0.019252 0.06374 0.082498
637.867 0.141114 0.019824 0.065228 0.073195
638.888 0.129104 0.019727 0.052437 0.073917
639.909 0.140727 0.019651 0.061981 0.076097
640.93 0.142206 0.018891 0.063629 0.07582
641.95 0.136278 0.019829 0.06364 0.069907
642.971 0.140098 0.018181 0.065178 0.072341
643.99 0.139916 0.020467 0.06261 0.074652
645.012 0.133539 0.018795 0.058926 0.071992
646.032 0.153901 0.021677 0.062389 0.088267
647.056 0.151582 0.019962 0.064342 0.084526
648.077 0.129738 0.018737 0.051818 0.075266
649.097 0.123005 0.018451 0.050706 0.06969
650.117 0.139178 0.018242 0.063564 0.072973
651.136 0.137322 0.017918 0.062098 0.072623
652.155 0.141542 0.018782 0.060402 0.078547
653.175 0.135381 0.018213 0.060904 0.071778
654.195 0.14405 0.0194 0.06369 0.077577
655.215 0.128181 0.019953 0.053649 0.071721
656.237 0.136004 0.017979 0.061589 0.071825
657.256 0.12662 0.018242 0.050781 0.073149
658.275 0.129005 0.018087 0.051454 0.074868
659.294 0.1415 0.019447 0.061794 0.07705
660.316 0.138253 0.019329 0.064721 0.070767
661.336 0.139607 0.018663 0.063237 0.07374
662.356 0.139797 0.017708 0.063278 0.073915
663.375 0.138266 0.018739 0.064452 0.071216
664.395 0.138109 0.019172 0.062763 0.072663
665.416 0.138244 0.018671 0.060313 0.07519
666.436 0.152352 0.018229 0.062448 0.087302
667.455 0.14342 0.018587 0.062935 0.077797
668.475 0.137087 0.019144 0.063632 0.070773
669.495 0.134874 0.018675 0.053277 0.078959
670.516 0.129964 0.021326 0.053028 0.074326
671.538 0.133284 0.020867 0.055385 0.074916
672.56 0.141601 0.01808 0.06245 0.076544
673.579 0.144226 0.017202 0.063435 0.078212
674.598 0.137919 0.018597 0.06389 0.071329
675.618 0.140575 0.018738 0.062907 0.074617
676.637 0.127523 0.02092 0.054292 0.070518
677.659 0.135465 0.02083 0.053067 0.079805
678.681 0.134505 0.022076 0.052749 0.078452
679.704 0.130705 0.019133 0.05041 0.077577
680.724 0.131987 0.02015 0.050848 0.07857
681.745 0.12981 0.022509 0.050641 0.076534
682.769 0.134865 0.019636 0.051303 0.080891
683.789 0.136586 0.021831 0.052429 0.08147
684.812 0.133159 0.024803 0.050785 0.079813
685.838 0.138009 0.021469 0.053763 0.08119
686.861 0.13999 0.01815 0.054224 0.083138
687.88 0.133162 0.01953 0.053465 0.076678
688.901 0.140005 0.023216 0.053879 0.083498
689.925 0.143649 0.021437 0.052232 0.088804
690.948 0.134385 0.021224 0.052019 0.079799
691.97 0.140022 0.020893 0.052668 0.084348
692.992 0.149019 0.019601 0.053225 0.092569
694.012 0.137586 0.018228 0.055965 0.078622
695.031 0.136086 0.019954 0.053238 0.080232
696.053 0.148686 0.02007 0.052602 0.093521
697.074 0.145902 0.019073 0.053451 0.089756
698.094 0.200768 0.020764 0.052931 0.144943
699.116 0.159736 0.018762 0.052182 0.104822
700.136 0.137806 0.0204 0.05195 0.083287
701.157 0.202484 0.02151 0.052086 0.147466
702.18 0.201928 0.019642 0.053349 0.145832
703.201 0.188054 0.021332 0.051922 0.133091
704.224 0.147023 0.021171 0.051989 0.092466
705.246 0.131784 0.022342 0.048416 0.080798
706.269 0.185787 0.019432 0.053598 0.129595
707.29 0.14799 0.023301 0.055129 0.090206
708.314 0.13961 0.021243 0.050541 0.086395
709.337 0.156828 0.022023 0.052043 0.102138
710.36 0.139585 0.023462 0.054712 0.082
711.385 0.21381 0.023238 0.052376 0.15884
712.409 0.235415 0.019388 0.055931 0.1769
713.43 0.326087 0.022169 0.052289 0.271218
714.453 0.290058 0.019716 0.053347 0.234129
715.474 0.195667 0.021935 0.057806 0.135258
716.498 0.15501 0.020356 0.05511 0.097233
717.519 0.315051 0.021197 0.054749 0.257726
718.541 0.320642 0.018459 0.054854 0.262798
719.561 0.206261 0.021832 0.051873 0.151774
720.583 0.187722 0.02617 0.053214 0.131851
721.611 0.18878 0.025255 0.052393 0.133806
722.637 0.199851 0.023037 0.058451 0.138798
723.661 0.189505 0.021863 0.053436 0.13345
724.684 0.191031 0.020282 0.054054 0.134378
725.706 0.191655 0.022587 0.053901 0.134953
