161.659 163.423 1.23318
163.423 164.658 0.846503
164.452 165.506 1.01915
165.476 166.527 1.37932
166.501 167.907 1.09512
167.523 169.003 0.958855
168.545 169.963 0.993679
169.57 170.958 0.876274
170.593 171.835 0.639197
171.616 172.475 0.890144
172.641 173.367 1.12136
173.808 174.489 1.16163
174.831 175.652 1.52525
175.851 177.178 0.487941
176.873 177.667 0.915435
177.897 179.101 1.16514
179.101 180.268 1.11963
180.124 181.388 1.21814
181.149 182.607 0.948295
182.171 183.557 1.34397
183.194 184.902 0.89087
184.217 185.794 0.667847
185.254 191.582 0.915416
191.581 197.389 0.664031
197.389 205.927 1.24983
205.926 213.745 1.04421
213.745 221.853 0.920639
221.852 222.774 0.711839
222.874 223.696 0.56897
223.893 224.266 1.11228
224.913 225.379 0.828331
225.934 226.209 0.861594
226.956 227.705 0.682917
227.977 228.389 0.839453
229.021 229.718 0.68801
230.041 230.407 1.12847
231.064 231.537 0.823124
232.084 232.361 0.689308
233.104 233.762 0.820812
234.125 234.747 0.700497
235.147 235.813 0.696893
236.167 236.511 0.69319
237.19 241.605 1.47877
241.604 243.085 0.883529
242.636 243.973 0.572839
243.656 244.547 1.26078
244.678 245.813 0.848048
245.705 246.662 0.84476
246.727 247.508 0.834839
247.747 248.344 0.976419
248.768 249.323 1.21507
249.789 250.539 0.722918
250.814 251.266 1.15131
251.836 252.418 1.0041
252.857 253.423 0.906329
253.881 254.331 0.875549
254.903 255.207 0.984387
255.924 256.193 0.942145
256.947 257.141 0.519042
257.968 258.117 0.717977
258.989 259.137 0.76185
260.009 260.16 0.561739
261.031 267.16 1.37841
267.16 268.54 0.920478
268.191 269.461 0.822553
269.215 275.829 0.848416
275.829 276.678 0.556413
276.852 277.236 0.969604
277.877 278.206 0.882964
278.901 279.133 0.748058
279.923 280.143 1.1031
280.944 281.25 0.716815
281.969 282.204 1.03537
282.995 289.576 1.00595
289.576 295.545 1.17103
295.545 301.724 1.38098
301.724 303.106 0.951379
302.745 304.059 1.10936
303.766 305.171 0.63492
304.786 313.01 1.11569
313.01 319.852 1.2775
319.852 326.199 0.806447
326.199 333.157 1.67595
333.156 338.399 0.689657
338.399 345.055 0.915088
345.055 351.698 1.06092
351.698 358.222 0.860852
358.221 365.783 1.90504
365.783 367.69 0.80478
366.806 368.495 0.663678
367.832 369.161 1.34039
368.854 370.502 0.821104
369.875 371.324 0.928721
370.898 372.254 0.67181
371.92 372.927 0.894354
372.941 373.822 0.792043
373.961 374.83 1.06038
374.982 375.891 0.913921
376.002 383.545 1.12932
383.545 391.604 1.71993
391.604 399.211 1.41479
399.211 400.63 1.28111
400.231 401.912 1.02177
401.252 402.935 0.886614
402.273 403.822 0.649673
403.643 404.473 0.881156
404.664 405.355 0.944515
405.752 406.3 0.946262
406.776 407.248 0.763543
407.8 408.03 1.2307
408.822 409.262 1.2624
409.844 410.525 0.942437
410.864 411.469 1.06785
411.886 412.537 0.914071
412.907 413.452 0.585048
413.928 414.149 1.03508
414.949 415.185 0.882578
415.971 416.571 0.791122
416.991 417.363 0.933811
418.014 418.298 0.519209
419.037 419.255 1.04551
420.064 420.302 0.688375
421.088 425.918 0.729965
425.918 426.649 1.10078
427.039 427.751 0.886476
428.087 428.638 1.62838
429.11 430.268 0.785404
430.134 431.054 1.58484
431.157 432.64 0.754967
432.178 433.402 1.17838
433.2 434.581 1.3679
434.221 435.95 0.871917
435.244 440.867 1.29662
440.867 442.164 0.836238
441.956 448.029 0.838264
448.028 448.868 0.719301
449.057 449.589 0.656079
450.078 450.312 0.763774
451.099 456.55 1.79834
456.55 458.349 0.662784
457.577 462.928 1.47046
462.928 464.399 0.864329
463.948 465.265 0.995212
464.969 466.261 1.44493
465.994 467.707 1.02487
467.017 468.733 1.64753
468.038 470.381 0.609195
469.061 470.992 1.33614
470.083 472.331 1.29452
471.13 473.626 0.692373
472.152 474.319 0.761198
473.175 475.081 1.43414
474.198 476.516 0.89927
475.221 477.417 0.965038
476.242 478.389 0.443609
477.263 478.833 0.80771
478.284 479.641 1.04327
479.31 480.686 0.770645
480.331 481.46 1.06243
481.352 482.523 0.803434
482.375 483.327 0.725318
483.394 489.359 0.789279
489.358 490.149 0.898246
490.381 491.048 0.582253
491.4 491.631 1.00479
492.421 493.57 1.35914
493.57 499.887 0.759508
499.887 506.927 1.37467
506.927 512.942 1.12943
512.942 514.077 0.610028
513.967 514.688 1.0743
514.991 515.763 0.706813
516.014 516.47 0.509277
517.034 517.206 0.812341
518.054 518.267 1.23141
519.077 519.5 0.62825
520.099 520.361 1.12367
521.122 521.487 1.04034
522.145 522.529 0.904976
523.169 523.434 0.576762
524.191 524.345 1.18624
525.213 525.533 0.44413
526.236 526.386 0.608463
527.262 527.407 1.26138
528.283 528.669 1.09149
529.306 529.762 1.0929
530.327 530.855 0.640222
531.349 531.519 0.776406
532.374 532.548 1.01939
533.403 533.618 0.782417
534.424 534.591 1.13587
535.455 535.728 1.00605
536.476 536.734 0.77284
537.499 537.673 0.616326
538.521 538.708 0.471348
539.555 539.75 0.821963
540.588 540.762 1.73326
541.615 542.496 0.846586
542.636 543.343 0.810488
543.655 544.155 0.770582
