165.476 168.019 0.038252
165.476 168.057 0.032275
165.476 168.158 0.028544
165.476 168.26 0.027761
165.476 168.361 0.028057
165.476 168.463 0.026305
165.476 168.564 0.02617
165.476 168.665 0.02602
165.476 168.767 0.02527
165.476 168.868 0.024475
165.476 168.97 0.02455
166.501 169.071 0.02551
166.501 169.172 0.024103
166.501 169.274 0.023564
166.501 169.375 0.022812
166.501 169.477 0.022535
166.501 169.578 0.022739
166.501 169.68 0.02443
166.501 169.787 0.022616
166.501 169.889 0.023064
167.523 169.99 0.022277
167.523 170.091 0.022169
167.523 170.193 0.022122
167.523 170.294 0.022807
167.523 170.396 0.02238
167.523 170.497 0.022351
167.523 170.599 0.022806
167.523 170.701 0.023255
167.523 170.803 0.022258
167.523 170.904 0.022463
168.545 171.006 0.022745
168.545 171.107 0.022891
168.545 171.208 0.022585
168.545 171.31 0.022375
168.545 171.413 0.023755
168.545 171.515 0.023694
168.545 171.616 0.027096
168.545 171.717 0.022429
168.545 171.82 0.022344
169.57 171.921 0.021798
169.57 172.022 0.023099
169.57 172.124 0.022702
169.57 172.229 0.023083
169.57 172.336 0.022375
169.57 172.446 0.02267
170.593 172.621 0.024462
170.593 172.723 0.022688
170.593 172.828 0.022605
170.593 172.975 0.022463
170.593 173.076 0.02233
170.593 173.177 0.023298
170.593 173.278 0.022403
171.616 173.379 0.022583
171.616 173.482 0.02199
171.616 173.585 0.022261
171.616 173.686 0.022958
171.616 173.787 0.022305
171.616 173.89 0.022436
171.616 173.991 0.022294
171.616 174.137 0.022658
171.616 174.238 0.023177
171.616 174.339 0.022145
171.616 174.44 0.022388
172.641 174.546 0.022298
172.641 174.647 0.023373
172.641 174.748 0.022815
172.641 174.866 0.02199
172.641 175.043 0.02345
172.641 175.146 0.022446
172.641 175.247 0.02233
172.641 175.348 0.022429
172.641 175.449 0.022136
172.641 175.552 0.022347
172.641 175.653 0.022004
173.808 175.754 0.021612
173.808 175.855 0.021889
173.808 175.956 0.022761
173.808 176.057 0.023122
173.808 176.159 0.021749
173.808 176.26 0.021721
173.808 176.361 0.02198
173.808 176.462 0.023223
173.808 176.563 0.02195
173.808 176.666 0.021791
173.808 176.767 0.021494
173.808 176.868 0.021703
173.808 176.969 0.022334
173.808 177.07 0.021515
173.808 177.171 0.021932
174.831 177.272 0.022177
174.831 177.377 0.021619
174.831 177.479 0.021784
174.831 177.58 0.022363
175.851 177.681 0.02166
175.851 177.782 0.021635
175.851 177.883 0.021683
175.851 177.984 0.02136
175.851 178.085 0.021575
175.851 178.187 0.021644
175.851 178.288 0.021885
175.851 178.389 0.021261
175.851 178.49 0.021722
176.873 178.591 0.023096
176.873 178.693 0.021388
176.873 178.795 0.021516
176.873 178.896 0.021487
176.873 178.998 0.022447
176.873 179.099 0.021559
176.873 179.2 0.022658
176.873 179.301 0.02211
176.873 179.402 0.02189
176.873 179.503 0.021019
176.873 179.604 0.021393
176.873 179.705 0.022838
176.873 179.806 0.021062
176.873 179.909 0.021198
176.873 180.01 0.021357
176.873 180.111 0.021172
176.873 180.212 0.021196
177.897 180.318 0.021723
177.897 180.419 0.021214
177.897 180.52 0.021699
177.897 180.621 0.021424
177.897 180.727 0.021609
177.897 180.828 0.021769
177.897 180.929 0.021812
177.897 181.03 0.021229
177.897 181.135 0.02126
177.897 181.236 0.022209
177.897 181.337 0.02187
179.101 181.438 0.023228
179.101 181.543 0.021384
179.101 181.644 0.021728
179.101 181.745 0.023
179.101 181.846 0.022707
179.101 181.948 0.021578
179.101 182.048 0.021866
179.101 182.149 0.02159
179.101 182.251 0.021697
179.101 182.352 0.020788
179.101 182.454 0.021601
179.101 182.555 0.021349
180.124 182.656 0.021414
180.124 182.757 0.022114
180.124 182.858 0.021347
180.124 182.959 0.021342
180.124 183.06 0.022001
180.124 183.161 0.021457
180.124 183.262 0.021779
180.124 183.368 0.021031
180.124 183.469 0.021437
181.149 183.57 0.022072
181.149 183.671 0.021324
181.149 183.772 0.021282
181.149 183.873 0.021804
181.149 183.974 0.021252
181.149 184.076 0.021444
181.149 184.177 0.021494
181.149 184.277 0.021413
181.149 184.384 0.021357
181.149 184.485 0.021404
181.149 184.586 0.021566
181.149 184.687 0.021152
181.149 184.788 0.022605
181.149 184.889 0.022062
182.171 184.99 0.021318
182.171 185.091 0.021396
182.171 185.193 0.021448
182.171 185.294 0.021252
182.171 185.399 0.02169
182.171 185.5 0.021479
182.171 185.601 0.021489
182.171 185.702 0.021073
183.194 185.803 0.020831
183.194 185.904 0.020765
183.194 186.005 0.052627
183.194 186.106 0.021337
183.194 186.207 0.02106
183.194 186.309 0.021425
183.194 186.414 0.021338
184.217 186.515 0.021103
184.217 186.616 0.021933
184.217 186.718 0.021243
184.217 186.819 0.022039
184.217 186.92 0.021424
184.217 187.021 0.020788
184.217 187.122 0.021129
184.217 187.223 0.021064
184.217 187.324 0.021212
184.217 187.428 0.020801
184.217 187.529 0.021197
184.217 187.63 0.021679
184.217 187.731 0.020897
184.217 187.832 0.021238
184.217 187.933 0.021288
184.217 188.034 0.021119
184.217 188.138 0.021192
184.217 188.239 0.023386
184.217 188.339 0.02142
184.217 188.441 0.021326
184.217 188.542 0.02191
184.217 188.643 0.021804
184.217 188.743 0.021117
184.217 188.845 0.02177
184.217 188.946 0.021086
184.217 189.046 0.021392
184.217 189.147 0.021206
184.217 189.263 0.020965
184.217 189.364 0.021705
184.217 189.465 0.021705
184.217 189.566 0.021446
184.217 189.669 0.021039
184.217 189.77 0.021868
184.217 189.871 0.021572
184.217 189.972 0.02133
184.217 190.073 0.021533
184.217 190.174 0.021345
184.217 190.275 0.02129
184.217 190.376 0.021261
184.217 190.477 0.021341
184.217 190.578 0.0228
184.217 190.68 0.021224
184.217 190.781 0.021858
184.217 190.882 0.022127
184.217 190.983 0.021428
184.217 191.084 0.021538
184.217 191.185 0.021622
184.217 191.286 0.0212
184.217 191.388 0.021669
184.217 191.49 0.021436
184.217 191.719 0.021462
184.217 191.824 0.021658
184.217 191.925 0.021837
184.217 192.026 0.021451
184.217 192.127 0.021264
184.217 192.229 0.02114
184.217 192.335 0.021179
184.217 192.458 0.021128
185.254 192.562 0.021597
185.254 192.663 0.021069
185.254 192.765 0.020884
185.254 192.866 0.021145
185.254 192.967 0.021397
185.254 193.068 0.021589
185.254 193.169 0.021095
185.254 193.27 0.021151
185.254 193.371 0.02144
185.254 193.472 0.021149
185.254 193.573 0.021809
185.254 193.674 0.021875
185.254 193.775 0.021557
185.254 193.877 0.021725
185.254 193.978 0.021674
185.254 194.079 0.021943
185.254 194.18 0.021551
185.254 194.283 0.0221
185.254 194.384 0.02187
185.254 194.485 0.021808
185.254 194.586 0.021768
185.254 194.687 0.021887
185.254 194.788 0.022077
185.254 194.889 0.021636
185.254 194.989 0.022112
185.254 195.091 0.022156
185.254 195.191 0.021693
185.254 195.293 0.02141
185.254 195.395 0.0219
185.254 195.496 0.022851
185.254 195.599 0.022066
185.254 195.7 0.021555
185.254 195.801 0.022792
185.254 195.902 0.021013
185.254 196.026 0.021582
185.254 196.149 0.021442
185.254 196.258 0.021541
185.254 196.359 0.02188
185.254 196.46 0.022788
185.254 196.561 0.021696
185.254 196.662 0.021556
185.254 196.763 0.021634
185.254 196.887 0.021611
185.254 196.989 0.021057
185.254 197.09 0.0223
185.254 197.191 0.021806
185.254 197.292 0.021373
185.254 197.436 0.02133
185.254 197.547 0.021459
185.254 197.65 0.021792
185.254 197.753 0.021793
185.254 197.854 0.021281
185.254 197.955 0.021572
185.254 198.056 0.021833
191.581 198.157 0.021477
191.581 198.258 0.021492
191.581 198.359 0.021585
191.581 198.46 0.021511
191.581 198.561 0.022061
191.581 198.662 0.021466
191.581 198.764 0.022386
191.581 198.865 0.021828
191.581 198.966 0.021693
191.581 199.067 0.021434
191.581 199.169 0.021651
191.581 199.27 0.021872
191.581 199.371 0.021778
191.581 199.472 0.021537
191.581 199.575 0.021718
191.581 199.676 0.021674
191.581 199.777 0.021818
191.581 199.877 0.021562
191.581 199.98 0.021794
191.581 200.081 0.022747
191.581 200.182 0.021728
191.581 200.283 0.0219
191.581 200.384 0.021933
191.581 200.485 0.021474
191.581 200.586 0.022387
191.581 200.687 0.021528
191.581 200.788 0.021641
191.581 200.889 0.022033
191.581 200.99 0.022534
191.581 201.091 0.022246
191.581 201.192 0.021662
191.581 201.293 0.021695
191.581 201.394 0.021555
191.581 201.497 0.021359
191.581 201.598 0.021447
191.581 201.699 0.021717
191.581 201.8 0.021532
191.581 201.902 0.021533
191.581 202.002 0.021377
191.581 202.103 0.021783
191.581 202.204 0.021121
191.581 202.306 0.021822
191.581 202.407 0.023248
191.581 202.508 0.021569
191.581 202.609 0.021526
191.581 202.711 0.022016
191.581 202.812 0.024037
191.581 202.913 0.021913
191.581 203.014 0.022467
191.581 203.115 0.021663
191.581 203.216 0.024294
191.581 203.317 0.021675
191.581 203.418 0.021867
191.581 203.519 0.023898
191.581 203.62 0.021585
191.581 203.721 0.021681
191.581 203.822 0.021868
191.581 203.923 0.021722
191.581 204.025 0.021753
191.581 204.126 0.022141
191.581 204.227 0.021694
191.581 204.328 0.022706
191.581 204.429 0.021686
191.581 204.53 0.021544
191.581 204.632 0.021909
191.581 204.733 0.021633
191.581 204.834 0.022472
191.581 204.935 0.021351
191.581 205.037 0.022006
191.581 205.138 0.021951
191.581 205.239 0.021494
191.581 205.34 0.021366
191.581 205.442 0.021713
191.581 205.543 0.022304
191.581 205.644 0.022707
191.581 205.745 0.021751
191.581 205.846 0.021882
191.581 205.947 0.022142
191.581 206.072 0.021692
191.581 206.173 0.022002
191.581 206.276 0.022088
191.581 206.377 0.02253
191.581 206.479 0.021083
191.581 206.58 0.021923
191.581 206.681 0.022229
191.581 206.783 0.021444
191.581 206.884 0.021151
191.581 206.985 0.021618
191.581 207.086 0.022262
197.389 207.187 0.021352
197.389 207.288 0.021261
197.389 207.389 0.021488
197.389 207.49 0.021184
197.389 207.591 0.022
197.389 207.693 0.02185
197.389 207.794 0.021541
197.389 207.895 0.022112
197.389 207.996 0.021358
197.389 208.097 0.021242
197.389 208.198 0.021248
197.389 208.299 0.021631
197.389 208.4 0.021277
197.389 208.501 0.021335
197.389 208.602 0.021352
197.389 208.703 0.021811
197.389 208.804 0.021876
197.389 208.905 0.021864
197.389 209.007 0.021572
197.389 209.108 0.021522
197.389 209.209 0.021425
197.389 209.311 0.022063
197.389 209.412 0.021809
197.389 209.513 0.021514
197.389 209.614 0.021887
197.389 209.715 0.021606
197.389 209.817 0.021798
197.389 209.918 0.021807
197.389 210.019 0.02193
197.389 210.12 0.021672
197.389 210.221 0.022273
197.389 210.322 0.021954
197.389 210.423 0.021828
197.389 210.524 0.021693
197.389 210.625 0.022112
197.389 210.726 0.022003
197.389 210.827 0.021938
197.389 210.928 0.02167
197.389 211.029 0.021591
197.389 211.131 0.021669
197.389 211.232 0.021999
197.389 211.333 0.022225
197.389 211.434 0.02169
197.389 211.535 0.022243
197.389 211.636 0.021678
197.389 211.737 0.021522
197.389 211.838 0.021577
197.389 211.939 0.021657
197.389 212.04 0.021804
197.389 212.141 0.021502
197.389 212.242 0.02295
197.389 212.343 0.021641
197.389 212.444 0.021706
197.389 212.545 0.02211
197.389 212.646 0.022135
197.389 212.747 0.023956
197.389 212.848 0.021702
197.389 212.949 0.021802
197.389 213.05 0.021637
197.389 213.151 0.022185
197.389 213.252 0.021712
197.389 213.354 0.021775
197.389 213.455 0.021699
197.389 213.556 0.022964
197.389 213.657 0.021691
197.389 213.78 0.021837
197.389 213.885 0.021949
197.389 213.987 0.021494
197.389 214.09 0.021553
197.389 214.191 0.021293
197.389 214.292 0.021209
197.389 214.393 0.021084
197.389 214.497 0.021542
197.389 214.598 0.022271
197.389 214.699 0.021448
197.389 214.8 0.021321
205.926 214.902 0.021651
205.926 215.004 0.022138
205.926 215.105 0.021664
205.926 215.206 0.021767
205.926 215.311 0.022224
205.926 215.416 0.021827
205.926 215.512 0.02165
205.926 215.613 0.021718
205.926 215.714 0.021725
205.926 215.82 0.021521
205.926 215.921 0.022672
205.926 216.022 0.021631
205.926 216.123 0.022435
205.926 216.224 0.022035
205.926 216.325 0.022031
205.926 216.426 0.022481
205.926 216.527 0.021997
205.926 216.628 0.022143
205.926 216.729 0.022511
205.926 216.83 0.022217
205.926 216.931 0.02212
205.926 217.032 0.02207
205.926 217.133 0.022516
205.926 217.234 0.022052
205.926 217.335 0.021878
205.926 217.436 0.021919
205.926 217.537 0.022029
205.926 217.638 0.02229
205.926 217.74 0.022217
205.926 217.841 0.021621
205.926 217.942 0.020918
205.926 218.043 0.021702
205.926 218.144 0.020937
205.926 218.245 0.021388
205.926 218.347 0.021113
205.926 218.448 0.021392
205.926 218.549 0.021503
205.926 218.65 0.020928
205.926 218.755 0.020955
205.926 218.856 0.021859
205.926 218.957 0.021379
205.926 219.058 0.021632
205.926 219.159 0.021495
205.926 219.26 0.021755
205.926 219.361 0.021765
205.926 219.462 0.021491
205.926 219.563 0.021616
205.926 219.664 0.021756
205.926 219.765 0.021329
205.926 219.866 0.021009
205.926 219.967 0.021102
205.926 220.068 0.021173
205.926 220.169 0.021658
205.926 220.27 0.021502
205.926 220.371 0.02298
205.926 220.474 0.021566
205.926 220.575 0.021582
205.926 220.676 0.022051
205.926 220.777 0.021454
205.926 220.879 0.021527
205.926 220.98 0.022928
205.926 221.081 0.022511
205.926 221.182 0.021306
205.926 221.283 0.020938
205.926 221.384 0.021251
205.926 221.485 0.024454
205.926 221.587 0.021921
205.926 221.688 0.021212
205.926 221.789 0.021457
205.926 221.89 0.021196
205.926 221.991 0.021572
205.926 222.092 0.021951
205.926 222.193 0.021718
205.926 222.294 0.021533
205.926 222.395 0.023443
205.926 222.496 0.02205
205.926 222.597 0.022428
205.926 222.698 0.022656
213.745 222.811 0.021822
213.745 222.912 0.023559
213.745 223.018 0.022345
213.745 223.114 0.022515
213.745 223.215 0.022454
213.745 223.317 0.023141
213.745 223.418 0.022841
221.852 223.52 0.022686
221.852 223.621 0.022193
221.852 223.727 0.022468
221.852 223.828 0.022242
221.852 223.929 0.021782
221.852 224.03 0.023471
221.852 224.131 0.023072
221.852 224.232 0.023158
222.874 224.333 0.0228
222.874 224.439 0.022428
222.874 224.54 0.02355
222.874 224.641 0.02299
222.874 224.742 0.022967
222.874 224.843 0.023334
222.874 224.944 0.022458
222.874 225.045 0.022804
222.874 225.146 0.022546
222.874 225.247 0.022999
222.874 225.348 0.022409
223.893 225.451 0.02221
223.893 225.553 0.022726
223.893 225.654 0.022995
223.893 225.754 0.02297
223.893 225.856 0.023025
223.893 225.957 0.022159
223.893 226.058 0.021313
223.893 226.162 0.021613
224.913 226.263 0.02243
224.913 226.364 0.021288
224.913 226.465 0.022
224.913 226.566 0.021751
224.913 226.667 0.021626
224.913 226.769 0.02222
224.913 226.873 0.021472
224.913 226.974 0.021613
225.934 227.075 0.02138
225.934 227.176 0.022229
225.934 227.277 0.021714
225.934 227.378 0.022835
225.934 227.479 0.02187
225.934 227.585 0.022087
225.934 227.686 0.023389
225.934 227.787 0.02168
225.934 227.888 0.021695
225.934 227.989 0.022413
225.934 228.09 0.023282
225.934 228.191 0.022539
225.934 228.292 0.023282
226.956 228.393 0.021605
226.956 228.494 0.022426
226.956 228.595 0.022269
226.956 228.696 0.023216
226.956 228.797 0.022956
226.956 228.898 0.022688
226.956 228.999 0.023072
226.956 229.102 0.023044
226.956 229.204 0.02299
227.977 229.305 0.022515
227.977 229.406 0.022045
227.977 229.507 0.022525
227.977 229.608 0.022341
227.977 229.709 0.022067
227.977 229.81 0.022091
227.977 229.911 0.023009
227.977 230.012 0.023139
227.977 230.117 0.022823
227.977 230.218 0.02317
227.977 230.319 0.023016
229.021 230.421 0.022135
229.021 230.522 0.022331
229.021 230.623 0.021826
229.021 230.723 0.022303
229.021 230.83 0.023109
229.021 230.931 0.023423
229.021 231.032 0.022643
229.021 231.133 0.022223
229.021 231.234 0.022828
229.021 231.335 0.023362
229.021 231.436 0.022992
229.021 231.537 0.022201
230.041 231.639 0.022292
230.041 231.739 0.022548
230.041 231.841 0.022982
230.041 231.942 0.023369
230.041 232.043 0.022771
230.041 232.149 0.022555
230.041 232.25 0.022759
230.041 232.351 0.022224
231.064 232.452 0.022542
231.064 232.553 0.022874
231.064 232.654 0.023125
231.064 232.755 0.022861
231.064 232.856 0.022907
231.064 232.957 0.023218
232.084 233.058 0.022477
232.084 233.159 0.022005
232.084 233.26 0.023005
232.084 233.361 0.022443
232.084 233.465 0.021821
232.084 233.567 0.022177
232.084 233.668 0.02153
232.084 233.769 0.023053
232.084 233.87 0.023378
232.084 233.971 0.022531
232.084 234.072 0.021841
232.084 234.173 0.021912
232.084 234.274 0.022321
232.084 234.375 0.021906
232.084 234.476 0.022016
232.084 234.577 0.022317
233.104 234.678 0.022102
233.104 234.784 0.021622
233.104 234.886 0.022077
233.104 234.987 0.022174
233.104 235.088 0.02152
233.104 235.189 0.022075
233.104 235.29 0.02142
233.104 235.391 0.021945
234.125 235.497 0.021295
234.125 235.598 0.021651
234.125 235.699 0.021979
234.125 235.8 0.021997
234.125 235.901 0.021305
234.125 236.002 0.021456
234.125 236.103 0.021708
234.125 236.209 0.02129
234.125 236.31 0.021922
234.125 236.411 0.021292
234.125 236.512 0.021676
235.147 236.613 0.021677
235.147 236.714 0.021304
235.147 236.815 0.021518
235.147 236.916 0.021809
235.147 237.017 0.021301
235.147 237.118 0.021835
236.167 237.224 0.021252
236.167 237.325 0.021512
236.167 237.426 0.021385
236.167 237.527 0.022826
236.167 237.628 0.021981
236.167 237.729 0.022013
236.167 237.831 0.021907
236.167 237.935 0.021892
236.167 238.036 0.022165
236.167 238.137 0.022189
236.167 238.238 0.02208
236.167 238.339 0.022002
236.167 238.441 0.022478
236.167 238.541 0.021762
236.167 238.647 0.021831
236.167 238.748 0.021665
236.167 238.849 0.021857
236.167 238.95 0.021697
236.167 239.051 0.021618
236.167 239.152 0.021834
236.167 239.253 0.021681
236.167 239.358 0.021797
236.167 239.459 0.021856
236.167 239.56 0.021728
236.167 239.661 0.021516
236.167 239.762 0.021716
236.167 239.864 0.021339
236.167 239.965 0.02211
236.167 240.07 0.021801
236.167 240.171 0.02252
236.167 240.272 0.021727
236.167 240.373 0.021646
236.167 240.474 0.022338
236.167 240.575 0.022056
236.167 240.676 0.021439
236.167 240.782 0.021911
236.167 240.883 0.022826
236.167 240.984 0.022112
236.167 241.087 0.021691
236.167 241.189 0.022345
236.167 241.29 0.021939
236.167 241.391 0.022207
236.167 241.496 0.021968
236.167 241.597 0.022186
236.167 241.699 0.022249
236.167 241.8 0.022027
236.167 241.901 0.022473
236.167 242.002 0.022666
236.167 242.103 0.022918
236.167 242.204 0.023347
236.167 242.305 0.022921
236.167 242.406 0.02154
236.167 242.51 0.021536
236.167 242.611 0.021624
236.167 242.712 0.022687
236.167 242.813 0.021814
236.167 242.914 0.022028
236.167 243.015 0.021995
237.19 243.116 0.022035
237.19 243.218 0.021881
237.19 243.319 0.022485
237.19 243.42 0.021943
237.19 243.523 0.021714
237.19 243.625 0.021918
237.19 243.726 0.022674
237.19 243.827 0.022897
237.19 243.928 0.023343
241.604 244.029 0.021723
241.604 244.13 0.021765
241.604 244.236 0.022441
241.604 244.337 0.023208
241.604 244.438 0.022549
241.604 244.539 0.022267
242.636 244.64 0.022236
242.636 244.741 0.0225
242.636 244.842 0.022471
242.636 244.946 0.022477
242.636 245.048 0.022711
242.636 245.149 0.023139
242.636 245.25 0.022818
242.636 245.351 0.023524
242.636 245.453 0.02273
242.636 245.554 0.022639
242.636 245.657 0.022174
242.636 245.758 0.023152
243.656 245.859 0.02415
243.656 245.96 0.021646
243.656 246.061 0.022908
243.656 246.162 0.023134
243.656 246.263 0.023142
243.656 246.369 0.022411
243.656 246.47 0.022911
243.656 246.571 0.023305
244.678 246.672 0.022756
244.678 246.774 0.022604
244.678 246.875 0.022453
244.678 246.976 0.023066
244.678 247.081 0.022996
244.678 247.182 0.023035
244.678 247.283 0.023017
244.678 247.384 0.022505
244.678 247.485 0.022788
245.705 247.586 0.022472
245.705 247.687 0.022276
245.705 247.792 0.022501
245.705 247.893 0.022647
245.705 247.994 0.022835
245.705 248.095 0.02336
245.705 248.196 0.022767
245.705 248.297 0.022934
246.727 248.398 0.022183
246.727 248.504 0.02237
246.727 248.605 0.023234
246.727 248.706 0.02233
246.727 248.807 0.022077
246.727 248.913 0.021607
246.727 249.015 0.021697
246.727 249.115 0.021388
246.727 249.217 0.021425
246.727 249.323 0.021788
247.747 249.424 0.021504
247.747 249.525 0.021932
247.747 249.626 0.022052
247.747 249.727 0.022488
247.747 249.828 0.021955
247.747 249.929 0.023032
247.747 250.035 0.022049
247.747 250.136 0.021788
247.747 250.237 0.022255
247.747 250.338 0.021665
247.747 250.439 0.021896
247.747 250.54 0.021845
248.768 250.641 0.021871
248.768 250.743 0.021774
248.768 250.845 0.021856
248.768 250.946 0.021582
248.768 251.047 0.021705
248.768 251.148 0.022042
248.768 251.249 0.022004
249.789 251.35 0.022175
249.789 251.453 0.02197
249.789 251.554 0.021857
249.789 251.655 0.022072
249.789 251.756 0.021799
249.789 251.857 0.022383
249.789 251.958 0.022052
249.789 252.059 0.021757
249.789 252.163 0.02178
249.789 252.264 0.021946
249.789 252.365 0.02227
250.814 252.466 0.021976
250.814 252.572 0.021876
250.814 252.674 0.022112
250.814 252.778 0.022152
250.814 252.88 0.021865
250.814 252.983 0.021975
250.814 253.106 0.021377
250.814 253.208 0.02152
250.814 253.309 0.021683
250.814 253.41 0.022213
251.836 253.511 0.022039
251.836 253.612 0.021831
251.836 253.713 0.02255
251.836 253.816 0.02337
251.836 253.936 0.022703
251.836 254.04 0.021577
251.836 254.142 0.021632
251.836 254.243 0.022918
252.857 254.344 0.021521
252.857 254.445 0.02192
252.857 254.547 0.021969
252.857 254.648 0.021948
252.857 254.749 0.021886
252.857 254.85 0.022107
252.857 254.951 0.021963
252.857 255.053 0.021828
252.857 255.155 0.021759
253.881 255.256 0.02179
253.881 255.358 0.022019
253.881 255.459 0.021874
253.881 255.56 0.021901
253.881 255.661 0.022111
253.881 255.762 0.021175
253.881 255.863 0.021577
253.881 255.964 0.021139
253.881 256.065 0.021526
253.881 256.17 0.021115
254.903 256.271 0.021407
254.903 256.372 0.021353
254.903 256.473 0.02148
254.903 256.574 0.021833
254.903 256.675 0.021995
254.903 256.776 0.021425
254.903 256.88 0.021374
254.903 256.981 0.021044
254.903 257.082 0.021316
255.924 257.183 0.021183
255.924 257.284 0.021569
255.924 257.385 0.021793
255.924 257.487 0.021487
255.924 257.59 0.021407
256.947 257.691 0.021601
256.947 257.792 0.022013
256.947 257.893 0.021346
256.947 257.995 0.021056
256.947 258.099 0.021367
256.947 258.2 0.022408
256.947 258.301 0.022541
256.947 258.402 0.022364
256.947 258.503 0.021571
256.947 258.605 0.021436
256.947 258.71 0.021828
256.947 258.811 0.021704
257.968 258.912 0.021896
257.968 259.013 0.021277
257.968 259.121 0.021251
257.968 259.222 0.021314
257.968 259.323 0.021432
257.968 259.424 0.021473
257.968 259.525 0.021612
257.968 259.626 0.021572
257.968 259.727 0.021766
257.968 259.831 0.021504
258.989 259.932 0.022734
258.989 260.033 0.021264
258.989 260.134 0.021407
258.989 260.235 0.021581
258.989 260.336 0.023327
258.989 260.44 0.022808
258.989 260.543 0.02268
258.989 260.644 0.021933
260.009 260.745 0.021628
260.009 260.846 0.021515
260.009 260.947 0.021503
260.009 261.048 0.021589
260.009 261.149 0.021581
260.009 261.254 0.021379
260.009 261.36 0.021645
260.009 261.461 0.021626
260.009 261.562 0.021748
260.009 261.667 0.021802
260.009 261.768 0.021911
260.009 261.869 0.021551
260.009 261.97 0.021415
260.009 262.076 0.021848
260.009 262.177 0.021926
260.009 262.278 0.021837
260.009 262.379 0.021821
260.009 262.48 0.021895
260.009 262.581 0.02233
260.009 262.681 0.022052
260.009 262.786 0.022364
260.009 262.887 0.021553
260.009 262.989 0.022082
260.009 263.09 0.021868
260.009 263.191 0.021986
260.009 263.292 0.022008
260.009 263.393 0.021758
260.009 263.494 0.022003
260.009 263.595 0.022373
260.009 263.696 0.022116
260.009 263.797 0.02196
260.009 263.898 0.022072
260.009 263.999 0.022266
260.009 264.1 0.021834
260.009 264.205 0.022957
260.009 264.306 0.022905
260.009 264.406 0.022428
260.009 264.507 0.022208
260.009 264.609 0.022619
260.009 264.71 0.022753
260.009 264.811 0.022227
260.009 264.913 0.022378
260.009 265.014 0.022405
260.009 265.115 0.022626
260.009 265.217 0.022006
260.009 265.322 0.022389
260.009 265.423 0.0224
260.009 265.524 0.022328
260.009 265.625 0.022284
260.009 265.732 0.02211
260.009 265.827 0.022292
260.009 265.928 0.02183
260.009 266.03 0.02246
260.009 266.131 0.022139
260.009 266.232 0.022137
260.009 266.333 0.02156
260.009 266.439 0.02237
260.009 266.535 0.023726
260.009 266.636 0.021996
260.009 266.738 0.021889
260.009 266.839 0.021724
260.009 266.94 0.022122
260.009 267.041 0.021569
260.009 267.15 0.021391
260.009 267.251 0.021554
260.009 267.352 0.021292
260.009 267.454 0.02144
260.009 267.56 0.021358
260.009 267.661 0.021276
260.009 267.764 0.022582
260.009 267.869 0.02237
260.009 267.974 0.021741
260.009 268.075 0.021897
260.009 268.176 0.022625
260.009 268.277 0.022371
260.009 268.378 0.023114
260.009 268.479 0.022432
261.031 268.581 0.022342
261.031 268.687 0.022215
261.031 268.788 0.023169
261.031 268.889 0.022772
261.031 268.99 0.022652
261.031 269.091 0.022956
261.031 269.192 0.022612
261.031 269.293 0.022983
261.031 269.399 0.022633
267.16 269.5 0.022543
267.16 269.601 0.022339
267.16 269.702 0.022165
267.16 269.803 0.022674
267.16 269.904 0.022551
267.16 270.005 0.022708
267.16 270.106 0.022921
267.16 270.208 0.022935
268.191 270.309 0.022296
268.191 270.413 0.022297
268.191 270.514 0.022348
268.191 270.616 0.023243
268.191 270.717 0.022177
268.191 270.818 0.022412
268.191 270.918 0.022378
268.191 271.019 0.022798
268.191 271.125 0.022133
268.191 271.226 0.022184
268.191 271.327 0.022561
268.191 271.428 0.022089
268.191 271.53 0.022241
268.191 271.631 0.022202
268.191 271.732 0.022471
268.191 271.837 0.022435
268.191 271.938 0.022291
268.191 272.039 0.022408
268.191 272.14 0.022221
268.191 272.241 0.023119
268.191 272.342 0.021471
268.191 272.443 0.021455
268.191 272.544 0.022285
268.191 272.645 0.021682
268.191 272.746 0.021355
268.191 272.847 0.021474
268.191 272.948 0.023526
268.191 273.049 0.021719
268.191 273.154 0.021577
268.191 273.255 0.021787
268.191 273.356 0.022248
268.191 273.457 0.022328
268.191 273.558 0.022307
268.191 273.659 0.021519
268.191 273.784 0.022526
268.191 273.885 0.022338
268.191 273.986 0.021759
268.191 274.087 0.022033
268.191 274.211 0.021708
268.191 274.334 0.021968
268.191 274.458 0.02284
268.191 274.559 0.022011
268.191 274.683 0.022152
268.191 274.806 0.022043
268.191 274.93 0.022243
268.191 275.031 0.021733
268.191 275.132 0.023088
268.191 275.233 0.022298
268.191 275.334 0.022034
268.191 275.435 0.0222
268.191 275.537 0.022767
268.191 275.638 0.021975
268.191 275.739 0.022475
268.191 275.84 0.021918
268.191 275.941 0.022488
268.191 276.043 0.021956
268.191 276.144 0.02284
268.191 276.245 0.02223
268.191 276.348 0.022314
268.191 276.449 0.022624
268.191 276.55 0.023171
268.191 276.654 0.023244
269.215 276.879 0.022375
269.215 276.98 0.022466
269.215 277.081 0.022769
269.215 277.182 0.023038
275.829 277.283 0.022499
275.829 277.384 0.022434
275.829 277.485 0.022627
275.829 277.586 0.022761
275.829 277.687 0.023002
275.829 277.788 0.023187
275.829 277.89 0.022361
275.829 277.996 0.02196
275.829 278.097 0.022725
275.829 278.198 0.021668
276.852 278.299 0.020887
276.852 278.4 0.021213
276.852 278.501 0.021273
276.852 278.603 0.02099
276.852 278.704 0.02114
276.852 278.805 0.021334
276.852 278.907 0.021395
276.852 279.008 0.021905
277.877 279.109 0.021718
277.877 279.232 0.021306
277.877 279.356 0.021814
277.877 279.459 0.022257
277.877 279.56 0.022711
277.877 279.661 0.022959
277.877 279.762 0.02217
277.877 279.863 0.02262
278.901 279.964 0.02193
278.901 280.065 0.021845
278.901 280.166 0.021176
278.901 280.268 0.021102
278.901 280.374 0.021544
278.901 280.476 0.022031
278.901 280.577 0.020841
278.901 280.679 0.021107
278.901 280.78 0.021272
278.901 280.881 0.020919
278.901 280.984 0.021101
278.901 281.086 0.021785
278.901 281.186 0.021628
279.923 281.289 0.022032
279.923 281.39 0.021984
279.923 281.491 0.022026
279.923 281.593 0.021454
279.923 281.694 0.022152
279.923 281.795 0.021365
279.923 281.898 0.02129
280.944 281.999 0.022168
280.944 282.1 0.022314
280.944 282.202 0.021503
280.944 282.303 0.021409
280.944 282.404 0.021193
280.944 282.506 0.021655
280.944 282.607 0.022463
280.944 282.708 0.021631
280.944 282.809 0.021912
280.944 282.91 0.021678
280.944 283.011 0.021625
280.944 283.115 0.021371
280.944 283.216 0.022121
281.969 283.316 0.021784
281.969 283.418 0.02228
281.969 283.519 0.022289
281.969 283.62 0.022908
281.969 283.721 0.021532
281.969 283.822 0.022914
281.969 283.923 0.022022
281.969 284.024 0.021704
281.969 284.125 0.021667
281.969 284.226 0.022108
281.969 284.327 0.021529
281.969 284.428 0.022004
281.969 284.529 0.021438
281.969 284.63 0.022132
281.969 284.737 0.021545
281.969 284.838 0.021764
281.969 284.939 0.021173
281.969 285.04 0.021759
281.969 285.141 0.022223
281.969 285.242 0.021899
281.969 285.343 0.02166
281.969 285.444 0.022345
281.969 285.545 0.021992
281.969 285.646 0.021773
281.969 285.747 0.022188
281.969 285.848 0.021328
281.969 285.949 0.021292
281.969 286.05 0.022326
281.969 286.151 0.02222
281.969 286.252 0.022034
281.969 286.353 0.022371
281.969 286.454 0.02167
281.969 286.555 0.021447
281.969 286.656 0.022102
281.969 286.757 0.022517
281.969 286.858 0.02214
281.969 286.959 0.022545
281.969 287.06 0.022228
281.969 287.161 0.021834
281.969 287.262 0.022224
281.969 287.363 0.023584
281.969 287.464 0.022022
281.969 287.565 0.022338
281.969 287.666 0.022873
281.969 287.767 0.022098
281.969 287.868 0.022689
281.969 287.969 0.022509
281.969 288.071 0.021971
281.969 288.172 0.021976
281.969 288.273 0.021564
281.969 288.374 0.021215
281.969 288.48 0.021982
281.969 288.581 0.022047
281.969 288.682 0.021332
281.969 288.783 0.021534
281.969 288.884 0.02167
281.969 288.985 0.021908
281.969 289.086 0.022166
281.969 289.187 0.022584
281.969 289.288 0.021443
281.969 289.389 0.021692
281.969 289.49 0.022281
281.969 289.591 0.022314
281.969 289.697 0.02287
281.969 289.798 0.022511
281.969 289.901 0.021906
281.969 290.002 0.022529
281.969 290.104 0.022644
281.969 290.205 0.023494
281.969 290.306 0.022839
281.969 290.407 0.022761
281.969 290.531 0.022962
282.995 290.632 0.022317
282.995 290.733 0.022639
282.995 290.834 0.022663
282.995 290.935 0.021796
282.995 291.036 0.02265
282.995 291.137 0.022138
282.995 291.239 0.021178
282.995 291.34 0.021286
282.995 291.441 0.021387
282.995 291.542 0.021286
282.995 291.644 0.021317
282.995 291.745 0.021383
282.995 291.846 0.021343
282.995 291.947 0.021463
282.995 292.048 0.021476
282.995 292.149 0.021724
282.995 292.25 0.021856
282.995 292.351 0.021836
282.995 292.453 0.021808
282.995 292.553 0.0217
282.995 292.654 0.021803
282.995 292.756 0.02205
282.995 292.857 0.021813
282.995 292.958 0.022556
282.995 293.059 0.022439
282.995 293.16 0.022853
282.995 293.262 0.021859
282.995 293.363 0.021791
282.995 293.464 0.021979
282.995 293.565 0.021725
282.995 293.666 0.021957
282.995 293.767 0.022274
282.995 293.868 0.02203
282.995 293.969 0.021861
282.995 294.07 0.02193
282.995 294.171 0.021744
282.995 294.272 0.022279
282.995 294.373 0.02227
282.995 294.474 0.021761
282.995 294.575 0.021792
282.995 294.676 0.021808
282.995 294.777 0.021867
282.995 294.878 0.022097
282.995 294.979 0.021852
282.995 295.08 0.021749
282.995 295.185 0.02221
282.995 295.286 0.021949
282.995 295.388 0.021729
282.995 295.489 0.021817
282.995 295.59 0.021899
282.995 295.691 0.022335
282.995 295.792 0.021775
282.995 295.893 0.022336
282.995 295.994 0.021724
282.995 296.095 0.021654
282.995 296.208 0.021709
282.995 296.321 0.02198
282.995 296.432 0.021791
282.995 296.547 0.022012
282.995 296.658 0.02203
289.576 296.758 0.021892
289.576 296.859 0.021742
289.576 296.96 0.021604
289.576 297.061 0.021568
289.576 297.162 0.021739
289.576 297.263 0.021618
289.576 297.364 0.021379
289.576 297.465 0.021883
289.576 297.566 0.021371
289.576 297.667 0.021511
289.576 297.768 0.021847
289.576 297.869 0.0214
289.576 297.97 0.021584
289.576 298.071 0.021778
289.576 298.172 0.02167
289.576 298.273 0.023484
289.576 298.374 0.022105
289.576 298.475 0.02139
289.576 298.577 0.021975
289.576 298.678 0.022161
289.576 298.779 0.021482
289.576 298.88 0.021532
289.576 298.981 0.021968
289.576 299.082 0.022121
289.576 299.183 0.021785
289.576 299.285 0.022276
289.576 299.386 0.022318
289.576 299.487 0.022195
289.576 299.588 0.02238
289.576 299.689 0.022004
289.576 299.79 0.021389
289.576 299.891 0.021352
289.576 299.992 0.021331
289.576 300.093 0.021208
289.576 300.232 0.021917
289.576 300.335 0.022161
289.576 300.437 0.021868
289.576 300.538 0.021756
289.576 300.64 0.02204
289.576 300.741 0.022425
289.576 300.842 0.022026
289.576 300.944 0.021258
289.576 301.045 0.022102
289.576 301.146 0.021358
289.576 301.249 0.021363
289.576 301.35 0.02186
289.576 301.451 0.021611
289.576 301.553 0.021512
289.576 301.654 0.02183
289.576 301.755 0.021569
289.576 301.857 0.024398
289.576 301.958 0.02152
289.576 302.059 0.021383
289.576 302.16 0.021305
289.576 302.262 0.021521
289.576 302.363 0.021579
289.576 302.465 0.0218
289.576 302.568 0.021917
289.576 302.669 0.022892
289.576 302.771 0.023561
289.576 302.872 0.022403
289.576 302.973 0.021917
289.576 303.074 0.021472
289.576 303.175 0.022256
295.545 303.276 0.022073
295.545 303.377 0.022107
295.545 303.478 0.021536
295.545 303.58 0.021596
295.545 303.681 0.021428
295.545 303.783 0.021792
295.545 303.889 0.021012
295.545 303.99 0.021403
301.724 304.097 0.021006
301.724 304.198 0.021449
301.724 304.299 0.021243
301.724 304.401 0.022028
301.724 304.502 0.020992
301.724 304.605 0.021108
301.724 304.706 0.021466
301.724 304.808 0.02174
301.724 304.909 0.021116
301.724 305.01 0.021292
301.724 305.111 0.021106
302.745 305.212 0.020863
302.745 305.314 0.020925
302.745 305.415 0.021197
302.745 305.516 0.021334
302.745 305.617 0.021352
302.745 305.718 0.021747
303.766 305.819 0.021351
303.766 305.92 0.021287
303.766 306.022 0.021783
303.766 306.123 0.021062
303.766 306.225 0.021477
303.766 306.326 0.02147
303.766 306.427 0.021454
303.766 306.528 0.02144
303.766 306.629 0.022304
303.766 306.73 0.022219
303.766 306.831 0.022438
303.766 306.932 0.021731
303.766 307.034 0.021841
303.766 307.135 0.021706
303.766 307.236 0.021506
303.766 307.337 0.021811
303.766 307.438 0.021615
303.766 307.539 0.022135
303.766 307.639 0.021392
303.766 307.741 0.021515
303.766 307.843 0.021464
303.766 307.945 0.021617
303.766 308.046 0.021716
303.766 308.148 0.021622
303.766 308.249 0.021102
303.766 308.35 0.021012
303.766 308.451 0.02083
303.766 308.553 0.020957
303.766 308.654 0.020906
303.766 308.755 0.021053
303.766 308.857 0.021016
303.766 308.958 0.021176
303.766 309.059 0.021293
303.766 309.161 0.020896
303.766 309.262 0.020921
303.766 309.363 0.020977
303.766 309.465 0.021204
303.766 309.566 0.02097
303.766 309.667 0.021215
303.766 309.768 0.020989
303.766 309.869 0.021354
303.766 309.97 0.021399
303.766 310.071 0.021348
303.766 310.174 0.021306
303.766 310.274 0.021505
303.766 310.375 0.02164
303.766 310.476 0.02129
303.766 310.578 0.021179
303.766 310.679 0.02144
303.766 310.78 0.020959
303.766 310.881 0.021099
303.766 310.982 0.021256
303.766 311.082 0.021179
303.766 311.183 0.0218
303.766 311.284 0.021296
303.766 311.385 0.021177
303.766 311.486 0.021017
303.766 311.587 0.02142
303.766 311.688 0.021265
303.766 311.79 0.020914
303.766 311.891 0.021232
303.766 311.992 0.021159
303.766 312.092 0.021228
303.766 312.193 0.021232
303.766 312.294 0.020745
303.766 312.395 0.02119
303.766 312.497 0.021314
303.766 312.598 0.021338
303.766 312.699 0.0212
303.766 312.801 0.02122
303.766 312.902 0.021209
303.766 313.003 0.021153
303.766 313.104 0.021011
303.766 313.205 0.021143
303.766 313.306 0.020834
303.766 313.408 0.020987
303.766 313.509 0.021513
303.766 313.611 0.020804
303.766 313.712 0.020965
303.766 313.815 0.020899
303.766 313.917 0.020851
303.766 314.018 0.020786
303.766 314.12 0.020956
304.786 314.221 0.021163
304.786 314.322 0.021272
304.786 314.423 0.021453
304.786 314.526 0.021474
304.786 314.627 0.021381
304.786 314.728 0.021389
304.786 314.829 0.021341
304.786 314.93 0.021245
304.786 315.032 0.021403
304.786 315.133 0.021197
304.786 315.236 0.021364
304.786 315.336 0.021364
304.786 315.437 0.021406
304.786 315.539 0.021508
304.786 315.64 0.02169
304.786 315.741 0.021434
304.786 315.842 0.021327
304.786 315.943 0.021713
304.786 316.044 0.021538
304.786 316.145 0.021365
304.786 316.248 0.020718
304.786 316.349 0.02095
304.786 316.45 0.020802
304.786 316.552 0.020989
304.786 316.653 0.021237
304.786 316.754 0.020855
304.786 316.855 0.020983
304.786 316.956 0.02079
304.786 317.057 0.020923
304.786 317.158 0.020907
304.786 317.261 0.020754
304.786 317.362 0.020905
304.786 317.463 0.020692
304.786 317.565 0.021044
304.786 317.666 0.020979
304.786 317.767 0.021171
304.786 317.869 0.021011
304.786 317.97 0.021047
304.786 318.071 0.021953
304.786 318.172 0.021519
304.786 318.274 0.021281
304.786 318.374 0.021577
304.786 318.475 0.021939
304.786 318.577 0.021877
304.786 318.678 0.022017
304.786 318.779 0.021507
304.786 318.88 0.02141
304.786 318.983 0.021227
304.786 319.085 0.021315
304.786 319.186 0.021555
304.786 319.287 0.02175
304.786 319.388 0.021784
304.786 319.489 0.02176
304.786 319.591 0.022427
304.786 319.693 0.021628
304.786 319.795 0.021967
304.786 319.896 0.021039
304.786 319.997 0.021604
304.786 320.098 0.020963
304.786 320.199 0.021217
304.786 320.301 0.021096
304.786 320.403 0.020964
304.786 320.504 0.021498
304.786 320.606 0.021205
304.786 320.707 0.021197
304.786 320.809 0.02227
304.786 320.91 0.021644
304.786 321.011 0.021142
304.786 321.112 0.021208
