161.659 1.73688 0.025911 1.58396 0.14229
163.423 0.243386 0.027572 0.107 0.131948
164.452 0.20803 0.023002 0.080861 0.124144
165.476 0.184503 0.02329 0.070609 0.111
166.501 0.165057 0.020935 0.063396 0.098817
167.523 0.169728 0.020716 0.060742 0.10609
168.545 0.179903 0.022717 0.063655 0.113273
169.57 0.176475 0.021302 0.068903 0.104607
170.593 0.185532 0.021969 0.069823 0.112856
171.616 0.172511 0.023054 0.064293 0.105345
172.641 0.167086 0.018893 0.067654 0.096662
173.808 0.305087 0.021953 0.066512 0.235422
174.831 0.244659 0.019031 0.064949 0.177
175.851 0.240648 0.020508 0.066344 0.171309
176.873 0.234791 0.023031 0.05529 0.17673
177.897 1.18131 0.021349 0.067253 1.11119
179.101 0.241254 0.021769 0.068087 0.170391
180.124 0.24592 0.023678 0.06999 0.173055
181.149 0.240405 0.020541 0.066594 0.170888
182.171 0.226254 0.022212 0.05807 0.165401
183.194 0.230893 0.020704 0.057468 0.170306
184.217 0.267687 0.036158 0.062033 0.202763
185.254 6.30672 0.019525 0.059941 6.24386
191.581 5.78464 0.021419 0.122762 5.65905
197.389 8.5148 0.02121 0.080596 8.43133
205.926 7.79827 0.018921 0.099106 7.69652
213.745 8.08533 0.021203 0.124032 7.95853
221.852 0.898734 0.020013 0.14218 0.753892
222.874 0.802476 0.018502 0.064014 0.735754
223.893 0.234523 0.01836 0.059808 0.172042
224.913 0.233376 0.020493 0.062776 0.167903
225.934 0.22246 0.020073 0.0588 0.16099
226.956 0.728373 0.019966 0.058495 0.667203
227.977 0.227134 0.043278 0.056817 0.167663
229.021 0.677532 0.018862 0.056383 0.618526
230.041 0.259107 0.022365 0.058753 0.197703
231.064 0.226046 0.018867 0.059354 0.164034
232.084 0.217803 0.018925 0.055138 0.159998
233.104 0.636531 0.020047 0.044498 0.588959
234.125 0.599763 0.018859 0.059085 0.53804
235.147 0.645324 0.019327 0.061116 0.581562
236.167 0.213484 0.021257 0.058638 0.152199
237.19 4.39454 0.018935 0.047819 4.34413
241.604 0.140189 0.029994 0.058994 0.07854
242.636 0.140182 0.01911 0.056259 0.081242
243.656 0.140644 0.020309 0.058394 0.079591
244.678 0.137822 0.019604 0.05682 0.078353
245.705 0.136359 0.021113 0.058289 0.075392
246.727 0.136268 0.019365 0.0569 0.076725
247.747 0.13932 0.019754 0.057516 0.079119
248.768 0.137277 0.019202 0.056556 0.078029
249.789 0.146443 0.020264 0.060009 0.083801
250.814 0.138901 0.020937 0.056718 0.07951
251.836 0.14892 0.019612 0.059456 0.086796
252.857 0.138592 0.020758 0.058662 0.077257
253.881 0.143133 0.020464 0.057829 0.082618
254.903 0.144762 0.019709 0.05806 0.083969
255.924 0.147511 0.021186 0.059508 0.085178
256.947 0.137598 0.020181 0.056353 0.078568
257.968 0.127697 0.019736 0.044552 0.080501
258.989 0.127629 0.019305 0.046405 0.078574
260.009 0.129924 0.019901 0.047997 0.079348
261.031 6.10781 0.020638 0.046035 6.05916
267.16 0.582202 0.021822 0.103897 0.475529
268.191 0.628149 0.022553 0.065118 0.560294
269.215 6.59318 0.019281 0.057323 6.53321
275.829 0.749804 0.021531 0.105993 0.641139
276.852 0.225562 0.023376 0.059006 0.163853
277.877 0.218083 0.021087 0.057987 0.157375
278.901 0.210087 0.020752 0.057657 0.149776
279.923 0.199492 0.019794 0.04574 0.151065
280.944 0.215504 0.021817 0.053934 0.158913
281.969 0.208845 0.024865 0.04725 0.158943
282.995 6.55543 0.023328 0.057601 6.49519
289.576 5.94908 0.018733 0.112016 5.8344
295.545 6.15785 0.020264 0.111745 6.04348
301.724 0.879779 0.019432 0.106309 0.770846
302.745 0.82629 0.019418 0.060411 0.763261
303.766 0.662347 0.019014 0.058018 0.601733
304.786 8.20351 0.019564 0.0562 8.14472
313.01 6.8188 0.021828 0.093082 6.72299
319.852 6.32662 0.019126 0.115824 6.20814
326.199 6.93656 0.020366 0.058273 6.87565
333.156 5.22307 0.0186 0.086177 5.13424
338.399 6.63411 0.020495 0.060887 6.57053
345.055 6.62105 0.020609 0.065375 6.553
351.698 6.50119 0.020151 0.105102 6.3934
358.221 7.54107 0.019491 0.095429 7.443
365.783 0.245758 0.01911 0.165402 0.077681
366.806 0.146013 0.025383 0.066212 0.077146
367.832 0.335357 0.020104 0.056729 0.276026
368.854 0.138633 0.020362 0.056554 0.07943
369.875 0.135326 0.022425 0.057782 0.074864
370.898 0.13986 0.020102 0.059057 0.07812
371.92 0.137894 0.019959 0.057097 0.078168
372.941 0.134199 0.019169 0.056225 0.075349
373.961 0.848167 0.019439 0.055806 0.789761
374.982 0.843971 0.019082 0.058111 0.783246
376.002 7.52254 0.019271 0.057845 7.46186
383.545 8.03759 0.020085 0.102617 7.9323
391.604 7.58583 0.019007 0.086288 7.49687
399.211 0.32919 0.019041 0.15365 0.172885
400.231 0.242292 0.01888 0.067629 0.172014
401.252 0.220474 0.020382 0.061634 0.156199
402.273 0.216184 0.02063 0.060051 0.153449
403.643 0.20925 0.019629 0.05464 0.151947
404.664 0.226595 0.019858 0.059846 0.164098
405.752 0.217685 0.023275 0.05944 0.155581
406.776 0.208604 0.022211 0.05605 0.149913
407.8 0.208214 0.020661 0.056003 0.149426
408.822 0.203575 0.021054 0.055999 0.144924
409.844 0.206992 0.019534 0.057735 0.14661
410.864 0.210083 0.020519 0.058814 0.148643
411.886 0.208575 0.019877 0.05923 0.14671
412.907 0.205947 0.019545 0.057543 0.145772
413.928 0.199966 0.019304 0.05631 0.140973
414.949 0.196786 0.021421 0.056549 0.137613
415.971 0.210778 0.01901 0.064349 0.143341
416.991 0.19759 0.021402 0.056975 0.137986
418.014 0.199896 0.021748 0.057109 0.140138
419.037 0.190797 0.02611 0.047261 0.140901
420.064 0.198716 0.022481 0.057212 0.138837
421.088 4.80949 0.019235 0.047394 4.75945
425.918 0.198019 0.021584 0.061208 0.134114
427.039 0.200209 0.037323 0.060477 0.137047
428.087 0.197907 0.020914 0.058038 0.137098
429.11 0.194962 0.02215 0.055504 0.136836
430.134 0.204877 0.022482 0.061187 0.141097
431.157 0.205693 0.019625 0.058265 0.144828
432.178 0.218307 0.020179 0.060397 0.155258
433.2 0.221062 0.020698 0.056775 0.161662
434.221 0.228071 0.019523 0.062409 0.163047
435.244 5.59955 0.022373 0.057805 5.53912
440.867 0.230503 0.020825 0.059527 0.168227
441.956 6.05002 0.021475 0.059279 5.98808
448.028 0.215617 0.021428 0.057796 0.155168
449.057 0.213278 0.019423 0.061436 0.149155
450.078 0.213192 0.020257 0.058422 0.152135
451.099 5.42884 0.02059 0.046656 5.3795
456.55 0.76879 0.026696 0.107109 0.659012
457.577 5.30342 0.045566 0.058486 5.24227
462.928 0.192724 0.018676 0.059931 0.130167
463.948 0.193701 0.019681 0.058938 0.132117
464.969 0.197804 0.02385 0.05767 0.137418
465.994 0.192643 0.02248 0.055025 0.134957
467.017 0.205742 0.019539 0.061444 0.141555
468.038 0.194937 0.021784 0.056244 0.13605
469.061 0.19828 0.020407 0.055782 0.139837
470.083 0.199957 0.046431 0.057808 0.13956
471.13 0.196294 0.020699 0.055424 0.138228
472.152 0.191084 0.02161 0.059654 0.128497
473.175 0.182274 0.022185 0.053336 0.126311
474.198 0.182686 0.021011 0.056308 0.123753
475.221 0.177057 0.020372 0.054682 0.119744
476.242 0.173015 0.019299 0.057242 0.113125
477.263 0.185758 0.019932 0.056754 0.126326
478.284 0.17415 0.025499 0.05674 0.114638
479.31 0.183139 0.019403 0.054488 0.126024
480.331 0.186047 0.020107 0.058411 0.124857
481.352 0.194401 0.021232 0.058885 0.132872
482.375 0.199383 0.018853 0.056021 0.140781
483.394 5.94056 0.022192 0.057633 5.88025
489.358 0.132894 0.021314 0.059566 0.070685
490.381 0.140576 0.01849 0.06529 0.072606
491.4 0.137524 0.019544 0.060996 0.073845
492.421 1.12898 0.018975 0.061284 1.06506
493.57 6.294 0.021879 0.061417 6.22989
499.887 7.0198 0.019465 0.067951 6.94893
506.927 5.99435 0.019461 0.069133 5.92224
512.942 0.142649 0.024382 0.066163 0.073754
513.967 0.138715 0.022814 0.060864 0.075203
514.991 0.141085 0.021714 0.061526 0.076945
516.014 0.137186 0.019092 0.062527 0.072045
517.034 0.151138 0.019359 0.049559 0.098921
518.054 0.190743 0.020934 0.05128 0.13674
519.077 0.221173 0.021436 0.063331 0.15506
520.099 0.238432 0.021515 0.055036 0.18066
521.122 0.14703 0.021297 0.06172 0.082556
522.145 0.139905 0.022494 0.061673 0.075456
523.169 0.140504 0.021076 0.060594 0.077038
524.191 0.132359 0.020436 0.054729 0.074681
525.213 0.142423 0.022302 0.062802 0.07684
526.236 0.124031 0.023575 0.054017 0.066816
527.262 0.123779 0.020133 0.049804 0.071339
528.283 0.145551 0.021237 0.06087 0.082034
529.306 0.150158 0.020687 0.061669 0.085726
530.327 0.141368 0.020488 0.062342 0.076314
531.349 0.144202 0.024163 0.06231 0.079221
532.374 0.144953 0.027185 0.062283 0.080042
533.403 0.193653 0.019363 0.06241 0.12859
534.424 0.136192 0.029323 0.051987 0.0816
535.455 0.137543 0.019988 0.058742 0.076132
536.476 0.141864 0.021707 0.060847 0.078143
537.499 0.151646 0.020387 0.058466 0.090534
538.521 0.152615 0.032429 0.059713 0.090006
539.555 0.161906 0.031907 0.057826 0.100901
540.588 0.146877 0.025404 0.05287 0.091376
541.615 0.14513 0.019834 0.062651 0.079767
542.636 0.140899 0.018249 0.062414 0.075573
543.655 0.380477 0.019956 0.061827 0.315863
544.676 0.147909 0.018473 0.062454 0.082627
545.696 0.168286 0.025255 0.057123 0.10619
546.722 0.600291 0.034097 0.0626 0.534936
547.757 0.150441 0.029522 0.058232 0.088812
548.79 0.174847 0.038018 0.063843 0.106653
549.829 0.183066 0.03097 0.072094 0.106067
550.861 0.661987 0.031747 0.066025 0.59201
551.894 0.154186 0.027399 0.059561 0.091158
552.923 0.184508 0.026809 0.071461 0.108065
553.951 0.299287 0.032443 0.063457 0.232833
554.984 0.173924 0.028926 0.06123 0.108419
556.014 0.180071 0.033426 0.063333 0.112303
557.049 0.159235 0.032092 0.064713 0.089579
558.082 0.198033 0.033249 0.066253 0.126759
559.117 0.192745 0.031966 0.062708 0.126455
560.149 0.192872 0.034237 0.067576 0.121453
561.185 0.184167 0.035397 0.067222 0.113943
562.223 0.183076 0.033288 0.066429 0.112238
563.258 0.178957 0.031677 0.065897 0.107233
564.29 0.187267 0.031901 0.071396 0.111346
565.323 0.192647 0.041898 0.062998 0.123699
566.366 0.195816 0.032057 0.069222 0.121753
567.399 0.454672 0.030232 0.073703 0.376169
568.43 0.26654 0.031947 0.067 0.193029
569.464 0.305706 0.029428 0.064442 0.236461
570.494 0.33266 0.031389 0.073996 0.25387
571.527 0.302604 0.031049 0.069279 0.229419
572.559 0.299053 0.039656 0.072385 0.220915
573.6 0.30279 0.033605 0.073525 0.224401
574.634 0.297352 0.032753 0.069701 0.222907
575.668 0.284776 0.03378 0.068544 0.212262
576.703 0.265093 0.030254 0.074171 0.186278
577.736 0.261822 0.029553 0.053291 0.205164
578.767 0.292279 0.039134 0.07337 0.214113
579.807 0.28239 0.031935 0.061934 0.216868
580.84 0.251827 0.030362 0.06859 0.178915
581.872 0.30301 0.033302 0.072075 0.226144
582.906 0.275052 0.041326 0.062279 0.207839
583.949 0.198592 0.019873 0.052194 0.143805
584.969 0.195645 0.018265 0.051662 0.14134
585.989 0.271228 0.02889 0.054565 0.210086
587.019 0.203848 0.019621 0.054432 0.146181
588.039 0.264925 0.023939 0.060869 0.200493
589.066 0.277813 0.032322 0.065503 0.207586
590.1 0.205294 0.017802 0.054312 0.148326
591.12 0.254469 0.020165 0.058202 0.193372
592.141 0.277733 0.030631 0.071238 0.202133
593.172 0.203743 0.018943 0.055679 0.145418
594.192 0.242497 0.026895 0.056076 0.183572
595.22 0.204774 0.019647 0.054815 0.147343
