98.6687 100.674 1.16589
100.674 101.842 0.901229
101.881 102.744 1.01688
102.906 103.765 1.39309
103.932 105.161 0.998088
104.958 106.163 0.96303
105.985 107.129 0.986604
107.006 108.117 0.81139
108.027 108.929 0.685074
109.05 109.615 0.848718
110.071 110.465 1.09041
111.089 111.557 1.16795
112.11 112.726 1.53092
113.13 114.264 0.455552
114.152 114.72 0.903944
115.175 116.493 1.10297
116.493 117.598 1.13958
117.568 118.741 1.19794
118.629 119.94 0.942432
119.65 120.883 1.33581
120.671 122.22 0.88547
121.69 123.106 0.664027
122.714 129.526 0.921438
129.526 135.707 0.645161
135.707 144.776 1.29357
144.776 153.008 0.965194
153.007 161.158 0.835917
161.157 162.136 0.679586
162.198 163.098 0.559746
163.219 163.659 1.10195
164.238 164.762 0.808202
165.259 165.571 0.894682
166.282 167.091 0.666466
167.305 167.758 0.826589
168.325 169.079 0.663557
169.347 169.743 1.11536
170.366 170.86 0.802996
171.39 171.663 0.679783
172.418 173.127 0.781692
173.44 174.111 0.656007
174.459 175.185 0.674777
175.485 175.86 0.647119
176.507 181.297 1.47852
181.296 182.777 0.875801
182.317 183.653 0.546061
183.339 184.202 1.20046
184.359 185.403 0.865576
185.382 186.27 0.824907
186.403 187.096 0.813662
187.426 187.91 0.963833
188.446 188.875 1.19462
189.468 190.071 0.722328
190.488 190.794 1.13821
191.508 191.934 0.998244
192.531 192.934 0.898364
193.552 193.833 0.839265
194.572 194.735 0.968862
195.594 195.759 0.936215
196.616 196.782 0.490678
197.637 197.789 0.699045
198.659 198.81 0.740295
199.68 199.826 0.533861
200.7 200.848 1.15657
201.721 202.006 0.904522
202.742 202.911 0.788069
203.764 203.915 0.705493
204.785 204.933 0.472877
205.808 205.959 0.891146
206.828 206.983 0.819113
207.849 207.998 0.742349
208.869 209.023 1.10633
209.893 210.13 0.696798
210.915 211.073 1.00591
211.936 212.104 0.803635
212.958 213.115 0.978268
213.98 214.153 1.10261
215.002 215.257 0.889817
216.022 216.186 1.05183
217.043 217.238 0.594616
218.065 218.225 0.889145
219.086 219.249 1.0074
220.11 220.28 0.704552
221.133 228.385 1.65464
228.384 230.041 0.633606
229.406 230.675 0.876689
230.428 231.554 0.811049
231.452 238.28 0.866378
238.28 245.95 1.73592
245.949 247.687 0.761876
246.97 248.45 0.587776
247.992 249.038 1.3877
249.013 250.427 0.743595
250.033 251.205 0.926718
251.205 252.221 0.724736
252.225 252.946 0.903074
253.245 254.06 0.770583
254.268 255.19 1.03373
255.294 256.225 0.890888
256.316 263.99 1.08192
263.99 272.214 1.78684
272.214 280.685 1.153
280.685 281.839 1.16888
281.705 283.009 0.989487
282.73 284 0.779372
283.75 284.78 0.674177
284.772 292.53 0.912347
292.53 293.444 0.902437
293.553 294.469 0.887339
294.574 295.465 0.710823
295.595 297.19 1.16659
297.19 298.634 1.21622
298.634 305.081 0.884894
305.08 311.18 1.00638
311.179 315.794 0.862855
315.793 321.81 0.688709
321.81 328.305 1.17305
328.305 335.022 0.905619
335.022 335.929 0.743762
336.044 342.712 1.01792
342.712 347.58 0.528899
347.58 348.44 1.01489
348.601 356.696 0.891041
356.696 357.588 0.704955
357.716 358.294 1.0376
358.736 359.379 0.851343
359.757 360.584 1.51564
360.789 366.283 0.799457
366.283 367.084 1.4545
367.303 374.225 0.8228
374.225 375.049 1.13207
375.246 376.182 1.37587
376.269 377.559 0.897533
377.294 378.457 1.17598
378.316 379.634 0.85834
379.339 380.494 0.736909
380.36 381.232 0.699377
381.381 381.933 0.619037
382.401 382.572 0.730748
383.422 383.58 1.45455
384.446 385.035 0.678757
385.467 385.715 1.29018
386.487 387.006 0.78622
387.51 387.794 0.913327
388.53 388.708 1.38716
389.55 390.096 1.01002
390.571 391.107 1.55829
391.592 392.666 0.610851
392.613 393.278 1.23706
393.634 394.516 1.28976
394.654 395.807 0.615617
395.675 396.423 0.787374
396.696 397.212 1.34551
397.716 398.558 0.883351
398.736 399.443 0.938671
399.757 400.382 0.416426
400.778 400.931 0.754692
401.799 401.957 1.06117
402.824 403.019 0.736888
403.861 404.032 1.13458
404.884 405.168 0.891881
405.906 406.079 0.668852
406.927 407.12 0.723665
407.957 408.144 0.944668
408.983 409.157 0.530922
410.003 410.175 1.08411
411.027 411.26 1.1849
412.047 412.446 0.565332
413.068 413.223 1.10652
414.089 414.33 0.927263
415.11 415.293 0.71959
416.135 416.292 0.880402
417.156 417.31 0.566286
418.178 418.331 0.457352
419.199 419.346 0.681461
420.22 420.371 1.12072
421.241 421.493 0.565622
422.262 422.454 1.02537
423.29 423.48 0.939356
424.31 424.483 0.756503
425.33 425.49 0.520787
426.36 426.512 1.08516
427.382 427.601 0.395968
428.403 428.556 0.550342
429.43 429.58 1.14774
430.452 430.73 0.987381
431.473 431.719 1.00985
432.493 432.729 0.52419
433.513 433.704 0.707604
434.548 434.741 0.895737
435.581 435.751 0.714737
436.601 436.8 1.05625
437.627 437.858 0.917626
438.648 438.813 0.701972
439.668 439.83 0.551614
440.691 440.849 0.427765
441.714 441.901 0.751561
442.752 442.941 1.5989
443.78 444.541 0.773124
444.799 445.315 0.731672
445.819 446.047 0.641101
