103.932 106.283 0.041719
103.932 106.326 0.041273
103.932 106.427 0.039877
103.932 106.529 0.033014
103.932 106.63 0.031965
103.932 106.731 0.030131
103.932 106.832 0.029386
103.932 106.933 0.031044
103.932 107.035 0.032844
104.958 107.138 0.03442
104.958 107.247 0.037191
104.958 107.354 0.026934
104.958 107.449 0.032736
104.958 107.55 0.030765
104.958 107.652 0.036806
104.958 107.753 0.035336
104.958 107.855 0.031565
104.958 107.957 0.034859
104.958 108.066 0.033298
105.985 108.168 0.029308
105.985 108.282 0.066067
105.985 108.384 0.03464
105.985 108.485 0.029438
105.985 108.588 0.037735
105.985 108.689 0.029052
105.985 108.79 0.02833
105.985 108.892 0.02663
107.006 108.993 0.028905
107.006 109.094 0.028596
107.006 109.195 0.043611
107.006 109.296 0.03659
107.006 109.397 0.029423
107.006 109.498 0.030434
107.006 109.6 0.028609
108.027 109.701 0.027155
108.027 109.803 0.028557
108.027 109.904 0.024495
108.027 110.006 0.027008
108.027 110.107 0.05572
108.027 110.208 0.034795
108.027 110.31 0.025781
108.027 110.411 0.032336
109.05 110.512 0.025883
109.05 110.613 0.028371
109.05 110.716 0.02486
109.05 110.817 0.028639
109.05 110.918 0.029434
109.05 111.019 0.026283
109.05 111.12 0.026211
109.05 111.221 0.025888
109.05 111.323 0.025614
109.05 111.424 0.027159
109.05 111.525 0.027081
110.071 111.626 0.025631
110.071 111.727 0.024256
110.071 111.829 0.031783
110.071 111.93 0.027417
110.071 112.031 0.028626
110.071 112.133 0.032119
110.071 112.234 0.028396
110.071 112.336 0.031327
110.071 112.437 0.028135
110.071 112.538 0.030077
110.071 112.639 0.029292
111.089 112.74 0.025536
111.089 112.841 0.025823
111.089 112.942 0.028835
111.089 113.044 0.026861
111.089 113.145 0.02857
111.089 113.248 0.027989
111.089 113.349 0.027715
111.089 113.488 0.024683
111.089 113.59 0.031534
111.089 113.691 0.029209
111.089 113.791 0.025169
111.089 113.893 0.028585
111.089 113.993 0.026319
111.089 114.098 0.026965
111.089 114.199 0.028464
112.11 114.301 0.026261
112.11 114.403 0.033053
112.11 114.505 0.024042
112.11 114.605 0.024561
112.11 114.71 0.027119
113.13 114.811 0.025569
113.13 114.912 0.026566
113.13 115.013 0.024741
113.13 115.115 0.024927
113.13 115.216 0.027176
113.13 115.318 0.025213
113.13 115.419 0.028234
113.13 115.53 0.023741
113.13 115.631 0.025155
114.152 115.732 0.025965
114.152 115.833 0.026137
114.152 115.934 0.024996
114.152 116.035 0.028396
114.152 116.136 0.023035
114.152 116.237 0.02766
114.152 116.338 0.029394
114.152 116.439 0.037781
114.152 116.624 0.037228
114.152 116.779 0.036321
114.152 116.89 0.024242
114.152 117.002 0.027639
114.152 117.105 0.027466
114.152 117.206 0.026152
114.152 117.307 0.033267
114.152 117.408 0.028446
114.152 117.509 0.031294
115.175 117.61 0.024398
115.175 117.711 0.025425
115.175 117.841 0.028814
115.175 117.944 0.024767
115.175 118.045 0.02723
115.175 118.146 0.02975
115.175 118.248 0.027344
115.175 118.349 0.02502
115.175 118.451 0.02599
115.175 118.551 0.024336
115.175 118.656 0.025849
116.493 118.757 0.025761
116.493 118.862 0.024982
116.493 118.965 0.02705
116.493 119.066 0.029691
116.493 119.167 0.030062
116.493 119.269 0.031171
116.493 119.37 0.028788
116.493 119.471 0.025945
116.493 119.573 0.025209
116.493 119.674 0.029868
116.493 119.78 0.025098
116.493 119.881 0.036255
117.568 119.983 0.026653
117.568 120.084 0.027643
117.568 120.185 0.026377
117.568 120.286 0.027845
117.568 120.388 0.032445
117.568 120.489 0.030776
117.568 120.59 0.025958
117.568 120.692 0.029468
117.568 120.793 0.027437
118.629 120.899 0.026994
118.629 121.117 0.035067
118.629 121.218 0.032102
118.629 121.319 0.023601
118.629 121.421 0.02609
118.629 121.522 0.03029
118.629 121.623 0.026938
118.629 121.725 0.02696
118.629 121.826 0.025387
118.629 121.927 0.030946
118.629 122.029 0.025523
118.629 122.13 0.024828
119.65 122.239 0.022674
119.65 122.339 0.024786
119.65 122.44 0.025222
119.65 122.541 0.02336
119.65 122.642 0.026384
119.65 122.743 0.027352
119.65 122.844 0.025812
119.65 122.945 0.025589
119.65 123.046 0.029683
120.671 123.148 0.024362
120.671 123.249 0.02747
120.671 123.35 0.027636
120.671 123.451 0.025476
120.671 123.553 0.025913
120.671 123.654 0.027096
120.671 123.755 0.027436
121.69 123.857 0.02719
121.69 123.958 0.024986
121.69 124.059 0.023703
121.69 124.16 0.024895
121.69 124.262 0.025606
121.69 124.362 0.024224
121.69 124.463 0.026468
121.69 124.565 0.027852
121.69 124.666 0.023701
121.69 124.767 0.024578
121.69 124.868 0.025738
121.69 124.969 0.02341
121.69 125.075 0.023432
121.69 125.177 0.027589
121.69 125.278 0.023519
121.69 125.381 0.024403
121.69 125.482 0.025338
121.69 125.583 0.025022
121.69 125.686 0.023939
121.69 125.787 0.02492
121.69 125.888 0.023068
121.69 125.99 0.024088
121.69 126.091 0.025652
121.69 126.192 0.023846
121.69 126.295 0.022811
121.69 126.396 0.025199
121.69 126.497 0.024306
121.69 126.598 0.023373
121.69 126.699 0.024507
121.69 126.8 0.026394
121.69 126.901 0.024598
121.69 127.002 0.024782
121.69 127.109 0.030327
121.69 127.211 0.023251
121.69 127.312 0.023975
121.69 127.413 0.024077
121.69 127.514 0.02242
121.69 127.614 0.023809
121.69 127.715 0.024983
121.69 127.816 0.022837
121.69 127.917 0.025137
121.69 128.018 0.025409
121.69 128.119 0.022633
121.69 128.22 0.025014
121.69 128.321 0.028223
121.69 128.423 0.024556
121.69 128.524 0.024427
121.69 128.625 0.02547
121.69 128.726 0.023464
121.69 128.827 0.024083
121.69 128.928 0.025211
121.69 129.029 0.023033
121.69 129.13 0.024181
121.69 129.231 0.026995
121.69 129.332 0.02387
121.69 129.435 0.025405
121.69 129.678 0.02317
121.69 129.78 0.027039
121.69 129.881 0.025191
121.69 129.982 0.024621
121.69 130.083 0.022738
121.69 130.184 0.02842
121.69 130.286 0.027102
121.69 130.389 0.025678
122.714 130.495 0.023971
122.714 130.596 0.025337
122.714 130.697 0.027053
122.714 130.799 0.023529
122.714 130.9 0.026633
122.714 131.001 0.025465
122.714 131.102 0.0232
122.714 131.204 0.026343
122.714 131.305 0.024517
122.714 131.406 0.023492
122.714 131.507 0.024826
122.714 131.609 0.026817
122.714 131.71 0.025445
122.714 131.812 0.023199
122.714 131.912 0.025745
122.714 132.013 0.022601
122.714 132.114 0.023415
122.714 132.216 0.025097
122.714 132.317 0.025021
122.714 132.418 0.023595
122.714 132.519 0.024962
122.714 132.621 0.02373
122.714 132.722 0.022277
122.714 132.824 0.024446
122.714 132.925 0.024435
122.714 133.026 0.022811
122.714 133.128 0.025836
122.714 133.228 0.025229
122.714 133.329 0.02323
122.714 133.431 0.023767
122.714 133.533 0.024042
122.714 133.634 0.024603
122.714 133.735 0.023415
122.714 133.836 0.029832
122.714 133.937 0.025666
122.714 134.039 0.022429
122.714 134.14 0.025365
122.714 134.241 0.025826
122.714 134.343 0.022814
122.714 134.444 0.025802
122.714 134.545 0.024802
122.714 134.646 0.023163
122.714 134.747 0.024518
122.714 134.848 0.024039
122.714 134.949 0.022356
122.714 135.05 0.023045
122.714 135.151 0.024219
122.714 135.252 0.023017
122.714 135.354 0.023196
122.714 135.455 0.024731
122.714 135.556 0.022759
122.714 135.658 0.031879
122.714 135.76 0.024656
122.714 135.861 0.024042
122.714 135.962 0.025504
122.714 136.063 0.027889
122.714 136.164 0.024943
122.714 136.265 0.028625
129.526 136.368 0.024296
129.526 136.469 0.023757
129.526 136.57 0.025249
129.526 136.671 0.022833
129.526 136.772 0.024942
129.526 136.873 0.024557
129.526 136.974 0.022314
129.526 137.077 0.023041
129.526 137.177 0.023832
129.526 137.278 0.024272
129.526 137.38 0.02253
129.526 137.481 0.024552
129.526 137.582 0.024264
129.526 137.683 0.022566
129.526 137.785 0.022983
129.526 137.886 0.024189
129.526 137.987 0.024218
129.526 138.088 0.022959
129.526 138.189 0.024661
129.526 138.291 0.024786
129.526 138.392 0.022527
129.526 138.493 0.024888
129.526 138.594 0.024363
129.526 138.695 0.023326
129.526 138.797 0.02317
129.526 138.898 0.024087
129.526 139 0.02336
129.526 139.1 0.022306
129.526 139.201 0.024265
129.526 139.302 0.024266
129.526 139.403 0.023045
129.526 139.507 0.022902
129.526 139.608 0.024468
129.526 139.709 0.024187
129.526 139.81 0.022758
129.526 139.912 0.024652
129.526 140.013 0.024455
129.526 140.114 0.022199
129.526 140.217 0.023273
129.526 140.318 0.026524
129.526 140.419 0.024252
129.526 140.521 0.022681
129.526 140.622 0.025256
129.526 140.723 0.02458
129.526 140.824 0.022371
129.526 140.927 0.024425
129.526 141.028 0.023785
129.526 141.129 0.024757
129.526 141.23 0.022677
129.526 141.332 0.024844
129.526 141.433 0.024721
129.526 141.534 0.022402
129.526 141.635 0.024677
129.526 141.736 0.023823
129.526 141.837 0.022542
129.526 141.939 0.024537
129.526 142.04 0.024048
129.526 142.141 0.022023
129.526 142.243 0.022922
129.526 142.344 0.024449
129.526 142.445 0.024249
129.526 142.546 0.022594
129.526 142.647 0.02479
129.526 142.748 0.023591
129.526 142.849 0.022118
129.526 142.95 0.024617
129.526 143.051 0.024185
129.526 143.152 0.023903
129.526 143.254 0.022783
129.526 143.355 0.024853
129.526 143.456 0.024149
129.526 143.557 0.02236
129.526 143.658 0.024633
129.526 143.759 0.024376
129.526 143.86 0.022171
129.526 143.963 0.022769
129.526 144.064 0.023893
129.526 144.178 0.02863
129.526 144.27 0.0225
129.526 144.369 0.025202
129.526 144.47 0.029897
129.526 144.572 0.022561
129.526 144.673 0.031101
129.526 144.775 0.025146
129.526 144.876 0.024167
129.526 144.995 0.02644
129.526 145.097 0.026802
129.526 145.21 0.02763
129.526 145.714 0.027664
129.526 145.815 0.02443
129.526 145.916 0.022883
129.526 146.018 0.023755
135.707 146.119 0.0243
135.707 146.22 0.02381
135.707 146.321 0.022663
135.707 146.422 0.028237
135.707 146.523 0.02499
135.707 146.625 0.025902
135.707 146.726 0.022576
135.707 146.828 0.024127
135.707 146.929 0.023975
135.707 147.03 0.022322
135.707 147.131 0.024181
135.707 147.232 0.024508
135.707 147.333 0.022408
135.707 147.435 0.023956
135.707 147.536 0.025527
135.707 147.637 0.023287
135.707 147.738 0.02392
135.707 147.841 0.02261
135.707 147.942 0.024261
135.707 148.043 0.024374
135.707 148.145 0.022683
135.707 148.246 0.02444
135.707 148.347 0.023926
135.707 148.448 0.024036
135.707 148.55 0.023161
135.707 148.651 0.024402
135.707 148.752 0.0243
135.707 148.853 0.02251
135.707 148.954 0.024405
135.707 149.056 0.024243
135.707 149.157 0.024336
135.707 149.259 0.022629
135.707 149.36 0.024905
135.707 149.461 0.02415
135.707 149.562 0.022549
135.707 149.665 0.02349
135.707 149.766 0.024725
135.707 149.867 0.024655
135.707 149.969 0.023775
135.707 150.07 0.024699
135.707 150.171 0.025241
135.707 150.273 0.022057
135.707 150.375 0.022686
135.707 150.476 0.023672
135.707 150.578 0.024282
135.707 150.678 0.02232
135.707 150.784 0.022509
135.707 150.885 0.028371
135.707 150.986 0.02383
135.707 151.088 0.022933
135.707 151.189 0.0261
135.707 151.29 0.023636
135.707 151.391 0.02375
135.707 151.497 0.022316
135.707 151.598 0.023676
135.707 151.699 0.027465
135.707 151.8 0.023051
135.707 151.901 0.023837
135.707 152.002 0.024814
135.707 152.103 0.022166
135.707 152.206 0.022806
135.707 152.307 0.024583
135.707 152.408 0.028449
135.707 152.509 0.022662
135.707 152.61 0.024421
135.707 152.712 0.024555
135.707 152.813 0.023286
135.707 152.914 0.022873
135.707 153.015 0.024328
135.707 153.125 0.032323
135.707 153.226 0.021317
135.707 153.327 0.022594
135.707 153.428 0.028381
135.707 153.529 0.02786
135.707 153.63 0.023142
135.707 153.732 0.024641
135.707 153.833 0.024215
135.707 153.934 0.025034
144.776 154.035 0.023766
144.776 154.137 0.025456
144.776 154.238 0.025644
144.776 154.339 0.022826
144.776 154.442 0.022659
144.776 154.543 0.024232
144.776 154.644 0.024253
144.776 154.745 0.021927
144.776 154.847 0.02198
144.776 154.947 0.024168
144.776 155.048 0.022062
144.776 155.15 0.022942
144.776 155.251 0.023879
144.776 155.352 0.023762
144.776 155.453 0.026381
144.776 155.556 0.02266
144.776 155.657 0.023507
144.776 155.758 0.024087
144.776 155.86 0.022097
144.776 155.961 0.024266
144.776 156.062 0.024029
144.776 156.163 0.025773
144.776 156.264 0.023397
144.776 156.366 0.024796
144.776 156.467 0.024457
144.776 156.569 0.022536
144.776 156.671 0.023535
144.776 156.772 0.024527
144.776 156.874 0.024673
144.776 156.975 0.022449
144.776 157.078 0.023181
144.776 157.179 0.0265
144.776 157.28 0.024732
144.776 157.382 0.022766
144.776 157.483 0.024568
144.776 157.584 0.024345
144.776 157.686 0.024443
144.776 157.787 0.023325
144.776 157.889 0.025312
144.776 157.99 0.024368
144.776 158.092 0.02284
144.776 158.193 0.023748
144.776 158.294 0.02418
144.776 158.396 0.023837
144.776 158.497 0.022462
144.776 158.6 0.023588
144.776 158.701 0.024875
144.776 158.803 0.024119
144.776 158.904 0.023046
144.776 159.006 0.022378
144.776 159.107 0.024543
144.776 159.209 0.024123
144.776 159.31 0.022622
144.776 159.412 0.024704
144.776 159.513 0.023905
144.776 159.614 0.024126
144.776 159.715 0.023051
144.776 159.816 0.024259
144.776 159.918 0.024959
144.776 160.019 0.025699
144.776 160.12 0.022601
144.776 160.221 0.024821
144.776 160.322 0.023851
144.776 160.424 0.022147
144.776 160.527 0.02351
144.776 160.634 0.024045
144.776 160.735 0.023555
144.776 160.836 0.022313
144.776 160.943 0.023155
144.776 161.043 0.028573
144.776 161.144 0.023805
144.776 161.246 0.025096
144.776 161.348 0.023305
144.776 161.449 0.024889
144.776 161.55 0.026956
144.776 161.651 0.02353
144.776 161.753 0.023331
144.776 161.854 0.024628
144.776 161.955 0.023917
153.007 162.056 0.023791
153.007 162.157 0.02403
153.007 162.263 0.028266
153.007 162.364 0.021489
153.007 162.466 0.031198
153.007 162.567 0.026785
153.007 162.668 0.027647
153.007 162.773 0.023415
161.157 162.874 0.024867
161.157 162.975 0.024959
161.157 163.077 0.023617
161.157 163.178 0.024257
161.157 163.279 0.026154
161.157 163.38 0.023809
161.157 163.484 0.04397
161.157 163.583 0.031628
162.198 163.683 0.022406
162.198 163.785 0.024865
162.198 163.886 0.026826
162.198 163.987 0.022339
162.198 164.088 0.026342
162.198 164.189 0.023766
162.198 164.29 0.022113
162.198 164.391 0.024794
162.198 164.492 0.024891
162.198 164.594 0.025055
162.198 164.694 0.026625
163.219 164.796 0.026455
163.219 164.897 0.023912
163.219 164.998 0.026041
163.219 165.099 0.023826
163.219 165.2 0.022197
163.219 165.301 0.026843
163.219 165.402 0.027051
163.219 165.503 0.025628
164.238 165.605 0.024938
164.238 165.706 0.02596
164.238 165.807 0.022202
164.238 165.908 0.026715
164.238 166.009 0.026945
164.238 166.11 0.022117
164.238 166.211 0.029977
164.238 166.312 0.03131
164.238 166.43 0.028602
165.259 166.52 0.025703
165.259 166.622 0.03037
165.259 166.723 0.022944
165.259 166.824 0.028668
165.259 166.925 0.023224
165.259 167.026 0.022892
165.259 167.127 0.023175
165.259 167.228 0.023735
165.259 167.329 0.023942
165.259 167.43 0.024482
165.259 167.533 0.024994
165.259 167.634 0.026083
165.259 167.735 0.028518
166.282 167.837 0.026059
166.282 167.938 0.027521
166.282 168.039 0.026953
166.282 168.14 0.025037
166.282 168.241 0.022067
166.282 168.342 0.031795
166.282 168.443 0.024915
166.282 168.545 0.02334
167.305 168.646 0.029138
167.305 168.747 0.027418
167.305 168.85 0.022602
167.305 168.951 0.024144
167.305 169.052 0.02271
167.305 169.155 0.023837
167.305 169.256 0.027471
167.305 169.357 0.038759
167.305 169.459 0.024194
167.305 169.561 0.028272
167.305 169.663 0.027807
168.325 169.765 0.02775
168.325 169.866 0.027055
168.325 169.967 0.027514
168.325 170.071 0.025561
168.325 170.171 0.024781
168.325 170.273 0.023745
168.325 170.375 0.024353
168.325 170.476 0.023906
168.325 170.578 0.032369
168.325 170.679 0.024643
168.325 170.78 0.029992
169.347 170.881 0.022988
169.347 170.984 0.02347
169.347 171.089 0.027842
169.347 171.19 0.022512
169.347 171.291 0.024386
169.347 171.392 0.024096
169.347 171.494 0.032043
169.347 171.595 0.033331
170.366 171.696 0.026394
170.366 171.798 0.023795
170.366 171.899 0.026588
170.366 172 0.026296
170.366 172.101 0.02468
170.366 172.202 0.026127
170.366 172.303 0.02565
171.39 172.406 0.02368
171.39 172.514 0.024423
171.39 172.615 0.02505
171.39 172.716 0.022676
171.39 172.817 0.026156
171.39 172.919 0.024901
171.39 173.02 0.023207
171.39 173.121 0.024523
171.39 173.222 0.027541
171.39 173.334 0.024794
171.39 173.431 0.030577
171.39 173.532 0.036539
171.39 173.633 0.025212
171.39 173.734 0.028729
171.39 173.835 0.023972
172.418 173.936 0.024977
172.418 174.037 0.023452
172.418 174.138 0.026689
172.418 174.239 0.025137
172.418 174.34 0.024115
172.418 174.441 0.022988
172.418 174.542 0.033882
172.418 174.643 0.025537
172.418 174.744 0.023008
173.44 174.85 0.023007
173.44 174.951 0.024313
173.44 175.052 0.022714
173.44 175.159 0.023082
173.44 175.26 0.023388
173.44 175.361 0.027436
173.44 175.463 0.023045
173.44 175.563 0.0328
173.44 175.665 0.022941
173.44 175.767 0.023877
174.459 175.868 0.025045
174.459 175.969 0.021516
174.459 176.072 0.025447
174.459 176.173 0.028951
174.459 176.274 0.032822
174.459 176.377 0.022908
174.459 176.478 0.026
175.485 176.583 0.030418
175.485 176.702 0.024247
175.485 176.797 0.022329
175.485 176.898 0.02994
175.485 177 0.025627
175.485 177.101 0.024089
175.485 177.202 0.024651
175.485 177.304 0.023657
175.485 177.405 0.022145
175.485 177.506 0.023864
175.485 177.607 0.023246
175.485 177.708 0.021947
175.485 177.81 0.024145
175.485 177.911 0.024523
175.485 178.012 0.023085
175.485 178.113 0.023602
175.485 178.214 0.024631
175.485 178.315 0.02267
175.485 178.417 0.023502
175.485 178.518 0.0218
175.485 178.619 0.021959
175.485 178.72 0.02345
175.485 178.821 0.023849
175.485 178.922 0.023242
175.485 179.023 0.024209
175.485 179.125 0.022966
175.485 179.226 0.023373
175.485 179.327 0.025002
175.485 179.428 0.02444
175.485 179.53 0.022787
175.485 179.631 0.023926
175.485 179.732 0.022584
175.485 179.835 0.022961
175.485 179.936 0.02423
175.485 180.037 0.022995
175.485 180.14 0.023193
175.485 180.242 0.024635
175.485 180.343 0.022362
175.485 180.446 0.022531
175.485 180.547 0.023774
175.485 180.648 0.02519
175.485 180.75 0.022733
175.485 180.851 0.024484
175.485 180.952 0.022735
175.485 181.055 0.022653
175.485 181.157 0.024411
175.485 181.258 0.030789
175.485 181.361 0.023061
175.485 181.461 0.023509
175.485 181.562 0.022359
175.485 181.664 0.023692
175.485 181.766 0.025474
175.485 181.867 0.022719
175.485 181.969 0.029987
175.485 182.07 0.027259
175.485 182.171 0.027515
175.485 182.272 0.022045
175.485 182.374 0.027595
175.485 182.475 0.02747
175.485 182.576 0.024245
175.485 182.677 0.024939
175.485 182.778 0.023812
176.507 182.879 0.023142
176.507 182.98 0.024102
176.507 183.081 0.026886
176.507 183.182 0.023427
176.507 183.283 0.024469
176.507 183.384 0.023878
176.507 183.487 0.024536
176.507 183.588 0.023384
181.296 183.689 0.025265
181.296 183.79 0.022807
181.296 183.891 0.02536
181.296 183.992 0.024111
181.296 184.093 0.02375
181.296 184.194 0.024574
182.317 184.296 0.025386
182.317 184.396 0.022922
182.317 184.505 0.029224
182.317 184.599 0.023778
182.317 184.7 0.023327
182.317 184.802 0.025971
182.317 184.903 0.024415
182.317 185.004 0.024106
182.317 185.105 0.024817
182.317 185.206 0.024641
182.317 185.307 0.023906
182.317 185.408 0.025224
183.339 185.51 0.030004
183.339 185.611 0.023565
183.339 185.712 0.023817
183.339 185.813 0.025749
183.339 185.914 0.022242
183.339 186.015 0.02407
183.339 186.116 0.024243
183.339 186.217 0.02313
184.359 186.318 0.02487
184.359 186.42 0.030496
184.359 186.522 0.028835
184.359 186.652 0.025508
184.359 186.754 0.024627
184.359 186.855 0.02442
184.359 186.956 0.025297
184.359 187.057 0.024851
185.382 187.158 0.023422
185.382 187.259 0.027968
185.382 187.36 0.025414
185.382 187.461 0.023944
185.382 187.562 0.029705
185.382 187.664 0.025369
185.382 187.766 0.024904
185.382 187.866 0.025043
186.403 187.968 0.024327
186.403 188.069 0.023098
186.403 188.17 0.024525
186.403 188.271 0.023514
186.403 188.373 0.024798
186.403 188.475 0.02449
186.403 188.576 0.03114
186.403 188.677 0.024761
186.403 188.778 0.02524
187.426 188.879 0.025306
187.426 188.98 0.02369
187.426 189.082 0.023877
187.426 189.183 0.023681
187.426 189.284 0.023181
187.426 189.385 0.026344
187.426 189.487 0.024568
187.426 189.589 0.03997
187.426 189.69 0.023858
187.426 189.791 0.027438
187.426 189.892 0.024346
187.426 189.993 0.025689
188.446 190.094 0.025224
188.446 190.195 0.023502
188.446 190.297 0.025234
188.446 190.398 0.025762
188.446 190.499 0.024602
188.446 190.6 0.023297
188.446 190.701 0.023757
189.468 190.802 0.025587
189.468 190.903 0.025318
189.468 191.004 0.024315
189.468 191.105 0.024136
189.468 191.206 0.025506
189.468 191.307 0.027046
189.468 191.408 0.025214
189.468 191.509 0.025184
189.468 191.617 0.026807
189.468 191.718 0.027243
189.468 191.82 0.024042
189.468 191.921 0.025681
190.488 192.022 0.023347
190.488 192.125 0.023226
190.488 192.226 0.025452
190.488 192.327 0.025585
190.488 192.428 0.025908
190.488 192.53 0.024689
190.488 192.636 0.023267
190.488 192.737 0.02635
190.488 192.838 0.025258
191.508 192.939 0.023884
191.508 193.04 0.023698
191.508 193.142 0.024986
191.508 193.243 0.025924
191.508 193.344 0.023123
191.508 193.445 0.024763
191.508 193.546 0.0246
191.508 193.647 0.035248
191.508 193.748 0.024382
192.531 193.849 0.024422
192.531 193.95 0.023137
192.531 194.051 0.026028
192.531 194.152 0.026858
192.531 194.253 0.024807
192.531 194.354 0.026347
192.531 194.455 0.024476
192.531 194.556 0.024903
192.531 194.657 0.030689
193.552 194.758 0.023743
193.552 194.859 0.026357
193.552 194.96 0.027198
193.552 195.061 0.026226
193.552 195.163 0.026322
193.552 195.264 0.024884
193.552 195.365 0.026598
193.552 195.465 0.023397
193.552 195.566 0.02393
193.552 195.667 0.027269
194.572 195.769 0.021768
194.572 195.87 0.0248
194.572 195.971 0.024241
194.572 196.072 0.023395
194.572 196.173 0.027405
194.572 196.274 0.026859
194.572 196.376 0.024689
194.572 196.476 0.024335
194.572 196.578 0.025597
194.572 196.681 0.044721
195.594 196.781 0.025363
195.594 196.882 0.027739
195.594 196.983 0.023274
195.594 197.084 0.025033
195.594 197.185 0.025167
196.616 197.286 0.022965
196.616 197.387 0.024735
196.616 197.488 0.02486
196.616 197.59 0.024455
196.616 197.691 0.027679
196.616 197.792 0.024606
196.616 197.893 0.027804
196.616 197.994 0.023786
196.616 198.095 0.025259
196.616 198.196 0.027237
196.616 198.297 0.023751
196.616 198.398 0.023974
197.637 198.499 0.022721
197.637 198.6 0.023786
197.637 198.701 0.026505
197.637 198.805 0.023392
197.637 198.906 0.026628
197.637 199.007 0.024262
197.637 199.109 0.023803
197.637 199.21 0.024943
197.637 199.311 0.026228
197.637 199.412 0.023111
197.637 199.513 0.025116
198.659 199.614 0.024649
198.659 199.715 0.023305
198.659 199.816 0.024695
198.659 199.917 0.024855
198.659 200.018 0.022981
198.659 200.119 0.026432
198.659 200.22 0.027041
198.659 200.321 0.026245
199.68 200.422 0.025619
199.68 200.523 0.023806
199.68 200.624 0.022549
199.68 200.726 0.025684
199.68 200.833 0.024625
199.68 200.935 0.025222
199.68 201.036 0.025818
199.68 201.137 0.024529
199.68 201.238 0.024309
199.68 201.339 0.022721
199.68 201.44 0.026475
199.68 201.541 0.023856
199.68 201.643 0.02222
199.68 201.743 0.02391
199.68 201.845 0.030839
199.68 201.946 0.022159
200.7 202.047 0.025155
200.7 202.148 0.022069
200.7 202.249 0.02302
200.7 202.35 0.026516
200.7 202.451 0.024204
200.7 202.554 0.023144
200.7 202.655 0.02618
200.7 202.756 0.022525
200.7 202.861 0.027488
201.721 202.962 0.027437
201.721 203.063 0.025705
201.721 203.165 0.022731
201.721 203.266 0.025786
201.721 203.367 0.027878
201.721 203.472 0.023905
201.721 203.573 0.028318
201.721 203.675 0.022599
202.742 203.789 0.024191
202.742 203.89 0.030221
202.742 203.992 0.024172
202.742 204.093 0.023845
202.742 204.194 0.022246
202.742 204.295 0.023335
202.742 204.396 0.028206
202.742 204.501 0.026282
202.742 204.603 0.027556
203.764 204.704 0.02249
203.764 204.807 0.02327
203.764 204.908 0.032336
203.764 205.009 0.027421
203.764 205.11 0.022557
203.764 205.212 0.023926
203.764 205.313 0.02572
204.785 205.416 0.022796
204.785 205.517 0.025253
204.785 205.618 0.02196
204.785 205.721 0.022375
204.785 205.822 0.024213
204.785 205.959 0.02223
204.785 206.061 0.023101
204.785 206.162 0.02665
204.785 206.263 0.02555
204.785 206.365 0.023883
204.785 206.465 0.023545
204.785 206.566 0.025901
204.785 206.668 0.02517
204.785 206.769 0.02471
205.808 206.872 0.024132
205.808 206.983 0.0229
205.808 207.085 0.025299
205.808 207.186 0.025692
205.808 207.287 0.02671
205.808 207.388 0.023198
205.808 207.49 0.024286
205.808 207.59 0.022205
205.808 207.693 0.024729
205.808 207.803 0.023858
206.828 207.905 0.022951
206.828 208.047 0.025252
206.828 208.149 0.024897
206.828 208.25 0.0261
206.828 208.351 0.025371
206.828 208.452 0.024017
206.828 208.553 0.023867
206.828 208.654 0.025366
207.849 208.755 0.02232
207.849 208.856 0.028561
207.849 208.968 0.028903
207.849 209.089 0.024979
207.849 209.188 0.023822
207.849 209.289 0.023121
207.849 209.39 0.025016
207.849 209.497 0.024436
207.849 209.598 0.02354
207.849 209.702 0.022912
207.849 209.801 0.024205
207.849 209.903 0.022198
207.849 210.008 0.022839
207.849 210.109 0.025255
208.869 210.21 0.023851
208.869 210.312 0.0238
208.869 210.413 0.026279
208.869 210.513 0.024443
208.869 210.614 0.023039
208.869 210.715 0.023822
208.869 210.816 0.024381
209.893 210.917 0.023887
209.893 211.022 0.024301
209.893 211.122 0.022642
209.893 211.224 0.022751
209.893 211.324 0.024929
209.893 211.425 0.024586
209.893 211.527 0.023907
209.893 211.628 0.024628
209.893 211.729 0.024382
209.893 211.83 0.024805
209.893 211.932 0.025349
209.893 212.033 0.032731
210.915 212.134 0.022625
210.915 212.235 0.02467
210.915 212.336 0.024643
210.915 212.437 0.023102
210.915 212.538 0.024849
210.915 212.639 0.024725
210.915 212.74 0.023125
210.915 212.841 0.023679
211.936 212.943 0.024141
211.936 213.058 0.024262
211.936 213.159 0.022912
211.936 213.261 0.024127
211.936 213.362 0.024819
211.936 213.463 0.022262
211.936 213.565 0.023143
211.936 213.666 0.023428
211.936 213.768 0.023331
211.936 213.869 0.024052
211.936 213.97 0.024919
211.936 214.073 0.031995
212.958 214.174 0.024838
212.958 214.275 0.025804
212.958 214.376 0.024125
212.958 214.477 0.023994
212.958 214.578 0.023367
212.958 214.679 0.023427
212.958 214.78 0.022112
212.958 214.881 0.023466
212.958 214.982 0.024962
212.958 215.083 0.032726
212.958 215.184 0.024849
213.98 215.285 0.024877
213.98 215.386 0.023165
213.98 215.487 0.025055
213.98 215.588 0.023297
213.98 215.689 0.023239
213.98 215.79 0.023881
213.98 215.891 0.024666
213.98 215.992 0.023709
213.98 216.093 0.026428
215.002 216.194 0.024697
215.002 216.295 0.023062
215.002 216.396 0.024955
215.002 216.498 0.024978
215.002 216.599 0.023463
215.002 216.7 0.02466
215.002 216.801 0.028046
215.002 216.902 0.023209
215.002 217.003 0.025201
215.002 217.105 0.027464
215.002 217.208 0.023002
216.022 217.306 0.023925
216.022 217.407 0.023222
216.022 217.508 0.024266
216.022 217.61 0.025167
216.022 217.711 0.026161
216.022 217.812 0.025838
217.043 217.913 0.02468
217.043 218.014 0.025244
217.043 218.115 0.023301
217.043 218.216 0.025179
217.043 218.317 0.024709
217.043 218.418 0.023503
217.043 218.519 0.024338
217.043 218.62 0.026203
217.043 218.721 0.023704
217.043 218.822 0.02629
217.043 218.923 0.026521
217.043 219.024 0.024321
218.065 219.125 0.02481
218.065 219.233 0.02444
218.065 219.334 0.024543
218.065 219.435 0.024111
218.065 219.536 0.023949
218.065 219.637 0.0235
218.065 219.738 0.025465
218.065 219.839 0.028104
218.065 219.94 0.025494
218.065 220.041 0.025161
218.065 220.142 0.024896
218.065 220.244 0.044156
219.086 220.345 0.023726
219.086 220.446 0.023494
219.086 220.547 0.035588
219.086 220.648 0.025023
219.086 220.749 0.023462
219.086 220.85 0.025467
219.086 220.952 0.024617
220.11 221.053 0.023848
220.11 221.154 0.022949
220.11 221.257 0.021956
220.11 221.358 0.025258
220.11 221.459 0.021924
220.11 221.56 0.02314
220.11 221.661 0.024071
220.11 221.762 0.024409
220.11 221.863 0.024008
220.11 221.965 0.024223
220.11 222.066 0.025117
220.11 222.167 0.022562
220.11 222.268 0.024365
220.11 222.369 0.024718
220.11 222.47 0.022148
220.11 222.571 0.024797
220.11 222.672 0.024015
220.11 222.773 0.022409
220.11 222.874 0.024018
220.11 222.975 0.024082
220.11 223.076 0.022623
220.11 223.177 0.025452
220.11 223.278 0.024331
220.11 223.379 0.022485
220.11 223.484 0.023198
220.11 223.585 0.024035
220.11 223.686 0.022811
220.11 223.787 0.02317
220.11 223.889 0.024003
220.11 223.99 0.023889
220.11 224.091 0.022902
220.11 224.192 0.026293
220.11 224.293 0.023375
220.11 224.396 0.023478
220.11 224.496 0.024103
220.11 224.597 0.022444
220.11 224.698 0.024078
220.11 224.799 0.023895
220.11 224.9 0.02243
220.11 225.001 0.024388
220.11 225.102 0.023837
220.11 225.203 0.022295
220.11 225.304 0.024326
220.11 225.405 0.026201
220.11 225.506 0.022293
220.11 225.607 0.024544
220.11 225.708 0.024068
220.11 225.809 0.022431
220.11 225.91 0.024735
220.11 226.011 0.02419
220.11 226.112 0.022635
220.11 226.213 0.02411
220.11 226.314 0.02448
220.11 226.415 0.022746
220.11 226.516 0.024454
220.11 226.617 0.02438
220.11 226.718 0.02231
220.11 226.819 0.024575
220.11 226.92 0.023692
220.11 227.021 0.022256
220.11 227.122 0.024317
220.11 227.223 0.023988
220.11 227.324 0.022312
220.11 227.425 0.024597
220.11 227.526 0.02426
220.11 227.627 0.022407
220.11 227.729 0.024326
220.11 227.83 0.024308
220.11 227.931 0.022887
220.11 228.032 0.024337
220.11 228.134 0.02574
220.11 228.235 0.022226
220.11 228.336 0.024739
220.11 228.437 0.023634
220.11 228.543 0.023821
220.11 228.644 0.025276
220.11 228.745 0.024506
220.11 228.847 0.023092
220.11 228.949 0.025296
220.11 229.049 0.028043
220.11 229.15 0.030523
220.11 229.251 0.023855
220.11 229.352 0.026084
220.11 229.453 0.022374
220.11 229.559 0.023573
220.11 229.66 0.027065
220.11 229.761 0.025167
220.11 229.862 0.02492
220.11 229.963 0.025927
221.133 230.064 0.022032
221.133 230.167 0.023026
221.133 230.268 0.026586
221.133 230.369 0.0253
221.133 230.47 0.023872
221.133 230.571 0.03245
221.133 230.672 0.026136
228.384 230.774 0.024085
228.384 230.875 0.026261
228.384 230.976 0.023489
228.384 231.077 0.024535
228.384 231.178 0.025742
228.384 231.279 0.028528
228.384 231.381 0.024023
228.384 231.482 0.026081
229.406 231.583 0.024697
229.406 231.684 0.024124
229.406 231.785 0.023569
229.406 231.886 0.024578
229.406 231.987 0.023173
229.406 232.088 0.023837
229.406 232.189 0.028035
229.406 232.291 0.030709
230.428 232.392 0.029379
230.428 232.493 0.029475
230.428 232.594 0.025988
230.428 232.695 0.027793
230.428 232.796 0.027579
230.428 232.897 0.027675
230.428 232.998 0.025008
230.428 233.1 0.026966
230.428 233.2 0.024903
230.428 233.301 0.02513
230.428 233.402 0.025223
230.428 233.504 0.02229
230.428 233.605 0.024755
230.428 233.706 0.024535
230.428 233.807 0.023493
230.428 233.908 0.02441
230.428 234.009 0.023904
230.428 234.11 0.022519
230.428 234.211 0.025588
230.428 234.312 0.023461
230.428 234.413 0.022821
230.428 234.514 0.024269
230.428 234.615 0.024283
230.428 234.717 0.022879
230.428 234.818 0.024163
230.428 234.919 0.02393
230.428 235.02 0.022626
230.428 235.121 0.023949
230.428 235.222 0.024783
230.428 235.325 0.022251
230.428 235.426 0.025215
230.428 235.527 0.024762
230.428 235.628 0.02237
230.428 235.729 0.024726
230.428 235.831 0.024133
230.428 235.932 0.023045
230.428 236.032 0.024634
230.428 236.134 0.024395
230.428 236.235 0.02324
230.428 236.336 0.023742
230.428 236.437 0.023945
230.428 236.538 0.022144
230.428 236.64 0.024316
230.428 236.741 0.023998
230.428 236.842 0.022549
230.428 236.943 0.024905
230.428 237.044 0.023644
230.428 237.145 0.021888
230.428 237.246 0.024417
230.428 237.347 0.024296
230.428 237.449 0.022622
230.428 237.55 0.024443
230.428 237.651 0.024048
230.428 237.751 0.022598
230.428 237.852 0.02434
230.428 237.954 0.02424
230.428 238.055 0.02263
230.428 238.156 0.024576
230.428 238.257 0.03532
230.428 238.358 0.021988
230.428 238.459 0.024444
230.428 238.56 0.023824
230.428 238.662 0.023115
230.428 238.763 0.023203
230.428 238.864 0.023273
230.428 238.965 0.025252
230.428 239.066 0.023688
231.452 239.167 0.024578
231.452 239.268 0.022107
231.452 239.369 0.024445
231.452 239.47 0.025013
231.452 239.572 0.022163
231.452 239.672 0.024156
231.452 239.773 0.023603
231.452 239.874 0.022255
231.452 239.975 0.023957
231.452 240.076 0.023622
231.452 240.181 0.025288
231.452 240.283 0.023718
231.452 240.384 0.024517
231.452 240.486 0.024382
231.452 240.587 0.022881
231.452 240.687 0.024343
231.452 240.788 0.024337
231.452 240.889 0.022702
231.452 240.99 0.024314
231.452 241.091 0.024037
231.452 241.193 0.02298
231.452 241.294 0.023912
231.452 241.395 0.024213
231.452 241.496 0.023269
231.452 241.597 0.024282
231.452 241.698 0.025193
231.452 241.799 0.023012
231.452 241.9 0.02333
231.452 242.001 0.022784
231.452 242.103 0.022546
231.452 242.204 0.023922
231.452 242.305 0.02369
231.452 242.407 0.022443
231.452 242.507 0.02431
231.452 242.609 0.024044
231.452 242.71 0.022673
231.452 242.811 0.023785
231.452 242.912 0.023596
231.452 243.013 0.023384
231.452 243.114 0.023446
231.452 243.215 0.024082
231.452 243.316 0.023031
231.452 243.417 0.024278
231.452 243.519 0.024098
231.452 243.619 0.022807
231.452 243.721 0.02432
231.452 243.822 0.024173
231.452 243.923 0.023107
231.452 244.024 0.024146
231.452 244.125 0.024655
231.452 244.226 0.022609
231.452 244.327 0.030976
231.452 244.428 0.022156
231.452 244.529 0.022845
231.452 244.63 0.024901
231.452 244.732 0.023709
231.452 244.834 0.022607
231.452 244.934 0.023547
231.452 245.035 0.022752
231.452 245.136 0.023935
231.452 245.237 0.023587
231.452 245.338 0.022442
231.452 245.439 0.024285
231.452 245.54 0.02399
231.452 245.641 0.022468
231.452 245.742 0.024567
231.452 245.843 0.024311
231.452 245.944 0.024145
231.452 246.046 0.023157
231.452 246.147 0.030315
231.452 246.248 0.021684
231.452 246.349 0.027169
231.452 246.451 0.030609
231.452 246.551 0.032616
231.452 246.654 0.023879
231.452 246.755 0.025165
231.452 246.856 0.023355
231.452 246.958 0.02463
231.452 247.059 0.034769
231.452 247.161 0.0263
231.452 247.261 0.025909
231.452 247.363 0.0263
231.452 247.464 0.0253
231.452 247.565 0.023396
231.452 247.666 0.030187
238.28 247.767 0.022233
238.28 247.868 0.02451
238.28 247.969 0.027306
238.28 248.07 0.024659
238.28 248.171 0.024104
238.28 248.272 0.027823
238.28 248.374 0.027701
245.949 248.475 0.024363
245.949 248.576 0.023292
245.949 248.677 0.021527
245.949 248.78 0.026816
245.949 248.88 0.023332
245.949 248.982 0.023605
246.97 249.085 0.026312
246.97 249.186 0.025133
246.97 249.287 0.027508
246.97 249.389 0.028088
246.97 249.491 0.028197
246.97 249.592 0.028116
246.97 249.693 0.02662
246.97 249.795 0.027423
246.97 249.896 0.02459
246.97 249.997 0.023325
246.97 250.098 0.030634
246.97 250.199 0.021911
246.97 250.301 0.022647
246.97 250.402 0.025424
247.992 250.503 0.026218
247.992 250.605 0.024135
247.992 250.706 0.027843
247.992 250.807 0.027626
247.992 250.909 0.035872
247.992 251.01 0.026982
247.992 251.112 0.026954
249.013 251.213 0.023043
249.013 251.315 0.02426
249.013 251.417 0.024481
249.013 251.518 0.023254
249.013 251.619 0.023573
249.013 251.72 0.027926
249.013 251.821 0.026194
249.013 251.923 0.02447
249.013 252.023 0.027824
249.013 252.125 0.02455
250.033 252.225 0.024546
250.033 252.334 0.026805
250.033 252.435 0.026509
250.033 252.536 0.024811
250.033 252.637 0.024243
250.033 252.739 0.032007
250.033 252.84 0.026198
250.033 252.942 0.025756
251.205 253.043 0.027686
251.205 253.144 0.022243
251.205 253.245 0.026096
251.205 253.346 0.034307
251.205 253.447 0.027026
251.205 253.549 0.027297
251.205 253.65 0.027136
251.205 253.751 0.026655
252.225 253.852 0.024821
252.225 253.953 0.032957
252.225 254.054 0.022919
252.225 254.155 0.024303
252.225 254.257 0.024711
252.225 254.359 0.032502
252.225 254.46 0.024136
252.225 254.562 0.0262
252.225 254.663 0.022507
252.225 254.764 0.024498
253.245 254.865 0.025747
253.245 254.966 0.022416
253.245 255.067 0.025906
253.245 255.168 0.056754
253.245 255.27 0.022634
253.245 255.371 0.025429
253.245 255.472 0.027111
253.245 255.573 0.029527
253.245 255.675 0.028142
253.245 255.776 0.027578
253.245 255.877 0.027345
253.245 255.98 0.024417
253.245 256.081 0.026426
253.245 256.182 0.026476
254.268 256.284 0.027986
254.268 256.385 0.027228
254.268 256.486 0.031248
254.268 256.589 0.029732
254.268 256.69 0.034678
254.268 256.791 0.02883
254.268 256.893 0.028007
254.268 256.994 0.028323
254.268 257.095 0.028752
255.294 257.196 0.022339
255.294 257.297 0.032301
255.294 257.398 0.02795
255.294 257.5 0.022823
255.294 257.602 0.023526
255.294 257.703 0.024521
255.294 257.804 0.024519
255.294 257.905 0.024836
255.294 258.006 0.024862
255.294 258.107 0.025261
255.294 258.208 0.024565
255.294 258.309 0.0243
255.294 258.41 0.022424
255.294 258.511 0.024837
255.294 258.612 0.024329
255.294 258.713 0.022684
255.294 258.814 0.023886
255.294 258.916 0.024468
255.294 259.016 0.022029
255.294 259.117 0.023712
255.294 259.219 0.024056
255.294 259.32 0.024722
