98.6687 1.97955 0.024315 1.80088 0.168853
100.674 0.252221 0.033414 0.114005 0.134019
101.881 0.234452 0.022989 0.098453 0.132562
102.906 0.203503 0.024836 0.081211 0.119154
103.932 0.200359 0.024525 0.07942 0.118111
104.958 0.192809 0.02066 0.070495 0.119456
105.985 0.195159 0.019689 0.068388 0.123991
107.006 0.187293 0.01999 0.07011 0.113971
108.027 0.203424 0.019226 0.0756 0.124988
109.05 0.18824 0.01974 0.070744 0.114635
110.071 0.165753 0.017363 0.063869 0.099171
111.089 0.302066 0.019651 0.066207 0.233166
112.11 0.270703 0.019184 0.068246 0.199614
113.13 0.264436 0.02005 0.066018 0.195651
114.152 0.272691 0.022144 0.059459 0.210465
115.175 1.29637 0.021024 0.059719 1.23381
116.493 0.267558 0.072942 0.060327 0.204443
117.568 0.258075 0.020424 0.070156 0.185148
118.629 0.245452 0.019225 0.060003 0.182685
119.65 0.254379 0.02002 0.077236 0.17433
120.671 0.247137 0.017445 0.058557 0.185801
121.69 0.265411 0.023827 0.059756 0.202841
122.714 6.7886 0.02181 0.05828 6.72755
129.526 6.09164 0.087763 0.132622 5.95625
135.707 9.04875 0.019346 0.080375 8.96556
144.776 8.17468 0.055551 0.085444 8.08637
153.007 8.12812 0.019199 0.102502 8.02272
161.157 0.937667 0.028831 0.110283 0.824538
162.198 0.879219 0.019457 0.058837 0.817646
163.219 0.237043 0.018737 0.058381 0.175883
164.238 0.230856 0.019277 0.057379 0.170738
165.259 0.232465 0.02172 0.059171 0.170559
166.282 0.785923 0.022077 0.062813 0.720471
167.305 0.240012 0.01878 0.056753 0.180591
168.325 0.731532 0.020549 0.059148 0.669711
169.347 0.267783 0.018519 0.058241 0.206943
170.366 0.227407 0.022723 0.055916 0.168877
171.39 0.229372 0.026421 0.057993 0.168738
172.418 0.68733 0.020511 0.046189 0.638494
173.44 0.651982 0.018648 0.055512 0.593857
174.459 0.699668 0.024674 0.058698 0.638325
175.485 0.223129 0.021059 0.057474 0.16302
176.507 4.76786 0.020144 0.048674 4.7165
181.296 0.69819 0.019866 0.068591 0.626977
182.317 0.159209 0.018956 0.057635 0.098959
183.339 0.144333 0.018632 0.058233 0.083445
184.359 0.151835 0.021939 0.058802 0.090403
185.382 0.142592 0.020038 0.058342 0.081523
186.403 0.141588 0.022266 0.057463 0.08153
187.426 0.148563 0.018743 0.058319 0.087634
188.446 0.134844 0.021069 0.056144 0.076004
189.468 0.139011 0.019181 0.057343 0.079025
190.488 0.142809 0.019034 0.056562 0.083603
191.508 0.137696 0.020934 0.057972 0.077055
192.531 0.137085 0.019915 0.056428 0.077948
193.552 0.147654 0.019302 0.059227 0.085768
194.572 0.140885 0.020274 0.056573 0.081681
195.594 0.142522 0.021719 0.057851 0.082021
196.616 0.145168 0.019607 0.05564 0.086898
197.637 0.13004 0.020663 0.047603 0.079765
198.659 0.130204 0.020057 0.042911 0.08367
199.68 0.125734 0.019328 0.046245 0.076848
200.7 0.126737 0.020052 0.045726 0.078392
201.721 0.139965 0.019212 0.05764 0.079535
202.742 0.145362 0.021055 0.057423 0.085311
203.764 0.129775 0.019783 0.048488 0.078655
204.785 0.125351 0.02169 0.044862 0.077847
205.808 0.130404 0.019163 0.048356 0.079386
206.828 0.133585 0.020033 0.047435 0.083372
207.849 0.128179 0.018976 0.046055 0.079502
208.869 0.130029 0.022636 0.046041 0.08129
209.893 0.148343 0.020788 0.065036 0.080619
210.915 0.136408 0.02033 0.050808 0.082941
211.936 0.146051 0.020353 0.061896 0.081517
212.958 0.135888 0.020559 0.051282 0.081932
213.98 0.151107 0.021138 0.067087 0.081402
215.002 0.145129 0.018788 0.06105 0.081441
216.022 0.142309 0.020488 0.061324 0.078277
217.043 0.145686 0.020355 0.06206 0.080862
218.065 0.138866 0.019915 0.054545 0.081672
219.086 0.139645 0.022226 0.051489 0.085491
220.11 0.146631 0.02212 0.060652 0.083303
221.133 7.23084 0.019438 0.050064 7.17812
228.384 0.189579 0.021181 0.108042 0.078902
229.406 0.143972 0.020792 0.062419 0.078899
230.428 0.145489 0.023077 0.0629 0.079951
231.452 6.80675 0.019042 0.063394 6.74062
238.28 7.65026 0.018484 0.116189 7.53137
245.949 0.203368 0.019219 0.121926 0.078622
246.97 0.710061 0.020527 0.063576 0.643843
247.992 0.31875 0.020677 0.0621 0.25403
249.013 0.14838 0.01863 0.062298 0.08346
250.033 1.14928 0.021585 0.064402 1.08212
251.205 0.995185 0.018725 0.06059 0.932005
252.225 0.144517 0.01877 0.061064 0.080843
253.245 0.791225 0.022072 0.061597 0.726961
254.268 0.895451 0.024553 0.061292 0.831554
255.294 0.86853 0.019514 0.06233 0.803503
256.316 7.65444 0.018554 0.062248 7.58953
263.99 8.20565 0.017124 0.120105 8.0829
272.214 8.45162 0.01874 0.138439 8.31053
280.685 0.907883 0.018805 0.123188 0.782096
281.705 0.147952 0.02402 0.064924 0.080413
282.73 0.235271 0.018533 0.058963 0.173714
283.75 0.23011 0.020849 0.061503 0.165974
284.772 7.73721 0.019668 0.060441 7.67414
292.53 0.287765 0.022051 0.084807 0.200364
293.553 0.894802 0.019339 0.062096 0.830089
294.574 0.870476 0.019457 0.062962 0.804903
295.595 1.57409 0.020399 0.061099 1.51019
297.19 1.42347 0.019096 0.060138 1.36073
298.634 6.42344 0.022268 0.062273 6.35852
305.08 6.07915 0.018738 0.06295 6.01353
311.179 4.59418 0.018878 0.068333 4.52317
315.793 5.99404 0.020194 0.059938 5.93143
321.81 6.47505 0.018663 0.11058 6.36185
328.305 6.69764 0.018239 0.107696 6.58731
335.022 0.734343 0.020802 0.091382 0.64033
336.044 6.64814 0.018732 0.060254 6.58522
342.712 4.84857 0.018582 0.105437 4.74047
347.58 0.838624 0.019867 0.06232 0.773675
348.601 8.07539 0.018831 0.061548 8.0112
356.696 0.239596 0.018615 0.138106 0.098837
357.716 0.210539 0.019291 0.064811 0.143087
358.736 0.622249 0.019208 0.063084 0.556542
359.757 0.795186 0.018992 0.064086 0.72845
360.789 5.47119 0.021746 0.065578 5.40285
366.283 0.144528 0.018946 0.062026 0.079871
367.303 6.90138 0.019302 0.062897 6.83583
374.225 0.234467 0.019954 0.09745 0.134371
375.246 0.151149 0.021278 0.064321 0.08419
376.269 0.915377 0.024308 0.063172 0.849572
377.294 0.191498 0.021035 0.063464 0.125392
378.316 0.149566 0.0215 0.063121 0.083609
379.339 0.188269 0.019712 0.062797 0.122807
380.36 0.144516 0.019957 0.061494 0.080348
381.381 0.1406 0.019626 0.060194 0.077788
382.401 0.149371 0.01976 0.062472 0.08428
383.422 0.134274 0.022402 0.054345 0.077298
384.446 0.149002 0.020228 0.065211 0.081099
385.467 0.146016 0.019399 0.06361 0.07976
386.487 0.146152 0.02106 0.062617 0.080907
387.51 0.14524 0.019008 0.062787 0.079848
388.53 0.152563 0.019187 0.066293 0.083675
389.55 0.14625 0.019369 0.063425 0.080179
390.571 0.149911 0.020515 0.063722 0.083494
391.592 0.147253 0.019967 0.063207 0.081327
392.613 0.144254 0.019366 0.062139 0.07948
393.634 0.150668 0.019627 0.064558 0.083506
394.654 0.149261 0.019992 0.063007 0.083596
395.675 0.144809 0.019403 0.062833 0.079247
396.696 0.143377 0.018933 0.062732 0.077994
397.716 0.145661 0.019001 0.063525 0.079481
398.736 0.140431 0.01954 0.060566 0.077226
399.757 0.139694 0.020109 0.060527 0.076531
400.778 0.132597 0.019747 0.050307 0.079568
401.799 0.132972 0.023638 0.050909 0.079391
402.824 0.150969 0.019127 0.06371 0.084563
403.861 0.147312 0.022785 0.058426 0.085825
404.884 0.148444 0.020379 0.063943 0.081859
405.906 0.152029 0.01938 0.065669 0.083729
406.927 0.162654 0.029189 0.063235 0.096765
407.957 0.160577 0.024829 0.061532 0.096109
408.983 0.154242 0.017975 0.06469 0.086928
410.003 0.147392 0.023469 0.056071 0.086524
411.027 0.156269 0.018296 0.065281 0.088284
412.047 0.152484 0.020265 0.062033 0.087768
413.068 0.133839 0.019358 0.049134 0.081992
414.089 0.138798 0.019434 0.058086 0.07805
415.11 0.157541 0.024485 0.065844 0.088969
416.135 0.135765 0.019908 0.050317 0.082694
417.156 0.132656 0.020466 0.048246 0.080131
418.178 0.131238 0.020225 0.050342 0.078251
419.199 0.126621 0.019032 0.048155 0.075827
420.22 0.130402 0.01989 0.048958 0.078821
421.241 0.147083 0.019597 0.062729 0.081637
422.262 0.163395 0.026963 0.057359 0.10107
423.29 0.141337 0.018619 0.060238 0.07847
424.31 0.152304 0.019132 0.059922 0.089763
425.33 0.129963 0.028897 0.050334 0.076984
426.36 0.13035 0.020411 0.049901 0.07786
427.382 0.144102 0.02017 0.061376 0.080042
428.403 0.126507 0.02512 0.048245 0.073477
429.43 0.127852 0.021081 0.050702 0.074518
430.452 0.146497 0.019884 0.061017 0.082754
431.473 0.140746 0.019488 0.059725 0.078326
432.493 0.140763 0.018722 0.060811 0.076916
433.513 0.155974 0.033124 0.061459 0.091696
434.548 0.159183 0.032429 0.059259 0.095963
435.581 0.150346 0.01807 0.052586 0.095074
436.601