364.003 365.549 1.24535
365.549 366.796 0.921854
366.571 367.719 1.04199
367.591 368.762 1.35958
368.613 370.123 1.1016
369.635 371.225 0.999008
370.658 372.225 1.01312
371.683 373.239 0.889731
372.704 374.13 0.646793
373.728 374.778 0.90122
374.75 375.68 1.14333
375.784 376.824 1.2504
376.805 378.076 1.52025
377.828 379.597 0.560285
378.848 380.158 0.878647
379.87 384.473 1.21355
384.474 385.688 1.13072
385.494 386.82 1.21598
386.527 388.037 0.974136
387.549 389.012 1.34948
388.571 390.364 0.913261
389.593 391.278 0.727655
390.616 392.01 0.705301
391.637 397.379 0.718647
397.378 405.978 1.24185
405.978 413.838 1.01616
413.838 421.479 0.882401
421.479 422.364 0.748853
422.503 423.291 0.588437
423.524 423.88 1.15317
424.547 425.034 0.843728
425.569 425.88 0.893999
426.59 426.826 0.617076
427.611 427.847 0.791512
428.632 429.309 0.700871
429.662 430.011 1.1486
430.682 431.16 0.830583
431.707 431.992 0.708989
432.741 433.373 0.818557
433.762 434.366 0.701205
434.783 435.42 0.713316
435.806 436.135 0.680655
436.831 437.332 1.48298
438.11 438.815 0.905203
439.133 443.791 0.636597
443.791 444.429 1.2336
444.816 450.52 0.939357
450.52 456.842 0.929267
456.842 457.772 0.844473
457.861 458.618 1.01721
458.882 459.636 1.23979
459.902 465.588 0.88349
465.588 471.377 1.21986
471.377 477.357 1.16199
477.357 478.52 0.885349
478.376 479.406 0.876359
479.396 480.284 0.991236
480.417 486.669 1.14758
486.669 487.822 0.534263
487.701 488.466 0.786879
488.722 489.386 0.781977
489.743 490.169 0.591371
490.764 490.984 1.21675
491.787 492.202 0.946864
492.809 493.418 0.857745
493.829 500.315 0.895223
500.315 501.211 0.597439
501.335 501.81 0.976296
502.359 502.787 0.930046
503.381 503.722 0.824724
504.402 504.62 1.14514
505.424 505.766 0.781426
506.444 506.668 1.06051
507.465 507.736 0.90582
508.485 508.718 1.01015
509.505 509.742 1.14071
510.527 510.883 0.940342
511.549 511.825 1.09378
512.57 512.92 0.627283
513.594 521.378 1.06445
521.378 527.904 1.18714
527.904 529.093 0.704614
528.923 529.8 1.48007
529.956 535.155 0.653614
535.155 535.811 0.900263
536.174 536.712 0.86952
537.195 537.791 0.743163
538.215 538.535 1.47822
539.236 540.014 0.76646
540.256 540.781 0.652014
541.277 541.51 1.30115
542.298 542.812 0.793394
543.319 543.607 0.908593
544.339 544.561 0.676319
545.359 545.572 0.833467
546.381 546.594 0.727057
547.402 547.618 1.01401
548.424 548.648 0.822516
549.444 557.214 1.17499
557.214 558.39 1.53924
558.259 559.93 0.917638
559.281 560.849 1.18846
560.303 562.038 0.978829
561.322 563.018 0.879899
562.343 563.898 0.687316
563.364 564.587 0.768964
564.387 565.357 0.908078
565.408 566.266 0.899496
566.429 567.167 0.746668
567.45 567.915 1.16291
568.474 569.079 1.21857
569.494 570.298 0.889068
570.517 571.188 1.0256
571.537 572.215 0.883932
572.56 573.1 0.564167
573.582 573.782 0.985206
574.602 574.804 0.781071
575.624 575.812 0.690302
576.644 576.84 0.844227
577.668 578.447 0.553163
578.691 579.001 1.02205
579.711 580.057 0.665184
580.735 580.929 0.625113
581.756 581.955 1.06184
582.776 583.017 0.848812
583.796 584 1.53368
584.818 585.535 0.806116
585.844 586.343 1.46376
586.866 587.807 0.741401
587.885 588.55 1.12561
588.906 589.676 1.37034
589.927 591.048 0.862634
590.947 591.912 1.23576
591.969 593.149 0.836973
592.991 593.987 0.806092
594.011 594.794 0.705548
595.04 595.5 0.58574
596.06 596.277 0.74208
597.097 597.287 1.46099
598.118 598.749 0.689994
599.139 599.44 1.29279
600.159 600.734 0.806969
601.18 601.542 0.916213
602.2 602.459 1.41345
603.221 603.873 0.995476
604.241 604.87 1.61168
605.262 606.483 0.588154
606.282 607.072 1.24687
607.317 608.32 1.31387
608.338 609.635 0.633083
609.374 610.269 0.795716
610.393 611.065 1.3485
611.416 612.415 0.903994
612.447 613.321 0.950776
613.468 614.273 0.484023
614.498 614.758 0.74127
615.518 615.711 1.01481
616.537 616.751 0.712024
617.558 617.758 1.02782
618.58 618.802 0.778231
619.601 619.811 0.652665
620.629 627.244 0.875116
627.244 628.12 0.910108
628.263 629.031 0.571814
629.283 629.604 0.986525
630.303 630.591 1.29833
631.324 631.891 0.731205
632.344 632.623 1.28412
633.365 633.908 1.01643
634.386 634.926 0.649303
635.406 635.577 1.01735
636.427 636.595 0.642077
637.449 637.586 0.517074
638.47 638.608 0.761759
639.491 639.623 1.24768
640.511 640.872 0.628381
641.532 641.672 1.13283
642.554 642.806 1.06923
643.575 643.876 0.899176
644.598 644.776 0.592226
645.618 645.755 1.2004
646.638 646.957 0.460002
647.659 647.793 0.606797
648.68 648.815 1.26158
649.7 650.078 1.08895
650.72 651.168 1.08771
651.74 652.256 0.636276
652.761 652.907 0.778252
653.781 653.918 1.01456
654.802 654.954 0.795174
655.824 655.955 1.17626
656.844 657.132 1.01786
657.867 658.151 0.845106
658.89 659.035 0.62332
659.91 660.049 0.480351
660.93 661.064 0.821212
661.951 662.09 1.74993
662.971 663.841 0.844272
663.992 664.687 0.816549
665.012 665.504 0.779207
