366.571 370.057 0.038463
366.571 370.096 0.031075
367.591 370.167 0.028675
367.591 370.268 0.027852
367.591 370.369 0.026305
367.591 370.471 0.024652
367.591 370.572 0.025599
367.591 370.673 0.025924
367.591 370.774 0.024266
367.591 370.876 0.023317
367.591 370.977 0.022926
367.591 371.078 0.023611
367.591 371.179 0.022519
368.613 371.28 0.023137
368.613 371.381 0.022274
368.613 371.482 0.024173
368.613 371.584 0.022654
368.613 371.685 0.023756
368.613 371.791 0.022894
368.613 371.893 0.024426
368.613 371.994 0.022047
368.613 372.097 0.021711
368.613 372.198 0.021761
369.635 372.299 0.022402
369.635 372.4 0.021897
369.635 372.501 0.0236
369.635 372.602 0.022869
369.635 372.703 0.021585
369.635 372.804 0.022017
369.635 372.905 0.021891
369.635 373.036 0.021903
369.635 373.137 0.023367
369.635 373.238 0.021716
370.658 373.339 0.022314
370.658 373.44 0.023324
370.658 373.541 0.022637
370.658 373.642 0.022914
370.658 373.743 0.023011
370.658 373.848 0.022695
370.658 373.949 0.0226
370.658 374.05 0.022261
371.683 374.15 0.022564
371.683 374.251 0.021942
371.683 374.352 0.022589
371.683 374.454 0.02236
371.683 374.556 0.022332
371.683 374.657 0.023238
371.683 374.758 0.023433
372.704 374.859 0.021822
372.704 374.966 0.021889
372.704 375.066 0.023062
372.704 375.167 0.023264
372.704 375.268 0.022167
372.704 375.369 0.022409
372.704 375.47 0.023486
372.704 375.571 0.022499
372.704 375.672 0.022715
373.728 375.773 0.022783
373.728 375.874 0.023417
373.728 375.976 0.022365
373.728 376.077 0.02281
373.728 376.178 0.022972
373.728 376.279 0.022847
373.728 376.38 0.022485
373.728 376.481 0.023031
373.728 376.582 0.022976
373.728 376.683 0.02261
373.728 376.785 0.023291
374.75 376.886 0.023066
374.75 376.987 0.022232
374.75 377.088 0.022535
374.75 377.189 0.022765
374.75 377.293 0.021965
374.75 377.399 0.022567
374.75 377.5 0.022378
374.75 377.601 0.022499
374.75 377.702 0.022845
374.75 377.803 0.022417
374.75 377.904 0.02292
374.75 378.005 0.022022
375.784 378.109 0.02169
375.784 378.211 0.022213
375.784 378.312 0.022707
375.784 378.413 0.022507
375.784 378.514 0.02248
375.784 378.615 0.023277
375.784 378.716 0.022545
375.784 378.817 0.022525
375.784 378.918 0.022275
375.784 379.019 0.022406
375.784 379.121 0.022854
375.784 379.222 0.022201
375.784 379.323 0.021864
375.784 379.425 0.021847
375.784 379.526 0.022389
376.805 379.627 0.022359
376.805 379.728 0.021658
376.805 379.829 0.022313
376.805 379.93 0.022673
376.805 380.032 0.022378
376.805 380.133 0.022396
377.828 380.234 0.022739
377.828 380.335 0.021883
377.828 380.436 0.021965
377.828 380.537 0.022067
377.828 380.638 0.021916
377.828 380.739 0.022555
377.828 380.841 0.022337
377.828 380.942 0.022416
378.848 381.044 0.021918
378.848 381.145 0.021935
378.848 381.246 0.022197
378.848 381.347 0.021359
378.848 381.448 0.02174
378.848 381.549 0.021893
378.848 381.65 0.02156
378.848 381.753 0.022215
378.848 381.854 0.021871
378.848 381.955 0.022811
378.848 382.056 0.021595
378.848 382.158 0.022362
378.848 382.259 0.021875
378.848 382.36 0.0217
378.848 382.463 0.021777
378.848 382.564 0.021779
378.848 382.665 0.021674
378.848 382.766 0.022014
378.848 382.867 0.022016
378.848 382.968 0.022023
378.848 383.069 0.021617
378.848 383.171 0.021922
378.848 383.273 0.022159
378.848 383.374 0.022842
378.848 383.475 0.021861
378.848 383.576 0.022043
378.848 383.677 0.022365
378.848 383.778 0.021675
378.848 383.879 0.022555
378.848 383.98 0.022079
378.848 384.081 0.022083
378.848 384.183 0.021794
378.848 384.284 0.022453
378.848 384.386 0.021826
378.848 384.497 0.021652
378.848 384.601 0.021672
378.848 384.702 0.02236
378.848 384.803 0.022255
378.848 384.904 0.022233
378.848 385.005 0.022069
378.848 385.106 0.022147
378.848 385.207 0.022359
378.848 385.308 0.022148
378.848 385.409 0.022665
378.848 385.51 0.022254
378.848 385.611 0.021537
379.87 385.712 0.022294
379.87 385.834 0.021643
379.87 385.937 0.022408
379.87 386.038 0.022305
379.87 386.139 0.022117
379.87 386.24 0.022465
379.87 386.342 0.021894
379.87 386.443 0.022103
379.87 386.545 0.022035
379.87 386.646 0.022576
379.87 386.747 0.022674
384.474 386.848 0.021783
384.474 386.952 0.021503
384.474 387.053 0.022435
384.474 387.154 0.022241
384.474 387.256 0.021891
384.474 387.357 0.022279
384.474 387.458 0.02342
384.474 387.559 0.023315
384.474 387.666 0.022113
384.474 387.767 0.021905
384.474 387.868 0.022131
384.474 387.969 0.021851
385.494 388.071 0.021665
385.494 388.172 0.021413
385.494 388.273 0.022405
385.494 388.374 0.021907
385.494 388.475 0.022618
385.494 388.576 0.022115
385.494 388.677 0.021866
385.494 388.778 0.022249
385.494 388.879 0.022534
385.494 388.98 0.022102
386.527 389.081 0.02175
386.527 389.182 0.020883
386.527 389.283 0.021874
386.527 389.384 0.022504
386.527 389.485 0.022126
386.527 389.586 0.022673
386.527 389.687 0.023286
386.527 389.788 0.022256
386.527 389.89 0.021658
386.527 389.992 0.023151
386.527 390.092 0.021821
386.527 390.195 0.02276
386.527 390.296 0.021975
387.549 390.397 0.021999
387.549 390.498 0.021805
387.549 390.6 0.022045
387.549 390.701 0.022153
387.549 390.802 0.022087
387.549 390.903 0.021828
387.549 391.004 0.022713
387.549 391.105 0.022097
387.549 391.206 0.022175
388.571 391.308 0.021692
388.571 391.409 0.021705
388.571 391.51 0.021664
388.571 391.611 0.022284
388.571 391.712 0.021869
388.571 391.813 0.022133
388.571 391.914 0.022148
389.593 392.015 0.021724
389.593 392.116 0.021561
389.593 392.217 0.021452
389.593 392.318 0.022045
389.593 392.423 0.021985
389.593 392.524 0.022399
389.593 392.625 0.022362
390.616 392.726 0.021613
390.616 392.827 0.021709
390.616 392.928 0.021837
390.616 393.029 0.021758
390.616 393.13 0.021863
390.616 393.231 0.021583
390.616 393.332 0.021298
390.616 393.433 0.02141
390.616 393.534 0.021339
390.616 393.635 0.020902
390.616 393.737 0.021368
390.616 393.838 0.021865
390.616 393.939 0.021341
390.616 394.041 0.021343
390.616 394.142 0.021406
390.616 394.243 0.021684
390.616 394.344 0.021424
390.616 394.445 0.021779
390.616 394.546 0.021637
390.616 394.647 0.021507
390.616 394.748 0.021926
390.616 394.849 0.021874
390.616 394.95 0.021761
390.616 395.051 0.021631
390.616 395.152 0.021485
390.616 395.253 0.021523
390.616 395.355 0.021462
390.616 395.456 0.022943
390.616 395.557 0.021877
390.616 395.658 0.021308
390.616 395.761 0.021691
390.616 395.862 0.022787
390.616 395.963 0.021959
390.616 396.064 0.021813
390.616 396.166 0.024319
390.616 396.267 0.021808
390.616 396.368 0.021509
390.616 396.47 0.021854
390.616 396.571 0.021871
390.616 396.672 0.021911
390.616 396.773 0.021467
390.616 396.874 0.021776
390.616 396.975 0.022048
390.616 397.076 0.021337
390.616 397.177 0.021585
390.616 397.278 0.022035
390.616 397.379 0.021334
390.616 397.52 0.021173
390.616 397.621 0.021746
390.616 397.722 0.021507
390.616 397.823 0.022242
390.616 397.925 0.022059
390.616 398.026 0.021758
391.637 398.127 0.021754
391.637 398.228 0.021479
391.637 398.33 0.021684
391.637 398.431 0.021327
391.637 398.532 0.021208
391.637 398.633 0.021314
391.637 398.734 0.021587
391.637 398.835 0.021362
391.637 398.936 0.021128
391.637 399.037 0.021441
391.637 399.139 0.021344
391.637 399.24 0.021552
391.637 399.34 0.021324
391.637 399.442 0.02219
391.637 399.543 0.021641
391.637 399.644 0.021811
391.637 399.745 0.021395
391.637 399.846 0.021688
391.637 399.947 0.021633
391.637 400.048 0.02137
391.637 400.15 0.02137
391.637 400.251 0.021569
391.637 400.352 0.022404
391.637 400.453 0.021672
391.637 400.555 0.021677
391.637 400.655 0.022344
391.637 400.756 0.021743
391.637 400.857 0.021324
391.637 400.96 0.022318
391.637 401.061 0.021699
391.637 401.162 0.021641
391.637 401.263 0.021475
391.637 401.364 0.021619
391.637 401.465 0.022161
391.637 401.567 0.021887
391.637 401.668 0.021502
391.637 401.769 0.021682
391.637 401.87 0.021766
391.637 401.971 0.022549
391.637 402.073 0.02156
391.637 402.174 0.021948
391.637 402.275 0.021819
391.637 402.376 0.021352
391.637 402.5 0.022786
391.637 402.585 0.022644
391.637 402.689 0.021589
391.637 402.793 0.02154
391.637 402.897 0.021409
391.637 402.998 0.021493
391.637 403.1 0.022047
391.637 403.201 0.02158
391.637 403.302 0.021337
391.637 403.403 0.021669
391.637 403.505 0.022083
391.637 403.606 0.021445
391.637 403.707 0.021359
391.637 403.809 0.021446
391.637 403.91 0.021359
391.637 404.012 0.02188
391.637 404.113 0.021249
391.637 404.215 0.021559
391.637 404.317 0.021721
391.637 404.418 0.023725
391.637 404.519 0.021305
391.637 404.62 0.021397
391.637 404.721 0.021347
391.637 404.822 0.021829
391.637 404.924 0.021168
391.637 405.025 0.021294
391.637 405.126 0.021669
391.637 405.228 0.021267
391.637 405.33 0.021388
391.637 405.431 0.021891
391.637 405.532 0.022031
391.637 405.633 0.02128
391.637 405.736 0.021328
391.637 405.837 0.022275
391.637 405.938 0.021746
391.637 406.039 0.02139
391.637 406.141 0.022394
391.637 406.242 0.021191
391.637 406.343 0.022162
391.637 406.445 0.022151
391.637 406.547 0.021508
391.637 406.648 0.021947
391.637 406.749 0.022524
391.637 406.851 0.022043
391.637 406.952 0.0216
391.637 407.053 0.021844
391.637 407.155 0.021429
397.378 407.256 0.020836
397.378 407.357 0.020891
397.378 407.458 0.021376
397.378 407.559 0.021589
397.378 407.66 0.0213
397.378 407.761 0.021325
397.378 407.862 0.020987
397.378 407.963 0.021075
397.378 408.065 0.021624
397.378 408.166 0.021269
397.378 408.267 0.021395
397.378 408.368 0.021917
397.378 408.47 0.021179
397.378 408.571 0.021288
397.378 408.672 0.021692
397.378 408.773 0.021308
397.378 408.874 0.021066
397.378 408.976 0.021744
397.378 409.077 0.021669
397.378 409.178 0.021319
397.378 409.28 0.021897
397.378 409.381 0.021709
397.378 409.482 0.02139
397.378 409.583 0.021956
397.378 409.683 0.021046
397.378 409.785 0.021612
397.378 409.886 0.021887
397.378 409.987 0.022469
397.378 410.088 0.021153
397.378 410.189 0.021123
397.378 410.29 0.021058
397.378 410.391 0.02202
397.378 410.492 0.021062
397.378 410.595 0.021051
397.378 410.696 0.021371
397.378 410.797 0.022526
397.378 410.898 0.021208
397.378 410.999 0.02112
397.378 411.1 0.021634
397.378 411.201 0.021537
397.378 411.302 0.021261
397.378 411.403 0.021291
397.378 411.505 0.021794
397.378 411.606 0.021456
397.378 411.707 0.021217
397.378 411.808 0.021398
397.378 411.91 0.021606
397.378 412.011 0.021318
397.378 412.112 0.021611
397.378 412.213 0.022092
397.378 412.315 0.02142
397.378 412.416 0.022491
397.378 412.518 0.0214
397.378 412.619 0.021657
397.378 412.72 0.021404
397.378 412.821 0.021866
397.378 412.923 0.02105
397.378 413.024 0.021856
397.378 413.125 0.021469
397.378 413.226 0.021426
397.378 413.327 0.021299
397.378 413.428 0.02128
397.378 413.53 0.023713
397.378 413.631 0.021438
397.378 413.732 0.021273
397.378 413.833 0.021378
397.378 413.934 0.021493
397.378 414.035 0.021405
397.378 414.137 0.021155
397.378 414.238 0.021278
397.378 414.34 0.021382
397.378 414.441 0.021805
397.378 414.542 0.021796
397.378 414.645 0.021666
397.378 414.746 0.021915
397.378 414.847 0.021382
405.978 414.948 0.021266
405.978 415.049 0.022402
405.978 415.15 0.021501
405.978 415.251 0.021609
405.978 415.352 0.021038
405.978 415.455 0.022192
405.978 415.556 0.021676
405.978 415.657 0.021503
405.978 415.758 0.021207
405.978 415.859 0.021122
405.978 415.961 0.021495
405.978 416.062 0.021824
405.978 416.163 0.021058
405.978 416.264 0.021329
405.978 416.365 0.021322
405.978 416.466 0.021572
405.978 416.567 0.021364
405.978 416.668 0.021448
405.978 416.769 0.022113
405.978 416.87 0.021204
405.978 416.971 0.021254
405.978 417.072 0.02145
405.978 417.173 0.021352
405.978 417.274 0.021473
405.978 417.375 0.021004
405.978 417.477 0.021412
405.978 417.578 0.021536
405.978 417.679 0.021645
405.978 417.78 0.021272
405.978 417.881 0.021184
405.978 417.983 0.022195
405.978 418.083 0.021685
405.978 418.184 0.021367
405.978 418.287 0.021231
405.978 418.388 0.021554
405.978 418.489 0.022272
405.978 418.59 0.020914
405.978 418.691 0.021246
405.978 418.792 0.021414
405.978 418.893 0.021884
405.978 418.994 0.021134
405.978 419.095 0.021137
405.978 419.196 0.021637
405.978 419.298 0.021341
405.978 419.399 0.021347
405.978 419.5 0.021301
405.978 419.601 0.021153
405.978 419.702 0.02136
405.978 419.803 0.023435
405.978 419.909 0.021196
405.978 420.015 0.021554
405.978 420.116 0.021428
405.978 420.217 0.021692
405.978 420.318 0.021093
405.978 420.42 0.021352
405.978 420.521 0.021823
405.978 420.622 0.021367
405.978 420.723 0.02112
405.978 420.824 0.023407
405.978 420.925 0.021514
405.978 421.026 0.021508
405.978 421.127 0.023095
405.978 421.228 0.021206
405.978 421.329 0.021548
405.978 421.43 0.022232
405.978 421.531 0.020658
405.978 421.632 0.021408
405.978 421.733 0.021156
405.978 421.834 0.021674
405.978 421.936 0.022045
405.978 422.037 0.021428
405.978 422.138 0.021642
405.978 422.24 0.022042
405.978 422.342 0.021514
413.838 422.444 0.02176
413.838 422.545 0.021689
413.838 422.646 0.021436
413.838 422.747 0.021481
413.838 422.849 0.021813
413.838 422.95 0.022399
413.838 423.051 0.021558
421.479 423.152 0.021214
421.479 423.254 0.021856
421.479 423.355 0.021306
421.479 423.456 0.021345
421.479 423.557 0.021326
421.479 423.658 0.021657
421.479 423.76 0.021583
421.479 423.861 0.021846
422.503 423.962 0.021262
422.503 424.063 0.021383
422.503 424.164 0.021864
422.503 424.266 0.021567
422.503 424.367 0.021776
422.503 424.468 0.021838
422.503 424.57 0.021742
422.503 424.671 0.021762
422.503 424.772 0.021855
422.503 424.873 0.022011
422.503 424.974 0.021859
423.524 425.075 0.02132
423.524 425.176 0.020729
423.524 425.277 0.021905
423.524 425.378 0.022293
423.524 425.479 0.0219
423.524 425.581 0.021614
423.524 425.682 0.021715
423.524 425.786 0.022309
424.547 425.887 0.021194
424.547 425.989 0.021265
424.547 426.09 0.021355
424.547 426.192 0.022072
424.547 426.293 0.022077
424.547 426.394 0.021729
424.547 426.495 0.021802
424.547 426.596 0.021845
424.547 426.7 0.021985
425.569 426.807 0.021361
425.569 426.908 0.021697
425.569 427.009 0.021169
425.569 427.112 0.021258
425.569 427.213 0.021717
425.569 427.314 0.021799
425.569 427.415 0.021935
426.59 427.516 0.02138
426.59 427.618 0.0216
426.59 427.719 0.020925
426.59 427.821 0.02121
426.59 427.922 0.021637
426.59 428.024 0.020856
426.59 428.125 0.021295
426.59 428.226 0.022217
426.59 428.327 0.020602
426.59 428.428 0.020832
426.59 428.529 0.022096
426.59 428.63 0.021182
427.611 428.731 0.020682
427.611 428.835 0.020704
427.611 428.938 0.021143
427.611 429.042 0.020825
427.611 429.164 0.021242
427.611 429.287 0.021006
427.611 429.388 0.020822
427.611 429.489 0.021183
427.611 429.59 0.020696
427.611 429.691 0.02062
427.611 429.793 0.021649
427.611 429.894 0.020953
427.611 429.995 0.021049
428.632 430.1 0.021343
428.632 430.201 0.020871
428.632 430.302 0.020934
428.632 430.403 0.021462
428.632 430.504 0.021197
428.632 430.605 0.021167
428.632 430.706 0.021217
428.632 430.807 0.021385
428.632 430.908 0.02164
428.632 431.018 0.021127
428.632 431.119 0.021221
429.662 431.22 0.020971
429.662 431.321 0.021177
429.662 431.422 0.021122
429.662 431.523 0.021555
429.662 431.624 0.020982
429.662 431.736 0.020894
429.662 431.857 0.021017
429.662 431.964 0.020959
430.682 432.065 0.02229
430.682 432.201 0.022449
430.682 432.303 0.02126
430.682 432.404 0.021033
430.682 432.505 0.02283
430.682 432.606 0.021794
431.707 432.706 0.02184
431.707 432.807 0.020878
431.707 432.909 0.020975
431.707 433.009 0.021267
431.707 433.11 0.02117
431.707 433.211 0.020548
431.707 433.312 0.021926
431.707 433.413 0.020982
431.707 433.514 0.021208
431.707 433.617 0.021588
431.707 433.72 0.022131
431.707 433.82 0.021464
431.707 433.922 0.02205
431.707 434.026 0.021864
431.707 434.127 0.021807
432.741 434.228 0.021252
432.741 434.343 0.021469
432.741 434.444 0.021186
432.741 434.545 0.021589
432.741 434.668 0.021468
432.741 434.77 0.022027
432.741 434.982 0.021558
433.762 435.093 0.021591
433.762 435.194 0.021715
433.762 435.295 0.021208
433.762 435.398 0.021039
433.762 435.499 0.022421
433.762 435.6 0.021949
433.762 435.701 0.021945
433.762 435.803 0.022174
433.762 435.911 0.021792
433.762 436.012 0.02172
433.762 436.113 0.021497
434.783 436.214 0.021581
434.783 436.315 0.021243
434.783 436.416 0.021603
434.783 436.519 0.021799
434.783 436.62 0.021887
434.783 436.721 0.021827
435.806 436.844 0.021659
435.806 436.945 0.020528
435.806 437.309 0.021582
435.806 437.41 0.021694
435.806 437.511 0.021289
435.806 437.617 0.02176
435.806 437.718 0.022997
435.806 437.819 0.021734
435.806 437.92 0.021773
435.806 438.021 0.02201
435.806 438.122 0.021885
435.806 438.223 0.021644
435.806 438.324 0.022075
435.806 438.425 0.021906
435.806 438.527 0.021642
435.806 438.628 0.022264
435.806 438.729 0.021526
436.831 438.83 0.021489
436.831 438.931 0.02165
436.831 439.032 0.021089
436.831 439.133 0.023214
436.831 439.235 0.021605
436.831 439.336 0.021873
436.831 439.437 0.021675
436.831 439.538 0.021943
436.831 439.639 0.021809
438.11 439.74 0.021107
438.11 439.847 0.021402
438.11 439.948 0.021515
438.11 440.049 0.021152
438.11 440.15 0.021002
438.11 440.251 0.021765
438.11 440.36 0.021194
438.11 440.461 0.02055
438.11 440.57 0.020508
438.11 440.676 0.021319
438.11 440.777 0.02161
438.11 440.878 0.021378
438.11 440.979 0.021216
438.11 441.081 0.021698
438.11 441.182 0.022451
438.11 441.283 0.021241
438.11 441.384 0.021516
438.11 441.485 0.021563
438.11 441.586 0.021707
438.11 441.687 0.021511
438.11 441.788 0.021357
438.11 441.889 0.021315
438.11 441.991 0.021387
438.11 442.092 0.021675
438.11 442.193 0.021159
438.11 442.294 0.021335
438.11 442.397 0.021302
438.11 442.498 0.021332
438.11 442.599 0.021189
438.11 442.7 0.021473
438.11 442.801 0.02173
438.11 442.902 0.02139
438.11 443.003 0.021702
438.11 443.104 0.021154
438.11 443.227 0.021244
438.11 443.328 0.021647
438.11 443.429 0.021247
438.11 443.53 0.021844
438.11 443.631 0.021678
438.11 443.732 0.021328
438.11 443.837 0.021008
438.11 443.938 0.021542
438.11 444.039 0.021401
438.11 444.34 0.022001
439.133 444.441 0.021319
439.133 444.546 0.021527
439.133 444.651 0.021428
439.133 444.752 0.021898
439.133 444.853 0.021469
439.133 444.954 0.022067
439.133 445.055 0.022452
439.133 445.156 0.021763
439.133 445.257 0.022026
439.133 445.358 0.022071
439.133 445.459 0.021638
439.133 445.561 0.022824
439.133 445.662 0.022426
443.791 445.763 0.021356
443.791 445.863 0.021684
443.791 445.964 0.02206
443.791 446.065 0.02137
443.791 446.166 0.021987
443.791 446.272 0.022033
443.791 446.373 0.02137
443.791 446.474 0.021779
443.791 446.575 0.021448
443.791 446.676 0.021435
443.791 446.777 0.021289
443.791 446.878 0.021458
443.791 446.978 0.023001
443.791 447.079 0.0214
443.791 447.18 0.021583
443.791 447.281 0.021958
443.791 447.382 0.021671
443.791 447.483 0.02235
443.791 447.585 0.02165
443.791 447.686 0.021399
443.791 447.787 0.021472
443.791 447.91 0.021713
443.791 448.011 0.021465
443.791 448.112 0.021518
443.791 448.213 0.021306
443.791 448.315 0.022269
443.791 448.415 0.022249
443.791 448.517 0.021428
443.791 448.618 0.021265
443.791 448.719 0.022122
443.791 448.82 0.022043
443.791 448.921 0.021129
443.791 449.023 0.02152
443.791 449.123 0.021924
443.791 449.225 0.021301
443.791 449.326 0.021486
443.791 449.427 0.02181
443.791 449.528 0.022976
443.791 449.629 0.021463
443.791 449.73 0.021968
443.791 449.831 0.021425
443.791 449.932 0.021297
443.791 450.033 0.021933
443.791 450.134 0.021953
443.791 450.235 0.021307
443.791 450.336 0.021602
443.791 450.437 0.02129
443.791 450.538 0.020966
443.791 450.642 0.021577
443.791 450.743 0.021681
443.791 450.845 0.021996
443.791 450.946 0.021811
443.791 451.047 0.021834
443.791 451.148 0.021873
443.791 451.249 0.022182
443.791 451.35 0.021862
443.791 451.451 0.021628
444.816 451.552 0.02142
444.816 451.656 0.021565
444.816 451.757 0.021658
444.816 451.858 0.021112
444.816 451.959 0.022092
444.816 452.06 0.021887
444.816 452.161 0.021224
444.816 452.262 0.021902
444.816 452.363 0.021567
444.816 452.464 0.021168
444.816 452.565 0.021406
444.816 452.666 0.021607
444.816 452.767 0.021504
444.816 452.87 0.021317
444.816 452.971 0.021661
444.816 453.072 0.021308
444.816 453.173 0.021907
444.816 453.276 0.021464
444.816 453.377 0.021805
444.816 453.478 0.021175
444.816 453.579 0.021505
444.816 453.68 0.023183
444.816 453.781 0.021275
444.816 453.885 0.021408
444.816 453.986 0.021597
444.816 454.087 0.021327
444.816 454.189 0.02184
444.816 454.29 0.02185
444.816 454.391 0.022495
444.816 454.492 0.022199
444.816 454.593 0.021459
444.816 454.694 0.021336
444.816 454.795 0.021532
444.816 454.896 0.022482
444.816 454.997 0.021361
444.816 455.098 0.021088
444.816 455.2 0.021357
444.816 455.301 0.02216
444.816 455.402 0.021259
444.816 455.503 0.021384
444.816 455.605 0.022185
444.816 455.706 0.021102
444.816 455.807 0.021179
444.816 455.908 0.021369
444.816 456.009 0.021284
444.816 456.11 0.021187
444.816 456.211 0.021178
444.816 456.312 0.02125
444.816 456.413 0.021514
444.816 456.516 0.021452
444.816 456.617 0.021398
444.816 456.718 0.021171
444.816 456.819 0.02182
444.816 456.92 0.021305
444.816 457.021 0.021114
444.816 457.122 0.020885
444.816 457.223 0.021541
444.816 457.326 0.021879
444.816 457.427 0.021675
444.816 457.529 0.021523
444.816 457.63 0.021789
444.816 457.731 0.022017
450.52 457.832 0.021215
450.52 457.933 0.021412
450.52 458.034 0.021487
450.52 458.135 0.021529
450.52 458.24 0.021335
450.52 458.338 0.021294
450.52 458.439 0.021828
450.52 458.54 0.021792
456.842 458.641 0.021463
456.842 458.742 0.021293
456.842 458.843 0.021772
456.842 458.944 0.021542
456.842 459.045 0.021393
456.842 459.146 0.021509
456.842 459.247 0.02205
456.842 459.348 0.021707
456.842 459.449 0.021487
456.842 459.55 0.021899
457.861 459.651 0.021287
457.861 459.752 0.021386
457.861 459.853 0.021194
457.861 459.954 0.021107
457.861 460.055 0.021857
457.861 460.156 0.021897
457.861 460.258 0.021476
457.861 460.359 0.021434
457.861 460.46 0.021465
457.861 460.561 0.021487
457.861 460.662 0.021449
457.861 460.763 0.021656
457.861 460.864 0.021399
458.882 460.965 0.021636
458.882 461.066 0.021336
458.882 461.167 0.021303
458.882 461.268 0.021711
458.882 461.369 0.021482
458.882 461.47 0.021211
458.882 461.571 0.021164
458.882 461.672 0.021143
458.882 461.774 0.02108
458.882 461.875 0.021929
458.882 461.976 0.021257
458.882 462.077 0.021067
458.882 462.178 0.021583
458.882 462.279 0.0213
458.882 462.38 0.021434
458.882 462.481 0.021874
458.882 462.582 0.021313
458.882 462.683 0.021085
458.882 462.784 0.021639
458.882 462.885 0.021198
458.882 462.986 0.021188
458.882 463.087 0.021397
458.882 463.188 0.021745
458.882 463.289 0.021077
458.882 463.394 0.021463
458.882 463.495 0.021406
458.882 463.596 0.021015
458.882 463.718 0.021272
458.882 463.819 0.021025
458.882 463.92 0.02136
458.882 464.021 0.02113
458.882 464.122 0.021108
458.882 464.223 0.021575
458.882 464.324 0.021766
458.882 464.425 0.02113
458.882 464.526 0.021387
458.882 464.627 0.021526
458.882 464.728 0.020874
458.882 464.838 0.021082
458.882 464.938 0.021397
458.882 465.039 0.021472
458.882 465.141 0.021062
458.882 465.242 0.021798
458.882 465.343 0.021255
458.882 465.444 0.021186
458.882 465.545 0.021167
458.882 465.646 0.021284
458.882 465.747 0.020736
458.882 465.869 0.021334
458.882 465.97 0.021378
458.882 466.071 0.021891
458.882 466.172 0.021475
458.882 466.273 0.021632
458.882 466.375 0.021603
459.902 466.475 0.020467
459.902 466.577 0.021307
459.902 466.699 0.021672
459.902 466.8 0.020891
459.902 466.902 0.021643
459.902 467.003 0.021888
459.902 467.103 0.020886
459.902 467.204 0.02094
459.902 467.306 0.021114
459.902 467.406 0.020994
459.902 467.507 0.021344
459.902 467.609 0.021394
459.902 467.71 0.020436
459.902 467.811 0.02127
459.902 467.912 0.021283
459.902 468.013 0.020827
459.902 468.114 0.021034
459.902 468.214 0.021618
459.902 468.315 0.021025
459.902 468.42 0.021226
459.902 468.521 0.021572
459.902 468.622 0.021137
459.902 468.723 0.021335
459.902 468.824 0.021349
459.902 468.925 0.021251
459.902 469.026 0.021081
459.902 469.127 0.021578
459.902 469.228 0.021611
459.902 469.329 0.021354
459.902 469.43 0.021254
459.902 469.531 0.021485
459.902 469.633 0.021252
459.902 469.734 0.021351
459.902 469.835 0.021306
459.902 469.936 0.021238
459.902 470.037 0.021113
459.902 470.139 0.021152
459.902 470.24 0.020845
459.902 470.341 0.021239
459.902 470.442 0.021288
459.902 470.543 0.021073
459.902 470.645 0.021271
459.902 470.746 0.021371
459.902 470.847 0.021019
459.902 470.949 0.021182
459.902 471.05 0.021214
459.902 471.152 0.021282
459.902 471.253 0.021114
459.902 471.354 0.022291
459.902 471.457 0.020701
459.902 471.558 0.021068
459.902 471.659 0.021652
459.902 471.76 0.02146
459.902 471.861 0.022595
459.902 471.962 0.021081
459.902 472.063 0.021079
459.902 472.164 0.02041
459.902 472.267 0.020575
459.902 472.368 0.020542
459.902 472.469 0.020431
459.902 472.57 0.020532
465.588 472.673 0.020911
465.588 472.774 0.020507
465.588 472.875 0.020771
465.588 472.977 0.020662
465.588 473.078 0.021679
465.588 473.178 0.020773
465.588 473.279 0.02074
465.588 473.382 0.020917
465.588 473.483 0.02122
465.588 473.585 0.021053
465.588 473.686 0.020783
465.588 473.788 0.020963
465.588 473.889 0.020773
465.588 473.99 0.021733
465.588 474.099 0.020485
465.588 474.2 0.020702
465.588 474.323 0.0208
465.588 474.424 0.021295
465.588 474.526 0.020949
465.588 474.627 0.020926
465.588 474.75 0.021393
465.588 474.851 0.021032
465.588 474.952 0.020824
465.588 475.055 0.021074
465.588 475.156 0.021196
465.588 475.257 0.021264
465.588 475.358 0.020719
465.588 475.46 0.020753
465.588 475.583 0.021165
465.588 475.684 0.020834
465.588 475.806 0.020917
465.588 475.929 0.020961
465.588 476.039 0.020395
465.588 476.14 0.020802
465.588 476.262 0.021351
465.588 476.363 0.021067
465.588 476.464 0.020766
465.588 476.566 0.021078
465.588 476.667 0.021815
465.588 476.769 0.020996
465.588 476.87 0.020974
465.588 476.992 0.020989
465.588 477.094 0.02086
465.588 477.195 0.02136
465.588 477.296 0.020971
465.588 477.397 0.020742
465.588 477.498 0.020931
465.588 477.6 0.021096
465.588 477.701 0.020685
465.588 477.802 0.020865
465.588 477.903 0.021843
465.588 478.004 0.020862
465.588 478.113 0.02085
465.588 478.214 0.020795
465.588 478.316 0.022636
465.588 478.417 0.021965
465.588 478.518 0.02166
471.377 478.619 0.020759
471.377 478.72 0.020534
471.377 478.821 0.020533
471.377 478.922 0.020964
471.377 479.024 0.021799
471.377 479.125 0.02096
471.377 479.226 0.021549
471.377 479.327 0.020556
477.357 479.428 0.020609
477.357 479.529 0.02096
477.357 479.63 0.020484
477.357 479.731 0.020802
477.357 479.833 0.020858
477.357 479.934 0.020664
477.357 480.035 0.020833
477.357 480.136 0.021178
477.357 480.237 0.020829
478.376 480.342 0.020641
478.376 480.443 0.020645
478.376 480.545 0.020932
478.376 480.646 0.020578
478.376 480.747 0.020994
478.376 480.848 0.020838
478.376 480.949 0.02085
478.376 481.05 0.021116
478.376 481.151 0.020893
478.376 481.253 0.020771
479.396 481.353 0.02119
479.396 481.454 0.021152
479.396 481.556 0.020488
479.396 481.656 0.020852
479.396 481.757 0.021839
479.396 481.859 0.020989
479.396 481.959 0.021659
479.396 482.061 0.020867
479.396 482.161 0.021141
479.396 482.262 0.021288
479.396 482.363 0.020454
479.396 482.464 0.020713
479.396 482.565 0.020773
479.396 482.666 0.020552
479.396 482.767 0.020775
479.396 482.868 0.020818
479.396 482.969 0.020954
479.396 483.07 0.02095
479.396 483.171 0.020844
479.396 483.272 0.021172
479.396 483.373 0.020799
479.396 483.474 0.020763
479.396 483.575 0.020954
479.396 483.677 0.020777
479.396 483.777 0.021106
479.396 483.878 0.021475
479.396 483.979 0.020874
479.396 484.08 0.021273
479.396 484.181 0.021068
479.396 484.282 0.020668
479.396 484.385 0.020814
479.396 484.486 0.021283
479.396 484.587 0.020903
479.396 484.688 0.020975
479.396 484.789 0.020923
479.396 484.89 0.020405
479.396 484.991 0.020889
479.396 485.092 0.021251
479.396 485.193 0.020923
479.396 485.294 0.020617
479.396 485.395 0.020867
479.396 485.496 0.021085
479.396 485.597 0.02137
479.396 485.698 0.020865
479.396 485.799 0.025171
479.396 485.9 0.020947
479.396 486.001 0.020814
479.396 486.102 0.021163
479.396 486.203 0.020816
479.396 486.304 0.021426
479.396 486.405 0.021147
479.396 486.506 0.023242
479.396 486.607 0.020815
479.396 486.708 0.020491
479.396 486.811 0.021097
479.396 486.912 0.021118
479.396 487.013 0.020901
479.396 487.114 0.020682
479.396 487.215 0.020819
479.396 487.316 0.020864
479.396 487.417 0.020486
479.396 487.522 0.021198
479.396 487.644 0.021299
479.396 487.746 0.021302
480.417 487.847 0.021294
480.417 487.948 0.02087
480.417 488.049 0.020911
480.417 488.15 0.020914
480.417 488.252 0.021601
480.417 488.353 0.020998
486.669 488.454 0.021382
486.669 488.555 0.020934
486.669 488.656 0.020836
486.669 488.757 0.0209
486.669 488.858 0.020969
486.669 488.959 0.021143
486.669 489.06 0.021064
486.669 489.161 0.021079
487.701 489.262 0.021221
487.701 489.364 0.021689
487.701 489.466 0.020895
487.701 489.567 0.020944
487.701 489.668 0.020761
487.701 489.769 0.021684
487.701 489.87 0.020485
487.701 489.972 0.020982
487.701 490.073 0.021405
488.722 490.173 0.020946
488.722 490.274 0.020784
488.722 490.375 0.020554
488.722 490.476 0.020796
488.722 490.578 0.020565
488.722 490.679 0.021137
489.743 490.78 0.021029
489.743 490.881 0.020505
489.743 490.982 0.020501
489.743 491.083 0.020995
489.743 491.184 0.02144
489.743 491.285 0.020766
489.743 491.386 0.020797
489.743 491.487 0.020809
489.743 491.589 0.0211
489.743 491.69 0.021198
489.743 491.791 0.021189
489.743 491.893 0.021459
489.743 491.995 0.020664
489.743 492.096 0.020923
489.743 492.197 0.020962
490.764 492.298 0.020962
490.764 492.406 0.02122
490.764 492.523 0.020727
490.764 492.624 0.020691
490.764 492.734 0.020901
490.764 492.839 0.021054
490.764 492.942 0.020995
490.764 493.043 0.021373
491.787 493.155 0.021038
491.787 493.256 0.020931
491.787 493.358 0.021067
491.787 493.459 0.020555
491.787 493.572 0.021682
491.787 493.711 0.021376
491.787 493.812 0.020631
491.787 493.93 0.021491
491.787 494.042 0.020897
491.787 494.147 0.02102
491.787 494.248 0.020801
492.809 494.349 0.020971
492.809 494.45 0.021029
492.809 494.551 0.02115
492.809 494.652 0.021207
492.809 494.753 0.020989
492.809 494.856 0.021127
492.809 494.957 0.021033
492.809 495.058 0.021035
492.809 495.16 0.020991
492.809 495.261 0.021058
492.809 495.362 0.02117
492.809 495.463 0.021124
492.809 495.565 0.021304
492.809 495.665 0.021205
492.809 495.768 0.020855
492.809 495.869 0.020951
492.809 495.97 0.021013
492.809 496.073 0.021065
492.809 496.174 0.021017
492.809 496.275 0.020994
492.809 496.377 0.021042
492.809 496.478 0.020955
492.809 496.579 0.021002
492.809 496.682 0.021409
492.809 496.783 0.021075
492.809 496.884 0.021114
492.809 496.985 0.021095
492.809 497.086 0.021589
492.809 497.187 0.020933
492.809 497.288 0.020984
492.809 497.389 0.021772
492.809 497.49 0.020803
492.809 497.591 0.020893
492.809 497.692 0.021215
492.809 497.793 0.020991
492.809 497.894 0.021187
492.809 497.995 0.020841
492.809 498.096 0.020973
492.809 498.198 0.020863
492.809 498.299 0.020847
492.809 498.4 0.020858
492.809 498.501 0.021047
492.809 498.602 0.020918
492.809 498.703 0.020747
492.809 498.804 0.020956
492.809 498.905 0.020933
492.809 499.006 0.020985
492.809 499.107 0.021245
492.809 499.208 0.022869
492.809 499.31 0.02094
492.809 499.411 0.02104
492.809 499.513 0.02087
492.809 499.615 0.021523
492.809 499.717 0.024405
492.809 499.818 0.022229
492.809 499.919 0.021044
492.809 500.02 0.021036
492.809 500.121 0.021258
492.809 500.222 0.0226
492.809 500.323 0.020377
492.809 500.439 0.02086
492.809 500.556 0.021265
492.809 500.657 0.02085
492.809 500.758 0.021388
492.809 500.859 0.020505
492.809 500.96 0.020611
492.809 501.061 0.020717
492.809 501.173 0.020931
493.829 501.282 0.021276
493.829 501.389 0.022181
493.829 501.49 0.02146
493.829 501.591 0.020908
493.829 501.692 0.021063
493.829 501.793 0.020903
500.315 501.894 0.021161
500.315 501.995 0.021147
500.315 502.098 0.021057
500.315 502.199 0.020954
500.315 502.3 0.020945
500.315 502.401 0.021098
500.315 502.502 0.020945
500.315 502.603 0.020846
500.315 502.705 0.020949
501.335 502.806 0.02081
501.335 502.907 0.020767
501.335 503.008 0.021142
501.335 503.109 0.021039
501.335 503.21 0.020837
501.335 503.311 0.020967
501.335 503.412 0.020871
501.335 503.514 0.021
501.335 503.615 0.021209
501.335 503.716 0.020594
502.359 503.824 0.021433
502.359 503.94 0.020873
502.359 504.056 0.020903
502.359 504.157 0.021018
502.359 504.258 0.021007
502.359 504.359 0.021021
502.359 504.461 0.02124
503.381 504.561 0.020788
503.381 504.664 0.02088
503.381 504.765 0.021018
503.381 504.866 0.020942
503.381 504.971 0.021065
503.381 505.072 0.021052
503.381 505.173 0.020916
503.381 505.274 0.021117
503.381 505.381 0.02103
503.381 505.482 0.0209
503.381 505.589 0.020895
503.381 505.69 0.021005
504.402 505.791 0.020465
504.402 505.894 0.020905
504.402 505.993 0.021057
504.402 506.094 0.020773
504.402 506.195 0.021021
504.402 506.302 0.021297
504.402 506.403 0.020967
504.402 506.506 0.021106
505.424 506.606 0.022171
505.424 506.707 0.021375
505.424 506.814 0.021264
505.424 506.916 0.023433
505.424 507.017 0.021552
505.424 507.12 0.021467
505.424 507.221 0.021239
505.424 507.322 0.020947
505.424 507.423 0.021644
505.424 507.525 0.021304
505.424 507.626 0.022282
505.424 507.727 0.021059
506.444 507.828 0.020996
506.444 507.929 0.020871
506.444 508.03 0.02104
506.444 508.131 0.02122
506.444 508.232 0.021185
506.444 508.333 0.020958
506.444 508.434 0.020821
506.444 508.535 0.021268
506.444 508.637 0.020682
507.465 508.738 0.020865
507.465 508.84 0.020901
507.465 508.941 0.020852
507.465 509.042 0.020917
507.465 509.143 0.021077
507.465 509.244 0.02092
507.465 509.345 0.022072
507.465 509.446 0.020963
507.465 509.547 0.020573
507.465 509.648 0.020843
508.485 509.749 0.020551
508.485 509.85 0.020542
508.485 509.951 0.02094
508.485 510.052 0.020752
508.485 510.153 0.021079
508.485 510.254 0.021217
508.485 510.355 0.020971
508.485 510.456 0.021137
508.485 510.557 0.020659
508.485 510.659 0.020755
508.485 510.759 0.021896
508.485 510.86 0.020989
509.505 510.962 0.021659
509.505 511.063 0.021242
509.505 511.164 0.020925
509.505 511.265 0.020927
509.505 511.366 0.021231
509.505 511.467 0.020912
509.505 511.568 0.020796
509.505 511.669 0.021181
509.505 511.771 0.021431
510.527 511.872 0.020809
510.527 511.973 0.020987
510.527 512.075 0.020827
510.527 512.176 0.021375
510.527 512.278 0.021662
510.527 512.379 0.021418
510.527 512.48 0.021137
510.527 512.581 0.020806
510.527 512.682 0.020489
510.527 512.783 0.021048
510.527 512.884 0.020999
511.549 512.985 0.021691
511.549 513.086 0.020992
511.549 513.187 0.020876
511.549 513.289 0.021026
511.549 513.39 0.021081
511.549 513.491 0.020998
512.57 513.592 0.020821
512.57 513.693 0.020519
512.57 513.794 0.020809
512.57 513.896 0.021296
512.57 513.997 0.020829
512.57 514.098 0.021879
512.57 514.199 0.021352
512.57 514.3 0.020553
512.57 514.401 0.021915
512.57 514.502 0.020703
512.57 514.604 0.021001
512.57 514.706 0.021074
512.57 514.807 0.020963
512.57 514.908 0.022266
512.57 515.009 0.020901
512.57 515.11 0.020602
512.57 515.211 0.020982
512.57 515.312 0.02162
512.57 515.413 0.020641
512.57 515.514 0.021327
512.57 515.615 0.021596
512.57 515.716 0.020843
512.57 515.817 0.021989
512.57 515.918 0.020884
512.57 516.019 0.021777
512.57 516.123 0.021487
512.57 516.224 0.020988
512.57 516.325 0.021773
512.57 516.431 0.021147
512.57 516.532 0.020965
512.57 516.633 0.02073
512.57 516.734 0.020884
512.57 516.835 0.020842
512.57 516.935 0.020754
512.57 517.037 0.021064
512.57 517.138 0.020386
512.57 517.239 0.021113
512.57 517.34 0.020832
512.57 517.441 0.021416
512.57 517.542 0.02116
512.57 517.643 0.020604
512.57 517.744 0.021621
512.57 517.848 0.02096
512.57 517.949 0.02101
512.57 518.05 0.021877
512.57 518.154 0.021937
512.57 518.255 0.021013
512.57 518.356 0.020952
512.57 518.457 0.021393
512.57 518.558 0.02093
512.57 518.66 0.021269
512.57 518.765 0.021147
512.57 518.866 0.020907
512.57 518.967 0.020679
512.57 519.068 0.020928
512.57 519.169 0.022804
512.57 519.27 0.020888
512.57 519.371 0.021026
512.57 519.472 0.023145
512.57 519.573 0.020902
512.57 519.674 0.022278
512.57 519.775 0.020758
512.57 519.876 0.021014
512.57 519.977 0.020906
512.57 520.078 0.020764
512.57 520.179 0.021628
512.57 520.28 0.020918
512.57 520.382 0.021024
512.57 520.483 0.021549
512.57 520.584 0.020984
512.57 520.685 0.020895
512.57 520.786 0.021161
512.57 520.887 0.020876
512.57 520.988 0.021031
512.57 521.089 0.02143
512.57 521.19 0.020967
512.57 521.291 0.021009
512.57 521.392 0.020818
512.57 521.553 0.021716
512.57 521.657 0.020802
512.57 521.762 0.020533
512.57 521.879 0.020639
512.57 521.99 0.020816
512.57 522.091 0.020992
512.57 522.193 0.020863
512.57 522.296 0.020806
512.57 522.397 0.020576
513.594 522.498 0.020599
513.594 522.6 0.020419
513.594 522.707 0.020548
513.594 522.822 0.020691
513.594 522.923 0.022045
513.594 523.024 0.021085
513.594 523.127 0.021134
513.594 523.229 0.020956
513.594 523.33 0.020607
