364.003 1.51906 0.024554 1.35466 0.154526
365.549 0.247135 0.021042 0.105121 0.134077
366.571 0.188824 0.0193 0.071604 0.114587
367.591 0.17402 0.021487 0.063766 0.107701
368.613 0.173288 0.0203 0.061268 0.109412
369.635 0.161613 0.022055 0.058076 0.100872
370.658 0.170975 0.023614 0.057409 0.110917
371.683 0.159579 0.019888 0.057378 0.099621
372.704 0.170941 0.022556 0.068118 0.100198
373.728 0.167208 0.021528 0.066857 0.097703
374.75 0.163259 0.020183 0.070282 0.090354
375.784 0.264555 0.020634 0.060982 0.20099
376.805 0.252608 0.021405 0.070132 0.179665
377.828 0.24749 0.01906 0.062876 0.181976
378.848 0.255448 0.02108 0.063763 0.189091
379.87 4.58017 0.021003 0.062342 4.51522
384.474 0.241608 0.018959 0.064234 0.174773
385.494 0.237689 0.018971 0.064617 0.170503
386.527 0.24131 0.020786 0.064517 0.174156
387.549 0.236399 0.02095 0.064819 0.169
388.571 0.235865 0.021137 0.068145 0.165145
389.593 0.224083 0.021331 0.056325 0.165162
390.616 0.244742 0.020144 0.055525 0.186623
391.637 5.71922 0.0209 0.060771 5.65583
397.378 8.57246 0.025622 0.086377 8.48349
405.978 7.8362 0.023165 0.084414 7.74921
413.838 7.62133 0.018487 0.100552 7.5182
421.479 0.861513 0.022725 0.116229 0.74266
422.503 0.766884 0.019882 0.063484 0.700662
423.524 0.220332 0.02211 0.056926 0.160816
424.547 0.224039 0.020824 0.062799 0.158638
425.569 0.21728 0.019545 0.057657 0.15706
426.59 0.214931 0.020288 0.056426 0.155873
427.611 0.21497 0.019487 0.045737 0.166603
428.632 0.646345 0.019517 0.046217 0.597502
429.662 0.245167 0.018763 0.056207 0.186377
430.682 0.223133 0.018692 0.060154 0.160412
431.707 0.222518 0.0197 0.060169 0.159749
432.741 0.610693 0.02027 0.049115 0.558849
433.762 0.581817 0.019757 0.058168 0.521043
434.783 0.613959 0.019658 0.057157 0.554179
435.806 0.204038 0.020227 0.056752 0.144671
436.831 0.199117 0.021147 0.044502 0.151994
438.11 0.219131 0.021262 0.058246 0.158284
439.133 4.63516 0.021659 0.058018 4.57454
443.791 0.245957 0.024226 0.057813 0.185522
444.816 5.68169 0.021443 0.058193 5.6209
450.52 6.29749 0.022862 0.057887 6.23703
456.842 0.24355 0.018458 0.082857 0.158117
457.861 0.211216 0.019305 0.055492 0.153155
458.882 0.236834 0.018955 0.059472 0.174773
459.902 5.66346 0.021041 0.056874 5.60398
465.588 5.76241 0.01851 0.106488 5.65331
471.377 5.95991 0.018457 0.105993 5.85131
477.357 0.776569 0.017965 0.109527 0.664442
478.376 0.650886 0.019079 0.056276 0.591964
479.396 0.658855 0.019567 0.05698 0.599263
480.417 6.23258 0.018642 0.055214 6.17474
486.669 0.653542 0.018322 0.094721 0.556174
487.701 0.743957 0.019422 0.057614 0.683767
488.722 0.64293 0.020239 0.058066 0.58225
489.743 0.198022 0.019604 0.056561 0.138854
490.764 0.196916 0.021713 0.046269 0.147868
491.787 0.205739 0.02058 0.057477 0.145635
492.809 0.588716 0.019206 0.057647 0.528469
493.829 6.46557 0.018729 0.054957 6.408
500.315 0.701587 0.019269 0.099091 0.59988
501.335 0.202567 0.022845 0.064726 0.135158
502.359 0.190147 0.020777 0.056143 0.131426
503.381 0.200569 0.019811 0.059652 0.138347
504.402 0.195637 0.020496 0.055969 0.137036
505.424 0.195817 0.019472 0.057381 0.135817
506.444 0.203231 0.019529 0.055452 0.14519
507.465 0.217797 0.018848 0.055395 0.15979
508.485 0.212369 0.01928 0.056978 0.152826
509.505 0.214474 0.020358 0.055872 0.156007
510.527 0.205331 0.02045 0.05921 0.143519
511.549 0.20377 0.020149 0.058488 0.142745
512.57 0.202315 0.023292 0.059202 0.140503
513.594 7.75884 0.021655 0.045809 7.71046
521.378 6.50326 0.021608 0.089091 6.41157
527.904 0.187004 0.018933 0.097669 0.086539
528.923 0.234659 0.019124 0.06012 0.171931
529.956 5.17832 0.01943 0.054665 5.12103
535.155 0.228664 0.018575 0.058 0.168087
536.174 0.216687 0.019338 0.056074 0.157995
537.195 0.212781 0.018963 0.058579 0.151589
538.215 0.213123 0.020295 0.055884 0.15462
539.236 0.2117 0.018739 0.05679 0.152302
540.256 0.209484 0.019574 0.05592 0.150969
541.277 0.211806 0.020219 0.059295 0.149938
542.298 0.201222 0.019387 0.054224 0.144388
543.319 0.209919 0.019085 0.056734 0.150579
544.339 0.201689 0.019127 0.054589 0.144488
545.359 0.190816 0.021014 0.045901 0.14233
546.381 0.191772 0.019906 0.047358 0.14183
547.402 0.193853 0.021091 0.049028 0.142215
548.424 0.203385 0.018965 0.057239 0.143501
549.444 7.7473 0.021211 0.047382 7.69731
557.214 0.240251 0.043311 0.086845 0.150836
558.259 0.14813 0.020802 0.060455 0.08504
559.281 0.218564 0.021005 0.061158 0.154806
560.303 0.126497 0.018741 0.054045 0.069877
561.322 0.227448 0.019723 0.058409 0.16642
562.343 0.207527 0.019808 0.057462 0.1474
563.364 0.191149 0.021453 0.055306 0.133242
564.387 0.189989 0.020157 0.055616 0.131734
565.408 0.187912 0.019634 0.056511 0.128797
566.429 0.185079 0.019769 0.055112 0.127387
567.45 0.186529 0.022842 0.056987 0.126963
568.474 0.180679 0.018613 0.053144 0.124971
569.494 0.183442 0.020912 0.056413 0.124409
570.517 0.184069 0.018652 0.05601 0.125454
571.537 0.18232 0.022186 0.056206 0.123465
572.56 0.187117 0.020433 0.059453 0.125081
573.582 0.179739 0.019523 0.05586 0.121297
574.602 0.180177 0.020426 0.056627 0.120948
575.624 0.168148 0.018735 0.04396 0.121581
576.644 0.172029 0.02223 0.043315 0.126066
577.668 0.755982 0.021993 0.044671 0.708701
578.691 0.183962 0.018742 0.057112 0.124278
579.711 0.190611 0.01962 0.056649 0.131327
580.735 0.172686 0.019485 0.044476 0.125587
581.756 0.17833 0.018905 0.047507 0.1282
582.776 0.187551 0.018521 0.058567 0.126208
583.796 0.18198 0.021145 0.052008 0.127393
584.818 0.191823 0.020478 0.05911 0.130111
585.844 0.191299 0.020344 0.056877 0.131841
586.866 0.194792 0.018515 0.056549 0.135683
587.885 0.191873 0.019808 0.056763 0.132539
588.906 0.198224 0.019693 0.056668 0.138966
589.927 0.197605 0.019187 0.057128 0.13786
590.947 0.196265 0.019885 0.05853 0.135103
591.969 0.191219 0.020357 0.057434 0.131205
592.991 0.193365 0.018854 0.058763 0.131961
594.011 0.186634 0.018465 0.055203 0.128825
595.04 0.189649 0.01907 0.057142 0.12989
596.06 0.179491 0.019748 0.04903 0.127834
597.097 0.169403 0.019331 0.040231 0.126545
598.118 0.194202 0.019933 0.060336 0.13022
599.139 0.189518 0.019028 0.054818 0.132112
600.159 0.187738 0.019607 0.056474 0.128657
601.18 0.190203 0.01908 0.057749 0.129836
602.2 0.18946 0.019626 0.057865 0.128954
603.221 0.192366 0.019457 0.057141 0.132659
604.241 0.190411 0.01942 0.056236 0.131533
605.262 0.192941 0.018666 0.055634 0.134737
606.282 0.193566 0.019279 0.056374 0.134602
607.317 0.187001 0.020552 0.055306 0.129122
608.338 0.187092 0.020817 0.056142 0.128332
609.374 0.188708 0.018506 0.057605 0.128538
610.393 0.186449 0.021185 0.055918 0.127954
611.416 0.180357 0.018534 0.056226 0.121528
612.447 0.187249 0.019283 0.057092 0.127551
613.468 0.179888 0.018252 0.053723 0.123573
614.498 0.190211 0.019402 0.059559 0.128089
615.518 0.173615 0.018223 0.047275 0.123755
616.537 0.19253 0.019843 0.057415 0.132532
617.558 0.17817 0.020046 0.044977 0.130574
618.58 0.201166 0.019711 0.058211 0.140331
619.601 0.182166 0.018721 0.047162 0.132391
620.629 6.59322 0.020748 0.048003 6.54238
627.244 0.17054 0.018415 0.100518 0.067374
628.263 0.133682 0.018784 0.062827 0.068252
629.283 0.130195 0.019435 0.056152 0.07144
630.303 0.133861 0.019312 0.058112 0.073134
631.324 0.128667 0.019244 0.056071 0.069968
632.344 0.133397 0.019522 0.057955 0.072577
633.365 0.125838 0.020386 0.05578 0.067494
634.386 0.126859 0.019076 0.056512 0.067587
635.406 0.129814 0.01981 0.054381 0.072821
636.427 0.129315 0.020438 0.057086 0.069637
637.449 0.115806 0.020072 0.045818 0.067408
638.47 0.116558 0.020075 0.0473 0.066658
639.491 0.11247 0.018643 0.043287 0.066581
640.511 0.13105 0.020396 0.056751 0.071683
641.532 0.11793 0.020922 0.048087 0.067261
642.554 0.130512 0.01966 0.058278 0.069629
643.575 0.138125 0.021982 0.055567 0.079979
644.598 0.126373 0.018726 0.057388 0.066384
645.618 0.116844 0.019601 0.045225 0.069063
646.638 0.129888 0.019562 0.056947 0.070338
647.659 0.112889 0.02007 0.043793 0.066499
648.68 0.11511 0.018393 0.045 0.067505
649.7 0.127203 0.019128 0.057505 0.067068
650.72 0.123976 0.018714 0.056388 0.064958
651.74 0.130718 0.020526 0.057208 0.07068
652.761 0.125842 0.018809 0.056563 0.066711
653.781 0.116098 0.019592 0.046593 0.066915
654.802 0.129496 0.021313 0.058265 0.068617
655.824 0.110783 0.01872 0.043362 0.064828
656.844 0.126858 0.021737 0.054825 0.069444
657.867 0.126961 0.021483 0.057055 0.067289
658.89 0.125065 0.018885 0.055667 0.066832
659.91 0.119034 0.019748 0.046457 0.070007
660.93 0.113692 0.019151 0.042323 0.06879
661.951 0.119187 0.019345 0.044863 0.071727
662.971 0.134341 0.019479 0.058594 0.073133
663.992 0.126855 0.019676 0.05495 0.069299
665.012 0.126839 0.018984 0.05494 0.069293
666.032 0.133334 0.018548 0.058309 0.072408
667.052 0.116719 0.018044 0.044524 0.069597
668.071 0.120151 0.019028 0.046145 0.071381
669.091 0.115978 0.018445 0.043395 0.069982
670.11 0.165864 0.026039 0.056173 0.106143
671.137 0.146265 0.032128 0.055911 0.087717
672.17 0.169872 0.029636 0.054758 0.110443
673.201 0.148059 0.027494 0.051292 0.092292
674.229 0.167173 0.027924 0.055453 0.107057
675.258 0.164497 0.035163 0.060249 0.099785
676.294 0.163986 0.022773 0.055918 0.105507
677.318 0.128315 0.029945 0.048444 0.077004
678.349 0.154852 0.028723 0.057147 0.09302
679.379 0.159925 0.029261 0.056454 0.09885
680.409 0.145403 0.032112 0.055412 0.085946
681.442 0.161041 0.028217 0.056722 0.101497
682.474 0.150304 0.029384 0.048873 0.098305
683.505 0.166239 0.031652 0.060345 0.102817
684.538 0.168984 0.030952 0.059094 0.105159
685.57 0.173172 0.027521 0.058123 0.110523
686.599 0.143368 0.028754 0.049902 0.088995
687.63 0.159465 0.034099 0.058816 0.095344
688.665 0.435607 0.030458 0.056522 0.376011
689.697 0.267018 0.027427 0.056514 0.205865
690.726 0.262291 0.029636 0.061458 0.196166
691.759 0.250788 0.025596 0.051078 0.195915
692.786 0.245494 0.031507 0.062955 0.177922
693.818 0.233205 0.026884 0.053932 0.174567
694.846 0.24439 0.030733 0.054266 0.185658
695.878 0.252723 0.026683 0.055806 0.192907
696.906 0.246542 0.029041 0.058435 0.184278
697.936 0.241359 0.027707 0.060114 0.176534
698.965 0.227514 0.03091 0.0482 0.174536
699.999 0.239418 0.029435 0.062043 0.171108
701.03 0.276444 0.029923 0.060549 0.211427
702.061 0.247611 0.035227 0.063519 0.179304
703.097 0.268363 0.028905 0.057637 0.206081
704.127 0.20115 0.032233 0.048512 0.147936
705.16 0.178207 0.018446 0.045774 0.129832
706.18 0.173316 0.01782 0.047437 0.123237
707.199 0.223771 0.030329 0.052314 0.168037
708.23 0.212223 0.018674 0.041348 0.168304
709.25 0.238138 0.021705 0.055582 0.179174
710.274 0.195831 0.019285 0.048303 0.144963
711.294 0.238859 0.028165 0.055708 0.179795
712.327 0.210561 0.018865 0.044373 0.163593
713.346 0.216297 0.03534 0.060434 0.151896
714.383 0.18062 0.02043 0.049364 0.128637
715.404 0.248907 0.027099 0.059383 0.186262
716.432 0.184004 0.019632 0.050376 0.130642
