95.8688 97.7851 1.41135
97.7611 99.1978 1.01174
98.7833 100.211 1.17343
99.8077 101.385 1.49837
100.834 102.886 1.29603
101.859 104.183 1.11536
102.916 105.339 1.14059
104.059 106.481 0.996147
105.083 107.478 0.733189
106.106 108.212 1.14383
107.13 109.357 1.3456
108.202 110.703 1.36374
109.224 112.069 1.76523
110.246 113.836 0.572548
111.276 114.41 1.10444
112.3 115.515 1.35001
113.544 116.867 1.28069
114.565 118.148 1.36602
115.584 119.515 1.10455
116.606 120.632 1.47456
117.629 122.107 0.923705
118.653 123.032 0.703594
119.678 126.308 0.800657
126.308 132.276 0.858725
132.275 141.168 1.43566
141.167 149.212 1.18698
149.212 157.015 1.24655
157.014 158.262 0.797844
158.034 159.061 0.654575
159.056 159.717 1.25254
160.076 160.97 0.908932
161.097 161.88 0.954706
162.118 162.884 0.806457
163.141 163.691 1.02852
164.161 164.899 0.81281
165.181 165.713 1.32387
166.202 167.038 0.957417
167.224 167.996 0.809712
168.245 168.932 0.966671
169.266 169.924 0.824442
170.288 170.968 0.762935
171.308 171.732 0.832478
172.33 176.861 1.78763
176.861 178.65 1.05834
177.88 179.71 0.749216
178.9 180.46 1.42948
179.921 181.89 1.07272
180.942 182.964 0.903806
181.961 183.869 0.955278
182.981 184.83 1.0832
184.002 185.914 1.39738
185.022 187.318 0.7238
186.043 188.043 1.35724
187.067 189.401 1.10569
188.088 190.508 1.05936
189.111 191.569 1.01237
190.134 192.582 1.14035
191.156 193.723 1.12363
192.183 194.847 0.686019
193.203 195.534 0.929628
194.226 196.465 0.907488
195.249 197.374 0.646089
196.27 202.535 1.60926
202.535 204.17 1.11981
203.572 205.291 1.02746
204.594 211.621 0.984492
211.621 212.609 0.624004
212.64 213.381 1.217
213.66 214.599 1.00346
214.68 215.604 0.936659
215.702 216.542 1.47939
216.722 218.024 0.907351
217.741 218.933 1.17083
218.766 220.115 0.87596
219.785 226.072 1.20044
226.072 232.576 1.5671
232.576 234.145 1.07903
233.598 235.225 1.21363
234.618 236.439 0.657997
235.641 243.994 1.24378
243.994 251.101 1.36487
251.1 257.625 1.09237
257.625 265 1.86839
265 270.719 0.721701
270.719 277.669 1.19896
277.669 284.545 1.21548
284.545 291.451 1.03587
291.45 299.195 1.95476
299.195 306.021 1.10657
306.021 307.129 0.757392
307.043 307.888 1.61104
308.08 309.5 0.932229
309.102 310.437 1.0891
310.124 311.528 0.738611
311.145 318.662 1.32787
318.662 319.991 0.950705
319.682 320.945 1.1681
320.702 322.114 1.03825
321.722 323.154 0.984567
322.742 331.111 1.9399
331.111 339.197 1.36902
339.196 340.567 1.33588
340.233 345.222 1.32636
345.222 346.549 1.07102
346.247 347.621 0.74585
347.268 348.374 0.854487
348.288 349.23 1.01139
349.309 350.243 1.05799
350.333 351.302 0.813955
351.355 352.117 1.43274
352.376 353.615 1.49261
353.398 355.109 1.09133
354.418 356.201 1.18538
355.438 357.388 1.01662
356.458 358.405 0.6839
357.478 359.091 1.17621
358.499 360.268 1.04261
359.518 361.312 0.885164
360.538 362.198 1.03206
361.561 363.231 0.649849
362.581 363.882 1.15148
363.603 365.034 0.895891
364.622 365.931 0.696423
365.641 366.628 1.3135
366.662 367.943 0.974877
367.682 368.919 1.74796
368.704 370.668 0.906496
369.723 371.575 1.79088
370.744 373.367 0.866956
371.763 374.236 1.31145
372.955 375.548 1.47908
373.976 377.028 0.97244
374.997 378.002 1.16599
376.017 379.169 0.89669
377.037 383.972 1.00361
383.971 384.976 0.82995
384.991 385.808 0.744564
386.012 386.627 0.950895
387.11 387.943 1.68914
388.13 389.633 0.764346
389.151 390.402 1.44979
390.172 391.852 0.896932
391.193 392.75 1.11963
392.213 393.871 1.63822
393.236 395.51 1.15763
394.258 396.669 1.80126
395.277 398.471 0.691125
396.296 399.163 1.61203
397.316 400.776 1.45496
398.337 402.232 0.845624
399.358 403.079 0.955553
400.379 404.036 1.60835
401.401 405.645 0.973482
402.419 406.62 1.01237
403.437 411.393 0.589783
411.393 411.984 0.990008
412.41 412.975 1.03261
413.429 414.008 0.761186
414.45 414.77 1.0283
415.469 415.799 0.827254
416.49 416.712 0.655257
417.511 419.859 0.786394
419.859 420.646 0.950816
420.878 421.598 0.600409
421.899 422.199 0.999514
422.921 423.199 1.33427
423.944 424.534 0.734518
424.965 425.271 1.31904
425.985 426.591 1.04603
427.005 427.638 0.689625
428.026 428.329 1.04489
429.051 429.375 0.622416
430.071 430.271 0.531865
431.116 431.312 0.816217
432.158 432.335 1.29031
433.179 433.626 0.69596
434.2 434.352 1.15076
435.22 435.503 1.05652
436.239 436.561 0.932675
437.259 437.494 0.606391
438.281 438.465 1.29476
439.312 439.761 0.467118
440.33 440.508 0.650322
441.361 441.555 1.33779
442.389 442.893 1.08442
443.409 443.979 1.11417
444.428 445.094 0.65697
445.448 445.751 0.829111
446.468 446.63 1.03659
447.489 447.667 0.782879
448.508 448.715 1.16748
449.547 449.885 1.02415
450.567 450.91 0.913393
451.586 451.825 0.656288
452.605 452.812 0.509903
453.637 453.828 0.935792
454.665 454.82 1.8352
455.683 456.656 0.874833
456.701 457.531 0.813803
457.72 458.346 0.800245
