98.7833 102.843 0.039381
99.8077 102.928 0.032317
99.8077 103.035 0.028608
99.8077 103.211 0.029858
99.8077 103.312 0.028101
99.8077 103.413 0.028193
99.8077 103.518 0.027471
99.8077 103.619 0.026221
99.8077 103.72 0.025799
99.8077 103.821 0.02439
99.8077 103.922 0.025977
99.8077 104.023 0.0242
99.8077 104.124 0.023196
100.834 104.227 0.024169
100.834 104.328 0.022963
100.834 104.429 0.023276
100.834 104.53 0.022842
100.834 104.631 0.023789
100.834 104.732 0.023186
100.834 104.833 0.022739
100.834 104.934 0.024478
100.834 105.035 0.022557
100.834 105.136 0.025737
100.834 105.238 0.02529
100.834 105.339 0.022345
101.859 105.44 0.022761
101.859 105.541 0.022083
101.859 105.642 0.022614
101.859 105.744 0.024218
101.859 105.845 0.024035
101.859 105.946 0.023769
101.859 106.053 0.022647
101.859 106.154 0.022952
101.859 106.256 0.023016
101.859 106.357 0.022289
101.859 106.458 0.022506
102.916 106.559 0.023254
102.916 106.66 0.023271
102.916 106.761 0.023258
102.916 106.862 0.023709
102.916 106.963 0.023578
102.916 107.064 0.022163
102.916 107.168 0.022193
102.916 107.269 0.023282
102.916 107.37 0.023313
102.916 107.471 0.023181
104.059 107.572 0.02253
104.059 107.673 0.025315
104.059 107.774 0.02222
104.059 107.875 0.023033
104.059 107.976 0.023258
104.059 108.077 0.022137
104.059 108.179 0.022368
105.083 108.281 0.024385
105.083 108.386 0.022166
105.083 108.487 0.022418
105.083 108.589 0.022719
105.083 108.69 0.022221
105.083 108.791 0.024441
105.083 108.892 0.022924
105.083 108.993 0.02273
105.083 109.094 0.023236
105.083 109.195 0.022857
105.083 109.296 0.024428
106.106 109.397 0.022185
106.106 109.498 0.023407
106.106 109.599 0.022483
106.106 109.702 0.02345
106.106 109.803 0.022183
106.106 109.904 0.021843
106.106 110.005 0.021859
106.106 110.106 0.023274
106.106 110.207 0.021646
106.106 110.309 0.021801
106.106 110.459 0.022921
106.106 110.561 0.023037
106.106 110.662 0.022429
107.13 110.763 0.021699
107.13 110.864 0.021815
107.13 110.965 0.021683
107.13 111.066 0.022369
107.13 111.167 0.021891
107.13 111.268 0.021642
107.13 111.545 0.021378
107.13 111.646 0.021341
107.13 111.747 0.021819
107.13 111.848 0.021429
107.13 111.949 0.022219
107.13 112.05 0.021657
108.202 112.151 0.021611
108.202 112.252 0.022134
108.202 112.353 0.021623
108.202 112.509 0.023639
108.202 112.61 0.021382
108.202 112.713 0.022508
108.202 112.814 0.02229
108.202 112.915 0.022276
108.202 113.016 0.022495
108.202 113.117 0.02333
108.202 113.218 0.022215
108.202 113.32 0.02121
108.202 113.421 0.022106
108.202 113.522 0.021659
108.202 113.624 0.022113
108.202 113.726 0.021755
108.202 113.827 0.021473
109.224 113.928 0.021678
109.224 114.029 0.021967
109.224 114.13 0.022537
109.224 114.231 0.022237
109.224 114.332 0.021862
110.246 114.433 0.021726
110.246 114.534 0.022307
110.246 114.635 0.021923
110.246 114.738 0.022031
110.246 114.839 0.022765
110.246 114.94 0.0213
110.246 115.041 0.021924
110.246 115.142 0.022244
110.246 115.243 0.022947
110.246 115.344 0.022023
110.246 115.445 0.022317
111.276 115.546 0.022157
111.276 115.647 0.021622
111.276 115.748 0.021505
111.276 115.849 0.022085
111.276 115.95 0.022042
111.276 116.053 0.021741
111.276 116.154 0.021988
111.276 116.255 0.022937
111.276 116.355 0.022453
111.276 116.456 0.021778
111.276 116.557 0.021958
111.276 116.659 0.021563
111.276 116.768 0.021595
112.3 116.869 0.021442
112.3 116.97 0.023236
112.3 117.071 0.021918
112.3 117.172 0.021821
112.3 117.273 0.022014
112.3 117.374 0.021201
112.3 117.475 0.022329
112.3 117.576 0.02189
112.3 117.677 0.021553
112.3 117.778 0.021591
112.3 117.88 0.022445
112.3 117.981 0.021547
112.3 118.086 0.022244
113.544 118.187 0.021987
113.544 118.288 0.021301
113.544 118.39 0.021879
113.544 118.491 0.021411
113.544 118.592 0.021784
113.544 118.694 0.021877
113.544 118.795 0.021536
113.544 118.896 0.022808
113.544 118.999 0.021777
113.544 119.1 0.021653
113.544 119.201 0.021639
113.544 119.302 0.021668
113.544 119.404 0.021749
113.544 119.505 0.021704
114.565 119.607 0.021628
114.565 119.709 0.021278
114.565 119.809 0.021412
114.565 119.911 0.02142
114.565 120.012 0.021646
114.565 120.113 0.024585
114.565 120.214 0.021566
114.565 120.316 0.021643
114.565 120.417 0.021607
114.565 120.518 0.021797
114.565 120.619 0.022277
115.584 120.72 0.021973
115.584 120.822 0.021416
115.584 120.923 0.021484
115.584 121.024 0.021252
115.584 121.126 0.021644
115.584 121.227 0.021341
115.584 121.328 0.021414
115.584 121.429 0.021939
115.584 121.53 0.021303
115.584 121.631 0.021444
115.584 121.733 0.021396
115.584 121.835 0.021999
115.584 121.936 0.021778
115.584 122.037 0.021216
116.606 122.138 0.021444
116.606 122.239 0.02146
116.606 122.34 0.021767
116.606 122.441 0.021702
116.606 122.543 0.021372
116.606 122.644 0.021462
116.606 122.745 0.021196
116.606 122.846 0.021343
116.606 122.947 0.021229
117.629 123.048 0.021297
117.629 123.149 0.021599
117.629 123.25 0.021403
117.629 123.351 0.021596
117.629 123.453 0.021311
117.629 123.554 0.021358
117.629 123.655 0.022003
118.653 123.759 0.021408
118.653 123.86 0.021235
118.653 123.962 0.021298
118.653 124.063 0.022242
118.653 124.164 0.021277
118.653 124.265 0.021958
118.653 124.366 0.022103
118.653 124.467 0.021553
118.653 124.569 0.021367
118.653 124.67 0.021495
118.653 124.771 0.022602
118.653 124.872 0.021556
118.653 124.976 0.021943
118.653 125.081 0.023907
118.653 125.179 0.021439
118.653 125.28 0.021474
118.653 125.382 0.021802
118.653 125.482 0.021315
118.653 125.584 0.021534
118.653 125.685 0.02233
118.653 125.786 0.021695
118.653 125.889 0.021912
118.653 125.99 0.021297
118.653 126.092 0.021601
118.653 126.193 0.022199
118.653 126.294 0.022838
118.653 126.396 0.021706
118.653 126.497 0.021121
118.653 126.598 0.021204
118.653 126.699 0.021858
118.653 126.8 0.022412
118.653 126.901 0.022014
118.653 127.003 0.021184
118.653 127.104 0.02137
119.678 127.205 0.021516
119.678 127.306 0.021499
119.678 127.407 0.022417
119.678 127.508 0.02163
119.678 127.609 0.021921
119.678 127.71 0.021326
119.678 127.812 0.021472
119.678 127.913 0.022544
119.678 128.014 0.021583
119.678 128.115 0.021958
119.678 128.216 0.022277
119.678 128.317 0.021522
119.678 128.418 0.021308
119.678 128.519 0.02115
119.678 128.62 0.021951
119.678 128.721 0.021794
119.678 128.823 0.02155
119.678 128.924 0.021553
119.678 129.025 0.020963
119.678 129.126 0.021769
119.678 129.227 0.021748
119.678 129.328 0.021544
119.678 129.429 0.02189
119.678 129.53 0.021631
119.678 129.631 0.021525
119.678 129.732 0.021768
119.678 129.833 0.021313
119.678 129.934 0.021315
119.678 130.035 0.021053
119.678 130.138 0.020998
119.678 130.239 0.02193
119.678 130.34 0.021186
119.678 130.441 0.021185
119.678 130.542 0.020965
119.678 130.643 0.022041
119.678 130.744 0.021233
119.678 130.845 0.021021
119.678 130.946 0.021615
119.678 131.047 0.021288
119.678 131.147 0.021399
119.678 131.248 0.02157
119.678 131.349 0.021165
119.678 131.453 0.021278
119.678 131.554 0.021702
119.678 131.655 0.021028
119.678 131.756 0.020721
119.678 131.857 0.021472
119.678 131.958 0.020859
119.678 132.059 0.021606
119.678 132.16 0.021643
119.678 132.26 0.022646
119.678 132.361 0.020956
119.678 132.462 0.021415
119.678 132.563 0.021171
119.678 132.665 0.02114
119.678 132.765 0.021126
119.678 132.866 0.021098
119.678 132.967 0.020947
119.678 133.069 0.020969
126.308 133.17 0.021116
126.308 133.27 0.021459
126.308 133.371 0.020993
126.308 133.472 0.021613
126.308 133.573 0.021047
126.308 133.674 0.02121
126.308 133.776 0.020925
126.308 133.877 0.02098
126.308 133.978 0.020862
126.308 134.079 0.020782
126.308 134.18 0.021274
126.308 134.281 0.020994
126.308 134.382 0.020699
126.308 134.483 0.021836
126.308 134.584 0.02146
126.308 134.685 0.021224
126.308 134.787 0.020931
126.308 134.888 0.021306
126.308 134.989 0.021296
126.308 135.09 0.021062
126.308 135.191 0.021429
126.308 135.293 0.021517
126.308 135.394 0.021095
126.308 135.495 0.02119
126.308 135.596 0.021532
126.308 135.698 0.021436
126.308 135.799 0.021034
126.308 135.9 0.021382
126.308 136.001 0.021454
126.308 136.102 0.021093
126.308 136.203 0.020893
126.308 136.305 0.022587
126.308 136.406 0.020737
126.308 136.507 0.021457
126.308 136.608 0.021285
126.308 136.709 0.021625
126.308 136.81 0.021011
126.308 136.912 0.021211
126.308 137.013 0.022115
126.308 137.114 0.020829
126.308 137.216 0.021022
126.308 137.317 0.02314
126.308 137.418 0.021773
126.308 137.519 0.021453
126.308 137.62 0.021132
126.308 137.721 0.021196
126.308 137.822 0.020993
126.308 137.923 0.021394
126.308 138.024 0.021303
126.308 138.125 0.021224
126.308 138.227 0.021158
126.308 138.328 0.021337
126.308 138.429 0.021039
126.308 138.53 0.022577
126.308 138.631 0.021532
126.308 138.732 0.021167
126.308 138.833 0.021081
126.308 138.934 0.021414
126.308 139.035 0.021286
126.308 139.136 0.021278
126.308 139.238 0.021795
126.308 139.338 0.021182
126.308 139.439 0.021231
126.308 139.542 0.021257
126.308 139.643 0.021371
126.308 139.744 0.022419
126.308 139.845 0.021244
126.308 139.946 0.021063
126.308 140.047 0.021399
126.308 140.148 0.021114
126.308 140.249 0.021214
126.308 140.35 0.021263
126.308 140.451 0.021271
126.308 140.552 0.021511
126.308 140.652 0.021205
126.308 140.754 0.02128
126.308 140.855 0.02119
126.308 140.956 0.021079
126.308 141.058 0.021162
126.308 141.159 0.021193
126.308 141.26 0.020727
126.308 141.361 0.021214
126.308 141.462 0.020855
126.308 141.563 0.021223
126.308 141.664 0.020976
126.308 141.78 0.021039
126.308 141.881 0.021047
126.308 141.982 0.020843
126.308 142.083 0.022497
126.308 142.184 0.020779
126.308 142.285 0.021089
126.308 142.387 0.020918
126.308 142.488 0.020975
126.308 142.589 0.020738
132.275 142.69 0.021172
132.275 142.791 0.021241
132.275 142.892 0.021628
132.275 142.993 0.021099
132.275 143.094 0.021185
132.275 143.195 0.021306
132.275 143.296 0.021381
132.275 143.397 0.021169
132.275 143.498 0.020862
132.275 143.599 0.021362
132.275 143.7 0.021343
132.275 143.802 0.021322
132.275 143.903 0.021052
132.275 144.004 0.021314
132.275 144.105 0.02137
132.275 144.206 0.020936
132.275 144.307 0.022516
132.275 144.408 0.020785
132.275 144.509 0.021458
132.275 144.61 0.021087
132.275 144.711 0.021541
132.275 144.812 0.020918
132.275 144.913 0.021258
132.275 145.014 0.022368
132.275 145.115 0.022135
132.275 145.219 0.021327
132.275 145.32 0.021127
132.275 145.42 0.020978
132.275 145.521 0.02136
132.275 145.622 0.023184
132.275 145.723 0.022005
132.275 145.825 0.021097
132.275 145.928 0.021075
132.275 146.029 0.022219
132.275 146.13 0.020637
132.275 146.231 0.021117
132.275 146.332 0.021346
132.275 146.433 0.021939
132.275 146.534 0.021504
132.275 146.635 0.02135
132.275 146.736 0.021456
132.275 146.836 0.02106
132.275 146.938 0.021279
132.275 147.039 0.021375
132.275 147.14 0.022145
132.275 147.241 0.021067
132.275 147.342 0.021704
132.275 147.443 0.021897
132.275 147.544 0.021353
132.275 147.645 0.021812
132.275 147.746 0.022139
132.275 147.847 0.021305
132.275 147.948 0.021167
132.275 148.048 0.023423
132.275 148.149 0.021406
132.275 148.25 0.021166
132.275 148.351 0.021539
132.275 148.452 0.021677
132.275 148.553 0.022029
132.275 148.654 0.021628
132.275 148.755 0.021216
132.275 148.857 0.02099
132.275 148.958 0.021783
132.275 149.059 0.021834
132.275 149.16 0.021153
132.275 149.261 0.020771
132.275 149.362 0.020906
132.275 149.463 0.021476
132.275 149.564 0.021561
132.275 149.665 0.021384
132.275 149.766 0.021175
132.275 149.867 0.021021
132.275 149.968 0.02098
132.275 150.069 0.021359
132.275 150.17 0.021105
132.275 150.272 0.021247
132.275 150.373 0.021214
141.167 150.474 0.021125
141.167 150.575 0.020901
141.167 150.677 0.021452
141.167 150.778 0.021383
141.167 150.879 0.021192
141.167 150.98 0.021174
141.167 151.081 0.021316
141.167 151.183 0.021505
141.167 151.284 0.021415
141.167 151.385 0.023218
141.167 151.486 0.02122
141.167 151.587 0.021491
141.167 151.688 0.021274
141.167 151.79 0.020714
141.167 151.891 0.023379
141.167 151.992 0.021901
141.167 152.093 0.020999
141.167 152.194 0.020641
141.167 152.299 0.020972
141.167 152.4 0.020724
141.167 152.501 0.021311
141.167 152.602 0.021055
141.167 152.706 0.02074
141.167 152.807 0.02116
141.167 152.908 0.021483
141.167 153.009 0.020936
141.167 153.11 0.020972
141.167 153.211 0.021416
141.167 153.313 0.020952
141.167 153.414 0.021112
141.167 153.515 0.021008
141.167 153.616 0.02136
141.167 153.717 0.021644
141.167 153.82 0.021226
141.167 153.921 0.020976
141.167 154.022 0.02176
141.167 154.123 0.021054
141.167 154.228 0.021315
141.167 154.329 0.021361
141.167 154.43 0.021175
141.167 154.531 0.021056
141.167 154.635 0.020885
141.167 154.736 0.021192
141.167 154.837 0.021329
141.167 154.943 0.021466
141.167 155.044 0.021167
141.167 155.145 0.021355
141.167 155.246 0.023298
141.167 155.347 0.021292
141.167 155.448 0.021397
141.167 155.549 0.021217
141.167 155.65 0.021316
141.167 155.751 0.021078
141.167 155.852 0.02125
141.167 155.953 0.021044
141.167 156.054 0.02174
141.167 156.155 0.021206
141.167 156.256 0.021862
141.167 156.357 0.021498
141.167 156.458 0.021101
141.167 156.559 0.022098
141.167 156.66 0.020743
141.167 156.761 0.022044
141.167 156.862 0.021112
141.167 156.963 0.023326
141.167 157.064 0.020979
141.167 157.165 0.020964
141.167 157.266 0.02153
141.167 157.367 0.021115
141.167 157.468 0.021196
141.167 157.57 0.021037
141.167 157.671 0.021372
141.167 157.771 0.021554
141.167 157.872 0.021025
141.167 157.974 0.021118
141.167 158.075 0.021294
141.167 158.176 0.022371
149.212 158.279 0.020651
149.212 158.38 0.020598
149.212 158.481 0.022329
149.212 158.582 0.021037
149.212 158.683 0.020736
149.212 158.784 0.021123
149.212 158.887 0.022027
149.212 158.989 0.021312
157.014 159.09 0.02309
157.014 159.191 0.020534
157.014 159.293 0.02093
157.014 159.394 0.020604
157.014 159.495 0.020985
157.014 159.597 0.021434
157.014 159.698 0.02112
158.034 159.799 0.020741
158.034 159.9 0.021403
158.034 160.001 0.020992
158.034 160.102 0.020727
158.034 160.203 0.020469
158.034 160.304 0.021039
158.034 160.405 0.02114
158.034 160.506 0.021026
158.034 160.607 0.020566
158.034 160.708 0.020997
158.034 160.809 0.020512
158.034 160.91 0.020884
159.056 161.011 0.020757
159.056 161.112 0.020849
159.056 161.213 0.020832
159.056 161.317 0.02065
159.056 161.419 0.020674
159.056 161.519 0.020683
159.056 161.62 0.020796
159.056 161.721 0.020772
159.056 161.822 0.020644
160.076 161.923 0.020462
160.076 162.024 0.021856
160.076 162.125 0.020925
160.076 162.226 0.02124
160.076 162.327 0.020839
160.076 162.428 0.020537
160.076 162.529 0.020677
160.076 162.63 0.021009
160.076 162.731 0.020661
160.076 162.832 0.021657
161.097 162.933 0.020965
161.097 163.034 0.020898
161.097 163.134 0.02108
161.097 163.235 0.023127
161.097 163.336 0.021492
161.097 163.437 0.020586
161.097 163.538 0.02147
161.097 163.639 0.021113
162.118 163.741 0.020817
162.118 163.842 0.02081
162.118 163.944 0.020876
162.118 164.046 0.020815
162.118 164.147 0.022563
162.118 164.248 0.021233
162.118 164.349 0.02071
162.118 164.45 0.020954
162.118 164.551 0.021133
162.118 164.652 0.020628
163.141 164.753 0.020515
163.141 164.855 0.02104
163.141 164.956 0.020968
163.141 165.057 0.02118
163.141 165.161 0.020731
163.141 165.262 0.022215
163.141 165.363 0.021349
163.141 165.465 0.021043
163.141 165.566 0.020966
163.141 165.667 0.021004
164.161 165.769 0.020628
164.161 165.87 0.022254
164.161 165.971 0.020726
164.161 166.074 0.020594
164.161 166.176 0.021026
164.161 166.277 0.020674
164.161 166.378 0.02203
164.161 166.479 0.020567
164.161 166.58 0.020595
164.161 166.684 0.021203
164.161 166.785 0.021345
164.161 166.886 0.020377
164.161 166.988 0.021083
165.181 167.09 0.021827
165.181 167.191 0.020616
165.181 167.292 0.021143
165.181 167.394 0.020791
165.181 167.495 0.020699
165.181 167.598 0.020921
165.181 167.7 0.020769
165.181 167.801 0.021213
165.181 167.903 0.020698
166.202 168.004 0.02078
166.202 168.106 0.021167
166.202 168.209 0.021004
166.202 168.31 0.021095
166.202 168.411 0.020568
166.202 168.512 0.020696
166.202 168.613 0.020748
166.202 168.714 0.020976
167.224 168.815 0.020808
167.224 168.916 0.023296
167.224 169.017 0.021619
167.224 169.118 0.020887
167.224 169.221 0.021393
167.224 169.322 0.02048
167.224 169.424 0.021038
167.224 169.525 0.020893
167.224 169.626 0.021035
167.224 169.728 0.021122
167.224 169.828 0.021049
168.245 169.929 0.020426
168.245 170.031 0.020734
168.245 170.133 0.020805
168.245 170.234 0.021022
168.245 170.337 0.020632
168.245 170.438 0.02044
168.245 170.539 0.020659
168.245 170.641 0.020823
168.245 170.743 0.02096
169.266 170.844 0.020595
169.266 170.947 0.0212
169.266 171.048 0.020875
169.266 171.149 0.020793
169.266 171.25 0.020588
169.266 171.351 0.020532
169.266 171.452 0.020932
169.266 171.553 0.020966
169.266 171.654 0.020473
170.288 171.755 0.020873
170.288 171.857 0.020986
170.288 171.958 0.020957
170.288 172.059 0.02077
170.288 172.16 0.020558
170.288 172.261 0.020665
170.288 172.362 0.020478
170.288 172.464 0.020638
170.288 172.565 0.020984
171.308 172.666 0.02097
171.308 172.767 0.020997
171.308 172.868 0.021004
171.308 172.969 0.021112
171.308 173.07 0.020917
171.308 173.171 0.021002
171.308 173.272 0.021016
171.308 173.377 0.021804
171.308 173.478 0.020957
171.308 173.579 0.021417
171.308 173.68 0.021111
171.308 173.781 0.022547
171.308 173.882 0.021704
171.308 173.983 0.021055
171.308 174.084 0.021241
171.308 174.185 0.021185
171.308 174.286 0.021097
171.308 174.387 0.020908
171.308 174.488 0.021251
171.308 174.589 0.02132
171.308 174.69 0.021675
171.308 174.791 0.021268
171.308 174.892 0.021049
171.308 174.998 0.021148
171.308 175.099 0.021473
171.308 175.2 0.021343
171.308 175.301 0.021159
171.308 175.401 0.021609
171.308 175.502 0.021359
171.308 175.603 0.021091
171.308 175.704 0.022029
171.308 175.805 0.021336
171.308 175.906 0.021361
171.308 176.007 0.024052
171.308 176.108 0.021664
171.308 176.209 0.021131
171.308 176.31 0.021536
171.308 176.411 0.021441
171.308 176.512 0.021353
171.308 176.613 0.021512
171.308 176.714 0.021867
171.308 176.815 0.021467
171.308 176.92 0.020821
171.308 177.021 0.021309
171.308 177.122 0.020862
171.308 177.223 0.020921
171.308 177.324 0.020753
171.308 177.425 0.020915
171.308 177.526 0.021091
171.308 177.627 0.020949
171.308 177.728 0.020942
171.308 177.829 0.020651
171.308 177.93 0.020625
171.308 178.031 0.021569
171.308 178.132 0.020596
171.308 178.233 0.020593
171.308 178.334 0.020351
171.308 178.435 0.020568
171.308 178.536 0.020933
171.308 178.637 0.020464
172.33 178.738 0.02032
172.33 178.839 0.020896
172.33 178.94 0.020603
172.33 179.045 0.02101
172.33 179.146 0.020972
172.33 179.247 0.021274
172.33 179.348 0.020958
172.33 179.449 0.020849
172.33 179.55 0.022033
172.33 179.651 0.020881
176.861 179.753 0.020561
176.861 179.853 0.021172
176.861 179.955 0.020767
176.861 180.062 0.02071
176.861 180.163 0.020967
176.861 180.264 0.021132
176.861 180.365 0.021055
177.88 180.467 0.021162
177.88 180.568 0.021074
177.88 180.669 0.020864
177.88 180.77 0.020682
177.88 180.871 0.0217
177.88 180.973 0.021027
177.88 181.075 0.020881
177.88 181.177 0.021149
177.88 181.278 0.021061
177.88 181.379 0.020894
177.88 181.48 0.020918
177.88 181.581 0.021162
177.88 181.682 0.021151
177.88 181.783 0.02182
177.88 181.884 0.021047
178.9 181.985 0.020956
178.9 182.086 0.02144
178.9 182.187 0.02073
178.9 182.288 0.020893
178.9 182.389 0.021137
178.9 182.49 0.020999
178.9 182.592 0.0211
178.9 182.693 0.021134
178.9 182.794 0.021174
178.9 182.897 0.022038
179.921 182.998 0.021007
179.921 183.099 0.021377
179.921 183.2 0.021086
179.921 183.301 0.020621
179.921 183.402 0.020672
179.921 183.505 0.020588
179.921 183.606 0.020875
179.921 183.725 0.021046
179.921 183.826 0.022115
180.942 183.928 0.02176
180.942 184.034 0.020836
180.942 184.13 0.021087
180.942 184.23 0.020682
180.942 184.331 0.020726
180.942 184.438 0.021056
180.942 184.539 0.020996
180.942 184.657 0.020801
180.942 184.758 0.021066
181.961 184.859 0.020844
181.961 184.96 0.021225
181.961 185.061 0.020702
181.961 185.183 0.020663
181.961 185.286 0.022157
181.961 185.387 0.020821
181.961 185.488 0.020825
181.961 185.592 0.020719
181.961 185.693 0.020952
181.961 185.795 0.020881
181.961 185.896 0.020793
182.981 185.997 0.021085
182.981 186.098 0.021822
182.981 186.199 0.021031
182.981 186.3 0.021092
182.981 186.401 0.020858
182.981 186.502 0.020937
182.981 186.603 0.02134
182.981 186.704 0.021381
182.981 186.806 0.020982
182.981 186.907 0.020774
182.981 187.008 0.021353
182.981 187.109 0.020896
182.981 187.21 0.021728
182.981 187.311 0.021046
184.002 187.412 0.021151
184.002 187.513 0.021068
184.002 187.614 0.02113
184.002 187.716 0.020799
184.002 187.817 0.021369
184.002 187.918 0.021165
184.002 188.019 0.021076
185.022 188.12 0.021
185.022 188.221 0.021376
185.022 188.322 0.020807
185.022 188.423 0.020856
185.022 188.524 0.021027
185.022 188.625 0.020678
185.022 188.726 0.020747
185.022 188.827 0.020784
185.022 188.928 0.0225
185.022 189.03 0.021993
185.022 189.13 0.020738
185.022 189.231 0.021353
185.022 189.332 0.020709
186.043 189.433 0.020635
186.043 189.534 0.020981
186.043 189.636 0.021031
186.043 189.737 0.02114
186.043 189.838 0.021118
186.043 189.939 0.020893
186.043 190.04 0.021149
186.043 190.141 0.020692
186.043 190.242 0.020834
186.043 190.343 0.020956
186.043 190.444 0.020755
187.067 190.545 0.020681
187.067 190.647 0.020869
187.067 190.748 0.021017
187.067 190.849 0.020992
187.067 190.95 0.020991
187.067 191.051 0.020959
187.067 191.152 0.020826
187.067 191.264 0.020837
187.067 191.365 0.02069
187.067 191.469 0.020899
188.088 191.569 0.021186
188.088 191.67 0.021073
188.088 191.771 0.021002
188.088 191.873 0.021407
188.088 191.974 0.021148
188.088 192.075 0.021173
188.088 192.176 0.022381
188.088 192.277 0.021166
188.088 192.378 0.020529
188.088 192.48 0.020671
188.088 192.581 0.020429
189.111 192.682 0.020625
189.111 192.782 0.020929
189.111 192.883 0.020939
189.111 192.984 0.020779
189.111 193.086 0.021155
189.111 193.187 0.021063
189.111 193.365 0.020381
189.111 193.466 0.020695
189.111 193.567 0.02111
189.111 193.668 0.02088
190.134 193.769 0.021415
190.134 193.87 0.021105
190.134 193.971 0.020988
190.134 194.072 0.021372
190.134 194.173 0.02069
190.134 194.276 0.020543
190.134 194.383 0.02073
190.134 194.484 0.020681
190.134 194.585 0.02171
190.134 194.686 0.020645
190.134 194.787 0.020743
191.156 194.888 0.020749
191.156 194.989 0.020822
191.156 195.094 0.021002
191.156 195.195 0.021513
191.156 195.297 0.020979
191.156 195.405 0.021006
191.156 195.506 0.0214
192.183 195.611 0.021176
192.183 195.713 0.021198
192.183 195.814 0.020846
192.183 195.915 0.021741
192.183 196.017 0.021115
192.183 196.118 0.020635
192.183 196.224 0.021134
192.183 196.325 0.021916
192.183 196.427 0.02081
193.203 196.529 0.02081
193.203 196.63 0.020548
193.203 196.732 0.02046
193.203 196.833 0.020794
193.203 196.934 0.020948
193.203 197.035 0.020454
193.203 197.14 0.020713
193.203 197.243 0.020352
193.203 197.344 0.020905
194.226 197.446 0.020743
194.226 197.547 0.020801
194.226 197.648 0.020757
194.226 197.75 0.022295
194.226 197.851 0.020963
194.226 197.952 0.020804
195.249 198.054 0.0204
195.249 198.155 0.020813
195.249 198.256 0.021082
195.249 198.357 0.021171
195.249 198.459 0.020438
195.249 198.56 0.021133
195.249 198.661 0.021124
195.249 198.763 0.02118
195.249 198.864 0.021318
195.249 198.965 0.020957
195.249 199.067 0.021049
195.249 199.168 0.020818
195.249 199.269 0.021189
195.249 199.37 0.021501
195.249 199.472 0.020759
195.249 199.573 0.020935
195.249 199.674 0.021075
195.249 199.775 0.020415
195.249 199.877 0.020739
195.249 199.978 0.020992
195.249 200.079 0.020857
195.249 200.428 0.020436
195.249 200.529 0.020407
195.249 200.63 0.020958
195.249 200.731 0.020984
195.249 200.832 0.021061
195.249 200.933 0.021127
195.249 201.034 0.021954
195.249 201.136 0.021461
195.249 201.237 0.021052
195.249 201.338 0.021021
195.249 201.439 0.021192
195.249 201.54 0.021156
195.249 201.641 0.021016
195.249 201.742 0.020904
195.249 201.843 0.021027
195.249 201.944 0.021252
195.249 202.046 0.02166
195.249 202.147 0.021018
195.249 202.248 0.021244
195.249 202.349 0.02101
195.249 202.45 0.021087
195.249 202.551 0.020799
195.249 202.652 0.020855
195.249 202.753 0.021172
195.249 202.854 0.020991
195.249 202.955 0.0209
195.249 203.056 0.021168
195.249 203.157 0.020571
195.249 203.258 0.021014
195.249 203.359 0.021164
195.249 203.46 0.020989
195.249 203.561 0.021468
195.249 203.662 0.022002
195.249 203.765 0.021316
195.249 203.866 0.020483
195.249 203.967 0.020986
195.249 204.068 0.02128
195.249 204.169 0.020629
196.27 204.291 0.021373
196.27 204.392 0.020765
196.27 204.493 0.020374
196.27 204.594 0.020722
196.27 204.701 0.021132
196.27 204.803 0.020776
196.27 204.905 0.021081
196.27 205.006 0.021115
196.27 205.107 0.021051
196.27 205.209 0.021063
202.535 205.31 0.021353
202.535 205.411 0.020629
202.535 205.512 0.020941
202.535 205.613 0.020613
202.535 205.714 0.021019
202.535 205.816 0.020735
202.535 205.917 0.021372
202.535 206.018 0.020667
202.535 206.119 0.021693
202.535 206.22 0.021977
203.572 206.321 0.020785
203.572 206.425 0.020612
203.572 206.526 0.021409
203.572 206.627 0.020991
203.572 206.728 0.020783
203.572 206.829 0.020585
203.572 206.93 0.021106
203.572 207.032 0.020844
203.572 207.133 0.020879
203.572 207.233 0.020891
203.572 207.335 0.020726
203.572 207.436 0.020816
203.572 207.537 0.021009
203.572 207.638 0.020856
203.572 207.739 0.020972
203.572 207.84 0.02097
203.572 207.942 0.020843
203.572 208.042 0.020923
203.572 208.143 0.021107
203.572 208.245 0.02116
203.572 208.346 0.021297
203.572 208.447 0.021391
203.572 208.549 0.020834
203.572 208.65 0.02091
203.572 208.751 0.02082
203.572 208.852 0.021044
203.572 208.953 0.021172
203.572 209.054 0.021124
203.572 209.155 0.021167
203.572 209.256 0.021015
203.572 209.357 0.022708
203.572 209.458 0.020836
203.572 209.559 0.021251
203.572 209.66 0.020916
203.572 209.762 0.020798
203.572 209.863 0.021736
203.572 209.963 0.021679
203.572 210.065 0.021056
203.572 210.166 0.02126
203.572 210.267 0.021352
203.572 210.369 0.020951
203.572 210.47 0.02103
203.572 210.571 0.021135
203.572 210.672 0.020956
203.572 210.773 0.020857
203.572 210.874 0.02103
203.572 210.975 0.020875
203.572 211.076 0.021432
203.572 211.177 0.02116
203.572 211.278 0.020928
203.572 211.38 0.021365
203.572 211.485 0.021162
203.572 211.586 0.020957
203.572 211.689 0.021107
203.572 211.79 0.020751
203.572 211.891 0.0206
203.572 211.992 0.022144
203.572 212.093 0.020995
203.572 212.194 0.020424
203.572 212.295 0.021051
203.572 212.396 0.020797
203.572 212.497 0.020612
203.572 212.598 0.021773
204.594 212.699 0.021041
204.594 212.8 0.020899
204.594 212.901 0.021464
204.594 213.002 0.020787
204.594 213.104 0.020781
204.594 213.205 0.02116
211.621 213.306 0.020672
211.621 213.407 0.021087
211.621 213.508 0.021014
211.621 213.609 0.020912
211.621 213.71 0.020583
211.621 213.817 0.020844
211.621 213.918 0.021231
211.621 214.019 0.021308
211.621 214.121 0.021056
211.621 214.222 0.021102
211.621 214.323 0.02124
211.621 214.424 0.021156
211.621 214.525 0.020743
212.64 214.626 0.020641
212.64 214.727 0.021867
212.64 214.828 0.020981
212.64 214.929 0.020872
212.64 215.03 0.02081
212.64 215.131 0.021296
212.64 215.233 0.021863
212.64 215.334 0.021269
212.64 215.435 0.020849
212.64 215.536 0.021425
213.66 215.637 0.020728
213.66 215.74 0.020751
213.66 215.841 0.020927
213.66 215.942 0.020661
213.66 216.043 0.020766
213.66 216.144 0.021563
213.66 216.245 0.021087
213.66 216.346 0.021519
213.66 216.448 0.020776
214.68 216.548 0.020591
214.68 216.649 0.02077
214.68 216.75 0.021085
214.68 216.851 0.02058
214.68 216.952 0.021464
214.68 217.054 0.020883
214.68 217.155 0.021043
214.68 217.256 0.020519
214.68 217.357 0.021316
214.68 217.458 0.021206
214.68 217.56 0.02107
214.68 217.661 0.02215
214.68 217.762 0.021496
214.68 217.863 0.02055
214.68 217.964 0.021559
215.702 218.065 0.020982
215.702 218.166 0.020897
215.702 218.267 0.02098
215.702 218.368 0.021016
215.702 218.469 0.02225
215.702 218.571 0.020427
215.702 218.671 0.02123
215.702 218.772 0.021166
215.702 218.874 0.021079
216.722 218.978 0.020754
216.722 219.079 0.020725
216.722 219.18 0.020908
216.722 219.281 0.020777
216.722 219.382 0.021838
216.722 219.483 0.020618
216.722 219.584 0.021418
216.722 219.685 0.020616
216.722 219.786 0.021679
216.722 219.989 0.02111
216.722 220.092 0.020778
217.741 220.193 0.021039
217.741 220.294 0.021085
217.741 220.395 0.021009
217.741 220.498 0.021002
217.741 220.599 0.020934
217.741 220.7 0.021049
217.741 220.801 0.020679
217.741 220.902 0.020622
218.766 221.003 0.020727
218.766 221.104 0.020751
218.766 221.205 0.021075
218.766 221.306 0.021134
218.766 221.407 0.021759
218.766 221.508 0.021162
218.766 221.609 0.021062
218.766 221.71 0.021242
218.766 221.811 0.021055
218.766 221.912 0.020954
218.766 222.013 0.020848
218.766 222.115 0.021066
218.766 222.215 0.020917
218.766 222.316 0.020666
218.766 222.417 0.020855
218.766 222.522 0.02082
218.766 222.623 0.021427
218.766 222.724 0.021036
218.766 222.825 0.0213
218.766 222.927 0.021004
218.766 223.027 0.020979
218.766 223.128 0.020986
218.766 223.23 0.020824
218.766 223.33 0.020887
218.766 223.431 0.021037
218.766 223.532 0.020868
218.766 223.633 0.021007
218.766 223.734 0.020658
218.766 223.835 0.020986
218.766 223.936 0.020645
218.766 224.037 0.021011
218.766 224.138 0.020923
218.766 224.239 0.020809
218.766 224.34 0.020931
218.766 224.441 0.020917
218.766 224.543 0.021002
218.766 224.644 0.021021
218.766 224.745 0.020702
218.766 224.846 0.020859
218.766 224.947 0.021044
218.766 225.049 0.02072
218.766 225.15 0.020899
218.766 225.25 0.020973
218.766 225.352 0.021053
218.766 225.453 0.020844
218.766 225.554 0.020748
218.766 225.655 0.020777
218.766 225.756 0.021444
218.766 225.857 0.020732
218.766 225.958 0.020822
218.766 226.063 0.020792
218.766 226.165 0.020447
218.766 226.266 0.020795
218.766 226.367 0.021077
218.766 226.469 0.020891
218.766 226.57 0.021193
218.766 226.671 0.02087
218.766 226.772 0.021065
218.766 226.873 0.02078
218.766 226.974 0.021158
218.766 227.075 0.021329
218.766 227.176 0.020345
219.785 227.278 0.020862
219.785 227.379 0.020855
219.785 227.481 0.021007
219.785 227.582 0.021101
219.785 227.683 0.021666
219.785 227.784 0.020658
219.785 227.885 0.020865
219.785 227.986 0.020784
219.785 228.087 0.020829
219.785 228.188 0.02069
219.785 228.289 0.020714
219.785 228.391 0.020829
219.785 228.492 0.021209
219.785 228.593 0.021132
219.785 228.695 0.020841
219.785 228.796 0.020881
219.785 228.897 0.022156
219.785 228.998 0.020925
219.785 229.099 0.021733
219.785 229.2 0.020753
219.785 229.301 0.022118
219.785 229.402 0.020888
219.785 229.504 0.020833
219.785 229.605 0.020774
219.785 229.706 0.02103
219.785 229.808 0.020749
219.785 229.909 0.021044
219.785 230.01 0.020852
219.785 230.111 0.020834
219.785 230.212 0.021016
219.785 230.313 0.020751
219.785 230.414 0.020907
219.785 230.515 0.021033
219.785 230.618 0.020773
219.785 230.719 0.020987
219.785 230.82 0.020869
219.785 230.921 0.021699
219.785 231.022 0.020927
219.785 231.123 0.021129
219.785 231.224 0.021685
219.785 231.325 0.021967
219.785 231.426 0.020876
219.785 231.527 0.021392
219.785 231.63 0.021244
219.785 231.733 0.020953
219.785 231.834 0.023683
219.785 231.936 0.021883
219.785 232.041 0.02086
219.785 232.142 0.02103
219.785 232.243 0.022143
219.785 232.344 0.020892
219.785 232.445 0.021051
219.785 232.546 0.021222
219.785 232.647 0.0217
219.785 232.748 0.020549
219.785 232.85 0.020957
219.785 232.951 0.022121
219.785 233.052 0.02099
219.785 233.153 0.021007
219.785 233.254 0.021833
219.785 233.356 0.020811
219.785 233.457 0.020714
219.785 233.558 0.021004
219.785 233.659 0.020775
219.785 233.759 0.021075
219.785 233.861 0.020611
219.785 233.963 0.021153
219.785 234.064 0.021674
226.072 234.165 0.021082
226.072 234.266 0.020549
226.072 234.367 0.020595
226.072 234.468 0.020779
226.072 234.569 0.020378
226.072 234.67 0.020816
226.072 234.772 0.021121
226.072 234.873 0.020863
226.072 234.974 0.02087
226.072 235.077 0.020879
226.072 235.178 0.020638
232.576 235.279 0.020828
232.576 235.381 0.020941
232.576 235.482 0.020704
232.576 235.583 0.020813
232.576 235.684 0.021408
232.576 235.785 0.020956
232.576 235.886 0.020906
232.576 235.987 0.020418
232.576 236.089 0.020534
232.576 236.19 0.021821
232.576 236.291 0.02057
232.576 236.392 0.020442
233.598 236.514 0.020945
233.598 236.615 0.021008
233.598 236.717 0.021048
233.598 236.818 0.020375
233.598 236.919 0.020979
233.598 237.02 0.02038
234.618 237.121 0.020807
234.618 237.222 0.02076
234.618 237.323 0.020653
234.618 237.424 0.021543
234.618 237.525 0.020842
234.618 237.626 0.02148
234.618 237.727 0.021394
234.618 237.828 0.020922
234.618 237.929 0.021426
234.618 238.03 0.020926
234.618 238.131 0.020828
234.618 238.232 0.020969
234.618 238.333 0.020642
234.618 238.434 0.020495
234.618 238.556 0.02097
234.618 238.678 0.021143
234.618 238.801 0.021016
234.618 238.924 0.020863
234.618 239.046 0.020456
234.618 239.147 0.020839
234.618 239.248 0.020954
234.618 239.349 0.020775
234.618 239.45 0.021058
234.618 239.551 0.021419
234.618 239.653 0.021265
234.618 239.754 0.021696
234.618 239.855 0.021394
234.618 239.957 0.020813
234.618 240.058 0.02133
234.618 243.994 0.020748
234.618 244.095 0.021307
234.618 244.196 0.020945
234.618 244.297 0.020938
234.618 244.398 0.022123
234.618 244.499 0.020919
234.618 244.6 0.020907
234.618 244.701 0.022326
234.618 244.802 0.021242
234.618 244.903 0.021173
234.618 245.004 0.021057
234.618 245.126 0.021135
235.641 245.248 0.020976
235.641 245.35 0.021131
235.641 245.45 0.02129
235.641 245.551 0.021427
235.641 245.652 0.021355
235.641 245.753 0.022374
235.641 245.854 0.021116
235.641 245.955 0.021092
235.641 246.056 0.021666
235.641 246.157 0.021161
235.641 246.258 0.021079
235.641 246.359 0.021448
235.641 246.46 0.021076
235.641 246.561 0.02102
235.641 246.662 0.021223
235.641 246.763 0.021156
235.641 246.864 0.021486
235.641 246.965 0.021129
235.641 247.066 0.021018
235.641 247.167 0.021115
235.641 247.268 0.021125
235.641 247.369 0.021145
235.641 247.47 0.021153
235.641 247.571 0.021196
235.641 247.672 0.021301
235.641 247.773 0.021459
235.641 247.874 0.021128
235.641 247.975 0.021142
235.641 248.076 0.021331
235.641 248.225 0.021038
235.641 248.384 0.021438
235.641 248.485 0.02126
235.641 248.586 0.022316
235.641 248.687 0.022931
235.641 248.788 0.021288
235.641 248.889 0.021026
235.641 248.99 0.022113
235.641 249.091 0.021124
235.641 249.192 0.021321
235.641 249.293 0.021203
235.641 249.394 0.021825
235.641 249.495 0.021235
235.641 249.596 0.023754
235.641 249.697 0.021058
235.641 249.799 0.022897
235.641 249.9 0.023242
235.641 250.001 0.021177
235.641 250.103 0.022357
235.641 250.203 0.023379
235.641 250.305 0.020783
235.641 250.406 0.02113
235.641 250.507 0.02096
235.641 250.608 0.021051
235.641 250.709 0.021253
235.641 250.81 0.021554
235.641 250.912 0.020812
235.641 251.013 0.020817
235.641 251.114 0.021082
235.641 251.215 0.020434
235.641 251.316 0.020584
235.641 251.417 0.020739
235.641 251.519 0.020935
235.641 251.62 0.021109
235.641 251.721 0.020732
235.641 251.822 0.020945
235.641 251.923 0.020854
235.641 252.025 0.020535
235.641 252.126 0.020761
235.641 252.227 0.020722
235.641 252.328 0.021165
235.641 252.429 0.020792
243.994 252.532 0.020417
243.994 252.633 0.020572
243.994 252.735 0.021148
243.994 252.836 0.02069
243.994 252.937 0.021099
243.994 253.038 0.020977
243.994 253.139 0.020809
243.994 253.241 0.021351
243.994 253.342 0.021163
243.994 253.443 0.020959
243.994 253.544 0.021491
243.994 253.645 0.021319
243.994 253.747 0.021143
243.994 253.848 0.021031
243.994 253.949 0.020867
243.994 254.05 0.020737
243.994 254.152 0.021193
243.994 254.253 0.020989
243.994 254.354 0.021034
243.994 254.455 0.021198
243.994 254.557 0.021497
243.994 254.661 0.021048
243.994 254.763 0.020899
243.994 254.864 0.020938
243.994 254.965 0.021063
243.994 255.066 0.021042
243.994 255.168 0.020795
243.994 255.269 0.020969
243.994 255.37 0.02101
243.994 255.471 0.021515
243.994 255.573 0.020967
243.994 255.674 0.021064
243.994 255.775 0.020946
243.994 255.877 0.021007
243.994 255.978 0.020984
243.994 256.079 0.021384
243.994 256.18 0.020981
243.994 256.281 0.020664
243.994 256.383 0.021077
243.994 256.484 0.020893
243.994 256.585 0.021131
243.994 256.686 0.020887
243.994 256.787 0.021024
243.994 256.888 0.021095
243.994 256.989 0.021051
243.994 257.091 0.021013
243.994 257.192 0.021097
243.994 257.293 0.020964
243.994 257.394 0.021072
243.994 257.495 0.021069
243.994 257.596 0.021543
243.994 257.697 0.020695
243.994 257.801 0.020569
243.994 257.902 0.020463
243.994 258.004 0.020839
243.994 258.105 0.020917
243.994 258.206 0.022123
243.994 258.307 0.020743
243.994 258.409 0.021042
243.994 258.51 0.020839
243.994 258.611 0.020913
243.994 258.712 0.02109
251.1 258.813 0.020943
251.1 258.914 0.020777
251.1 259.015 0.021456
251.1 259.116 0.021143
251.1 259.223 0.020954
251.1 259.324 0.021236
251.1 259.424 0.020929
251.1 259.526 0.020992
251.1 259.627 0.021498
