95.8688 1.86499 0.026105 1.67954 0.174577
97.7611 0.268561 0.021161 0.108498 0.154728
98.7833 0.216161 0.022473 0.087328 0.125902
99.8077 0.193579 0.025515 0.076441 0.11376
100.834 0.170796 0.023633 0.059796 0.107198
101.859 0.169639 0.020379 0.058195 0.10867
102.916 0.17729 0.021972 0.060541 0.113939
104.059 0.174098 0.022298 0.06663 0.103547
105.083 0.180512 0.022945 0.07326 0.104267
106.106 0.173114 0.022824 0.069418 0.100901
107.13 0.168534 0.02174 0.070512 0.095092
108.202 0.27931 0.021061 0.069365 0.207005
109.224 0.254851 0.02108 0.068178 0.183907
110.246 0.249733 0.021009 0.066283 0.180725
111.276 0.24533 0.021349 0.063152 0.179431
112.3 1.22232 0.020655 0.067691 1.15193
113.544 0.244097 0.020204 0.066405 0.174976
114.565 0.240756 0.017554 0.064062 0.173982
115.584 0.245347 0.021543 0.059344 0.183285
116.606 0.232869 0.021138 0.060042 0.170058
117.629 0.235497 0.023737 0.064735 0.168126
118.653 0.234987 0.021981 0.055913 0.176393
119.678 6.60752 0.021243 0.05755 6.54718
126.308 5.94713 0.019177 0.061525 5.88296
132.275 8.87061 0.020175 0.097047 8.77088
141.167 8.02475 0.01865 0.110424 7.91166
149.212 7.77355 0.028085 0.082771 7.68814
157.014 0.916956 0.018424 0.132328 0.782028
158.034 0.86094 0.019747 0.070315 0.787963
159.056 0.228278 0.018842 0.059821 0.16579
160.076 0.225231 0.019535 0.05756 0.165031
161.097 0.223603 0.019671 0.057558 0.163446
162.118 0.743237 0.021903 0.056176 0.684415
163.141 0.233302 0.019061 0.056359 0.174247
164.161 0.718183 0.018817 0.057715 0.657839
165.181 0.255844 0.020831 0.05803 0.195178
166.202 0.224684 0.020356 0.05702 0.165033
167.224 0.215009 0.020353 0.05583 0.156577
168.245 0.664083 0.019153 0.05659 0.604892
169.266 0.635761 0.020825 0.055853 0.577266
170.288 0.659492 0.019542 0.058287 0.598559
171.308 0.214434 0.020654 0.058956 0.152867
172.33 4.51104 0.018635 0.058413 4.45001
176.861 0.141056 0.018517 0.062238 0.076166
177.88 0.137235 0.018526 0.057924 0.076615
178.9 0.136349 0.019824 0.058125 0.075574
179.921 0.13174 0.020281 0.055788 0.073184
180.942 0.136921 0.018467 0.05712 0.077153
181.961 0.134911 0.018441 0.058947 0.073294
182.981 0.131324 0.019545 0.056611 0.072126
184.002 0.132286 0.019897 0.056748 0.072883
185.022 0.132733 0.019296 0.055755 0.074315
186.043 0.134235 0.023816 0.056973 0.074598
187.067 0.131306 0.019088 0.055521 0.073145
188.088 0.132655 0.02179 0.056393 0.073625
189.111 0.132698 0.019614 0.056737 0.073311
190.134 0.136921 0.02063 0.056154 0.078126
191.156 0.133791 0.020786 0.057396 0.073766
192.183 0.137345 0.019417 0.055656 0.079028
193.203 0.138578 0.021418 0.057693 0.078097
194.226 0.133736 0.021 0.054471 0.07653
195.249 0.134758 0.020388 0.055432 0.07653
196.27 6.24167 0.02157 0.058869 6.17995
202.535 0.585553 0.01872 0.100506 0.482403
203.572 0.668404 0.02056 0.060012 0.605776
204.594 7.0054 0.020698 0.056592 6.94599
211.621 0.824078 0.017662 0.098355 0.723099
212.64 0.720881 0.018508 0.056553 0.661681
213.66 0.221513 0.018552 0.0566 0.162273
214.68 0.214499 0.020822 0.054299 0.157573
215.702 0.220102 0.018743 0.057254 0.160247
216.722 0.21904 0.018443 0.056235 0.160163
217.741 0.220498 0.020951 0.059371 0.158474
218.766 0.217756 0.01861 0.057941 0.157209
219.785 6.2674 0.018018 0.056154 6.20854
226.072 6.4828 0.019931 0.079362 6.40061
232.576 0.777399 0.020754 0.09266 0.682106
233.598 0.775786 0.018762 0.061497 0.711627
234.618 0.702184 0.018548 0.055039 0.644508
235.641 8.33169 0.019552 0.057839 8.27123
243.994 7.08606 0.019298 0.103742 6.97963
251.1 6.50351 0.019621 0.111014 6.38984
257.625 7.35512 0.018964 0.116154 7.23633
265 5.69795 0.02036 0.091802 5.60337
270.719 6.92993 0.018732 0.062443 6.86442
277.669 6.85371 0.020723 0.095247 6.75582
284.545 6.88341 0.021125 0.109904 6.77072
291.45 7.72421 0.018838 0.123253 7.5983
299.195 6.80633 0.019283 0.090061 6.71359
306.021 0.310795 0.018611 0.124806 0.183349
307.043 0.594353 0.019125 0.061591 0.530114
308.08 0.599127 0.020925 0.057473 0.539044
309.102 0.825333 0.021163 0.058014 0.76444
310.124 0.832502 0.020113 0.059278 0.770562
311.145 7.49545 0.019508 0.057892 7.43476
318.662 0.189517 0.018994 0.115059 0.071855
319.682 0.135717 0.019395 0.060417 0.072242
320.702 0.13255 0.01926 0.057185 0.072748
321.722 0.132965 0.019206 0.057707 0.072611
322.742 8.34473 0.022178 0.058008 8.28409
331.111 8.06567 0.018818 0.126761 7.93624
339.196 0.855383 0.021059 0.126518 0.726205
340.233 4.96859 0.01922 0.059306 4.90647
345.222 0.22673 0.024494 0.059521 0.164408
346.247 0.212179 0.019252 0.056102 0.153425
347.268 0.205604 0.018836 0.056805 0.146171
348.288 0.201796 0.020105 0.057923 0.141236
349.309 0.200029 0.022973 0.057836 0.139589
350.333 0.204962 0.020716 0.057807 0.144531
351.355 0.1961 0.020061 0.056882 0.13658
352.376 0.197303 0.020632 0.058035 0.136608
353.398 0.195308 0.017956 0.05568 0.13702
354.418 0.202453 0.019037 0.058891 0.14095
355.438 0.199716 0.019424 0.058034 0.138931
356.458 0.190875 0.018504 0.057669 0.130541
357.478 0.196224 0.019696 0.058398 0.135179
358.499 0.187457 0.018005 0.054677 0.130169
359.518 0.188203 0.018555 0.056339 0.129266
360.538 0.191214 0.018254 0.05536 0.133246
361.561 0.187424 0.018825 0.054 0.130798
362.581 0.190052 0.018091 0.057521 0.129873
363.603 0.188328 0.018224 0.053955 0.131732
364.622 0.190517 0.018274 0.056341 0.131562
365.641 0.188762 0.019252 0.053746 0.132412
366.662 0.191587 0.019065 0.058033 0.130916
367.682 0.186914 0.020594 0.053606 0.130666
368.704 0.195239 0.018452 0.059567 0.132949
369.723 0.195192 0.01948 0.056391 0.13614
370.744 0.196356 0.017865 0.057484 0.136225
371.763 0.197025 0.018393 0.055625 0.138772
372.955 0.202471 0.019221 0.057328 0.142454
373.976 0.203692 0.020205 0.057573 0.143504
374.997 0.202368 0.017824 0.05486 0.144836
376.017 0.221 0.018032 0.062585 0.155756
377.037 6.91553 0.018251 0.06098 6.85191
383.971 0.22453 0.018036 0.067539 0.154294
384.991 0.208768 0.020246 0.059752 0.146354
386.012 0.212913 0.017678 0.061132 0.149127
387.11 0.812704 0.019347 0.062634 0.747414
388.13 0.811553 0.019691 0.063618 0.745159
389.151 0.216633 0.019383 0.05862 0.155276
390.172 0.209187 0.019244 0.062961 0.143382
391.193 0.2076 0.019171 0.064543 0.140317
392.213 0.194663 0.021596 0.054293 0.137715
393.236 0.194723 0.020298 0.059925 0.132175
394.258 0.195329 0.018375 0.059406 0.1333
395.277 0.19941 0.017823 0.062988 0.133758
396.296 0.20063 0.018238 0.064294 0.133691
397.316 0.197477 0.019207 0.061308 0.133523
398.337 0.19889 0.019051 0.0646 0.131575
399.358 0.201229 0.019358 0.064004 0.134586
400.379 0.189376 0.020617 0.061222 0.12548
401.401 0.188896 0.016503 0.056514 0.129743
402.419 0.177305 0.01763 0.054101 0.120476
403.437 7.93701 0.017486 0.061711 7.87265
411.393 0.209024 0.016181 0.063486 0.142888
412.41 0.18443 0.017328 0.060629 0.121125
413.429 0.186583 0.019547 0.060016 0.123955
414.45 0.188172 0.017613 0.06106 0.124425
415.469 0.189565 0.020307 0.063591 0.12313
416.49 0.200479 0.020104 0.060768 0.137087
417.511 2.31551 0.03157 0.061887 2.2489
419.859 0.122952 0.017565 0.053063 0.067161
420.878 0.127826 0.019677 0.055296 0.069889
421.899 0.126148 0.021337 0.051753 0.071793
422.921 0.137395 0.022179 0.059443 0.075132
423.944 0.126104 0.019679 0.055697 0.067805
424.965 0.123696 0.018563 0.052259 0.068799
425.985 0.130052 0.019342 0.0573 0.070134
427.005 0.128237 0.019569 0.052275 0.071911
428.026 0.132113 0.024134 0.05771 0.071396
429.051 0.126354 0.018896 0.053629 0.069921
430.071 0.155047 0.033159 0.054689 0.09721
431.116 0.15353 0.031553 0.054631 0.096127
432.158 0.155411 0.020233 0.049829 0.102099
433.179 0.149162 0.019791 0.053435 0.092903
434.2 0.131757 0.018932 0.054439 0.074696
435.22 0.125484 0.017796 0.053129 0.069727
436.239 0.1326 0.019005 0.05717 0.072556
437.259 0.129305 0.020424 0.055238 0.071436
438.281 0.153033 0.030076 0.054812 0.09382
439.312 0.120428 0.017368 0.048819 0.06899
440.33 0.147283 0.028846 0.054631 0.090018
441.361 0.165733 0.026778 0.056114 0.105697
442.389 0.125862 0.018815 0.0551 0.068137
443.409 0.124632 0.017827 0.052945 0.069059
444.428 0.129403 0.019046 0.055933 0.070812
445.448 0.120005 0.018747 0.050741 0.066637
446.468 0.140067 0.020061 0.055013 0.082424
447.489 0.122818 0.017546 0.051624 0.068557
448.508 0.167166 0.032568 0.058043 0.104449
449.547 0.131507 0.01861 0.05612 0.072752
450.567 0.12982 0.018008 0.054744 0.072458
451.586 0.125265 0.017754 0.051562 0.071028
452.605 0.174936 0.030144 0.05841 0.111358
453.637 0.162574 0.027138 0.05105 0.106756
454.665 0.136325 0.017106 0.051266 0.082424
455.683 0.128109 0.017285 0.050416 0.075083
456.701 0.129072 0.017326 0.052818 0.073624
457.72 0.123058 0.018115 0.051205 0.069215
458.739 0.130169 0.019211 0.053528 0.074012
459.76 0.138577 0.027321 0.047177 0.086559
460.788 0.163113 0.026289 0.055592 0.104258
461.815 0.187152 0.031904 0.060101 0.121298
462.848 0.311848 0.027863 0.052686 0.254355
463.878 0.322443 0.028616 0.055288 0.263994
464.907 0.171745 0.026477 0.054034 0.112902
465.935 0.291006 0.030844 0.057074 0.230777
466.967 0.173663 0.027015 0.049439 0.117704
467.995 0.346863 0.032199 0.054731 0.287877
469.029 0.633769 0.029211 0.056544 0.5724
470.059 0.204268 0.024408 0.053126 0.148502
471.084 0.273273 0.031284 0.059773 0.209919
472.117 0.250211 0.025944 0.051817 0.193587
473.144 0.266952 0.029245 0.056943 0.20547
474.174 0.268699 0.026296 0.052039 0.211858
475.201 0.268586 0.030458 0.057789 0.20644
476.233 0.259026 0.031869 0.053345 0.201125
477.266 0.275339 0.029327 0.05996 0.210564
478.296 0.261373 0.029981 0.057862 0.198773
479.327 0.280501 0.031675 0.062944 0.211194
480.36 0.278323 0.034822 0.053541 0.219992
481.396 0.585119 0.031616 0.059383 0.520867
482.429 0.273495 0.033396 0.052815 0.215848
483.463 0.286641 0.028804 0.060785 0.220991
484.493 0.268649 0.025096 0.056522 0.208537
486.482 0.214705 0.01749 0.042458 0.169613
487.5 0.183285 0.018922 0.045338 0.135327
488.52 0.284036 0.030322 0.05854 0.220997
489.552 0.18667 0.020523 0.04267 0.141382
490.686 0.175017 0.021097 0.046029 0.126305
491.708 0.20797 0.026794 0.053792 0.151465
492.736 0.215327 0.017652 0.04812 0.164469
493.755 0.227554 0.024003 0.046501 0.178394
494.779 0.217417 0.018254 0.049087 0.165696
495.799 0.279895 0.027903 0.06054 0.21456
496.828 0.272852 0.025096 0.054525 0.213564
497.854 0.191402 0.019076 0.047031 0.141774
499.043 0.279256 0.025937 0.058631 0.217643
500.07 0.270499 0.025487 0.052488 0.21318
501.097 0.19936 0.020187 0.047797 0.14892
502.118 0.19317 0.01758 0.045001 0.14501
503.136 0.226084 0.021003 0.047287 0.1756
504.159 0.208003 0.020865 0.047655 0.157663
505.18 0.274163 0.02425 0.057552 0.212795
506.206 0.193099 0.019621 0.045326 0.145176
507.226 0.21594 0.021914 0.047416 0.165646
508.257 0.299504 0.031788 0.060142 0.234596
509.29 0.187869 0.019686 0.045426 0.139771
510.31 0.211598 0.0212 0.051657 0.157017
